1784315082
3861682137
4129880059
436900585
3129974674
1758421125
1622673627
1379053371
1787777681
3030341062
3371471565
2480259542
1527372964
2673824445
2749633081
704772973
4230304838
2840843713
3017401113
3451444272
117681119
3319777249
3265112643
1641169487
2094012754
1451536664
471979955
2363587072
1060485775
761135553
1720357087
4064722816
1045233297
1610138669
2470792267
415182430
2803818086
2925921681
2976934109
365869361
2469120255
108518663
445846695
3236430946
2293196064
866340659
2506543886
2926127480
410316414
104449987
2911471040
2203033955
361331858
3381530381
4028455639
4204798342
568651417
776350139
3749265540
531011164
2614178308
140171014
490694827
1819477164
557484194
3813665920
1758471796
3157577651
3302725981
2938652234
3480246449
1765212944
4266769072
3260345005
2003776621
3689656861
806959230
3166808395
1234930986
3561275404
4118822038
2543271282
3480568103
2757178843
3686325818
457244314
2336285088
1894613590
2158041707
2213234150
3284140594
1395647922
1994980466
343154444
1005419116
786697111
