3934419301
2642638812
3309847913
1941943848
1670514290
237011386
2228387869
3618268922
2048819498
3299710074
3677485548
2907544492
93994922
2423603172
3388092139
984645032
2923326114
3850124254
3725402195
1094180898
1100403152
2486859011
3638783597
2193447251
766784575
778608440
31155150
1255484226
3797898783
2773651886
3476837522
1749082075
2076931215
4066922885
2468681433
2947147955
3446112391
1747514226
522493876
2516967130
701977029
3909478921
2644992727
1716323844
1505402322
3109699164
1792861970
982858908
381024720
2010603122
40467196
2257504653
1256811932
1584461021
2145702037
1373064637
1236906694
476693452
3645020871
2292869812
476249618
1888155052
494897202
3597051122
3862231248
92922732
1738587517
3940606729
553300028
1292778204
1448420597
2432532139
3160439530
3381878417
2186226500
1277469184
2962534816
1819247203
99521248
3034295353
2015458975
3570609060
