3937540524
3200427779
718465702
702196405
960936787
3847536908
2536046030
1586699597
1824291470
486522342
2174666631
3728418001
3154402169
1025997420
593420036
192496292
3198921211
1871965002
658512164
1378894936
1559239368
1256335733
253309790
3180522047
673902483
3699076164
3350859014
1522397322
3094321602
639190137
868842140
1815288903
1982050965
1637813811
1203901113
327665435
2201461290
3741387535
1715119897
2055533194
2948180012
3550215777
2224276837
2039074726
71265351
861393770
1942400731
4128561619
3898196505
1989782045
904266456
511091582
903439974
235408708
4092258144
4059354972
802234215
2538934593
2711607866
2265816649
945346331
246105842
3780525934
1032142599
1103068414
2569318924
1587203076
2891255134
680244172
3232857734
1685177922
1156163299
3936338519
4035592895
1255972137
1235048936
3162024641
3361480288
2357344246
720423533
3536015201
2158382882
4206517317
2268754828
4084917430
1418132081
3094192942
1157363150
4124987888
2285603583
1441991843
2307574137
4282836462
1658984777
306307953
907616998
3122293688
1031489615
3877664851
1937705968
3048099045
1216825729
3470413816
587449210
2461313780
2734367454
3874050917
3334647144
455630579
1376736055
39118905
2349138726
2653605614
2837320451
3852519098
164403693
3738732596
898378201
2139800226
1799983909
1871710266
188016767
1485048467
832541523
954897583
2383591118
1971432017
805289488
3972560498
3740902662
157960321
3488759351
2479150065
100457677
736942339
1631969945
249788138
2797553293
4125641143
864736304
1909903998
615979106
3407608556
2651635327
1804142203
2486022259
2737061827
2470242494
3966404337
2341378612
846335755
2033110000
2943771070
4226710924
1881523442
4184772948
2970235990
1404581983
3590822946
2550537598
469020806
2192828716
4273988838
3182606513
3675173291
2469093151
3353953019
1733990655
3126256240
2746618794
2857701382
543058514
255474957
403997826
3455009980
3810580265
1587620918
3641975283
1347635018
3687673256
1465919924
4096993972
57805909
3195683953
3730113319
2342702238
946821424
201646407
1916303606
2352985207
102863400
2704607464
156737380
2275951485
2136762908
1490165093
4031117661
483032570
1280269698
833889442
1735154807
899299248
1037661058
1525022658
2361807604
2640882155
2663593080
2604699
691840180
513734285
621199280
1838068682
3997362771
2724216321
1987799211
1503763633
3073769227
3880417212
3232492824
2514427045
1505800248
1468554056
1446591861
2797379477
2672466598
3668677799
3928170914
178072743
4049424717
455611674
715787876
1088971601
4186568295
1085484372
3962931765
3038683953
2319469091
1459949127
2645556272
3256704683
2894798137
3257609482
2378761716
2696720471
1391876323
2054419774
2653952039
2000944271
2587014366
1296144988
455247486
386401433
2165889757
3122136356
3372888348
742468127
593387950
701094546
2879961609
527842272
586680347
990960821
43854077
3040883516
4205844821
3768775099
1853645835
3964212521
3829034837
810341975
1347192193
737646711
3619626392
858653482
2700458261
843360842
63026152
2067041881
2408525195
1593595871
1942689192
3072979263
3038820032