2578982599
1359962083
1203587933
3321136960
24734643
3019821363
929171494
3904816450
1591316703
1020438027
304300269
263467794
895899548
3571569006
1884523746
888874912
3683617345
4131557095
329976392
1071155446
3540906568
377736744
493479497
3697288578
203387684
3007575766
1943609153
4094847482
2955150313
74484255
2746444705
2373832047
3430967233
2223545015
2004674302
1287418430
1449790319
534949866
363457924
135663636
1782746989
1022148410
80439849
817187501
774140371
1302583722
3042227016
3104428434
1999197054
2331272360
1070253575
1923412733
2817339321
3225982581
1242890087
1389317873
1887011209
2663687070
4166822202
1488268289
4128755293
927361299
3458934003
1289202728
1561797590
3407066263
1999717475
4002468910
1337366421
3057660312
2376534210
1896844132
472926214
2838905654
2828240991
941189500
3723709981
3468068990
1812698648
4142140900
3743664597
1004074012
1607192204
3247121757
1630643753
1632714558
2565840130
1348967841
1328475763
280374868
424539870
931332142
1925019945
2845345843
1323306144
1027908724
2376549100
3036725218
2520616011
2934222513
937463046
3174118637
3204834217
3834079737
2361050135
4279129555
1795360934
1671681312
3456263471
2510902961
2263553750
1068974791
3181933919
3565827657
1753170618
3053125351
1903512612
2781554704
333348729
836887716
960092431
1901608336
993802203
954479056
619703044
507346046
3770345029
3288781363
3577377657
1089949957
31417760
541015361
3484114544
4245572749
733214254
1493700584
3379718033
848953236
3286355282
1041206460
3905773308
1140398661
3564048358
1443438456
2126627200
2064590315
52230256
662493324
3476757452
2984170899
1864861675
1591943003
2266248634
104767487
1719231613
1309400735
3605588632
3733575734
2855675451
1849200445
3137623566
58772546
610651711
3406190704
4247533611
3268188650
1216488268
4221038045
2699303821
3119476698
1725665867
672424432
1753925014
4250575419
1071877762
3780113184
1787184193
882216214
3805237235
773002163
510277678
598127522
270108710
704033466
3981808397
2765486627
543662234
4106475668
1306214553
1515247398
1868980509
2930209204
635175699
1586802654
3913485508
3008381008
2710005825
2962837019
4160297672
4260621293
341643981
2429731863
4152775343
2452324879
2538373281
3381724649
2813491760
1509941617
3071090985
2450240091
900081151
2881172863
1321236613
2175687092
4058701826
3073498292
3507143404
3224017007
978194232
1714171944
4043940900
20425822
3441073630
1883327409
4020361598
1122633002
19323712
253743066
3224169341
1533859821
4054837488
4187159577
3382178388
350033068
2631075566
1946227801
28309261
1003342939
3594806747
4051495170
2720533200
304780959
4274435915
2909437419
2389751191
1811625265
3119129606
2502509591
2698894265
252179777
4201366493
3479357651
3229276839
357186234
467359299
2314646134
3007700423
2602756014
1103155599
3066133808
224127047
1115467694
806522859
1210503910
3828472495
1521501289
3236067095
1041252710
1091119752
3836180583
3614469943
2512426130
2986362298
1618099839
784717929
811740757
594405631
735267991
1861614365
4027361360
2745345322
3511500531
470490776
569683168
3850888809
505104008
1451740620
2130081929
2761239519
1092479467
4122098711
2742203037
1542554131
1087711523
1599189421
3749863498
3793849195
4213214122
1461739029
2497309789
2177742032
2949946297
3373396724
2261985551
3807202374
3771456833
974402713
1581078295
2801858911
3536124625
3751961063
1100708764
2862819120
3641862198
479385993
2900159572
1697539498
1370976828
6432500
1126445505
1746689096
317368948
735893500
3196150526
2523655554
1684383912
3383283452
1375526973
3553086602
2481527716
4258231583
1551987464
2651980087
509505541
24163839
792802461
387905890
3035283094
355347056
2411276818
2529361280
3545047760
2338198601
4047681128
3917152856
134802025
745418360
2372866570
2333799490
3859584511
1253748304
1335005389
3713839304
1685581431
2727819587
809351502
1207532512
4025695501
2348173664
2790193288
246383149
3043580410
130337207
2018328001
824330615
932808858
2315426310
2018816669
3508904315
318931130
3004228331
2505927272
2667193720
611563985
437796458
2687541736
4010748268
542409026
4085921698
2566133521
4058448078
3191661485
4021272258
4194381724
1347438340
3401707997
2029864045
315488688
1285411284
413580402
1157967303
2282551396
4041233606
2975163423
1532043185
1138154426
2905795329
1531673691
4174599771