2773274748
367472702
2875196708
2460106587
2963713145
3106637103
1834124627
3201411710
2191054711
531399072
2153391543
3794532187
3431991977
3428812646
2110760570
2042629892
3087855666
3784553887
3507465763
2578443640
1403781145
920295442
4080594292
2460281629
1152373114
2436733011
3659526949
3518172593
3241706718
1105761316
3190474432
83550722
489231755
2344981583
2088349007
1050246949
2602123239
418458961
3652560305
2161815182
327332425
390593212
295242847
1681044326
3974605725
2911900750
2062451281
3736399426
685751410
1405163869
3937471619
721086874
3979067482
3286078955
2272822886
1597321469
2698157782
163205869
1143422016
1886049657
3581356804
723568517
1086118984
1206604982
3038720367
2437642274
45297055
3587585983
432574000
168325070
2316390279
1865905233
3574576948
1061968698
21878760
2003873162
194870819
823487644
2326610162
549185448
3862311583
1135437034
3556137521
3170909230
4128954533
1060403445
1325394288
2176459961
1129049898
65760542
1073823988
1647810667
994509669
1070103954
1890777735
3319086904
2093189164
1034330006
3418780946
4121166852
3127458391
2660722685
2356385139
3517483703
1802512423
2397787279
989622670
2735778302
2344414741
4280935145
690857540
1001202906
1930201711
2954250417
1491883569
1090779689
2731337719
3711773331
3645069158
1819877444
3109102134
2826509534
2095828776
2800569744
2065340979
806723804
261236917
3542111582
222088
1136410752
492391907
1275355204
1509574797
374431981
2579949397
1560627979
3506065280
1447470334
2037359806
1615524395
1472397137
1095186430
171223303
2146390902
3635712811
1520859359
4194754703
1376798689
2452894023
1723127123
1816801558
2106368722
41147300
3258364485
3850929861
1277244162
2416692687
481152165
2738880696
1364786822
2466620149
708705825
4137658381
3217661485
4058365038
612547823
3846769662
1684132918
1881573407
3295484492
3814523027
2476715710
1210559027
745913272
3468651332
4025037582
1815242280
372541635
1392257446
4154682106
4048552862
1530299547
1411182392
2923739183
868974758
3505803369
2623283776
4210269998
2922817346
3573580264
2365099206
2375966417
60062248
4280809178
1237639245
100197622
2335046963
4214403576
1436424055
1463821691
1911073399
2170209564
2861438643
1108992778
2366407678
2658277592
767158563
2638939807
4234988104
1696250134
3993929066
3866123878
1658891920
2929652594
2770874084
191808740
4016601599
3853001831
351565254
3132785932
615455258
1804364371
1541011135
466717072
1623211518
3637581960
3520962578
969171755
1379670731
3518852120
1882782998
125451398
4131589461
834020137
697406421
1556101325
3514083010
499420522
1799520321
1865868231
1019867251
142865602
923906459
4171014548
3731415193
1728299315
3181030044
2116083646
770557528
2487750853
1089266390
3616799254
887258418
4114627290
558283405
2820096607
816690873
867188549
765237032
1406739447
3437732450
2160389288
3427277831
2860463275
507745656
2951087319
2293434040
819094690
3507370424
3353408381
16093159
587004144
2820651045
3128627929
4017890408
2223321569
3668851002
1990632608
4137913590
3938360507
2405044652
1343848426
335365239
1882608982
2255506463
1379385556
3190182388
2260663350
4286644734
1816215107
960680245
3687123091
3056433175
3674917715
4103019480
575787742
1668823806
4143050512
1971106690
4044688008
1358415952
75005565
2631631000
1669614180
3419875455
4020615878
1029143495
3659175502
1260685794
2284525288
4033126500
3897864466
4156170258
3010031363
3143994750
4252950167
429862055
2826018187
3988809351
2469874909
746644586
2927973944
1859606597
880954792
1418298713
2266100183
2822725289
3403441484
2089315879
3041527562
1976608678
301590123