492773594
1298569968
3733533297
1150760380
3773792056
1716072020
1850015992
917981721
2794183987
3391021392
75677377
3880992958
2398188657
23176388
218144253
588364542
1853081585
2759481639
791870457
2051466428
1047122856
3303056616
3580626617
4179114783
3533794645
1485619386
387950615
2911814991
4041520644
1556812012
4036071957
1054092002
1128547459
115210073
2294896127
2395709201
1527189415
2179257367
3637746074
394159535
1692069199
1640121891
2787630220
3596346344
3912135725
1397461628
1899894613
2980305392
3494233970
3388006047
705798685
3581255325
1878390204
742996419
1634072997
