2190643707
1127432115
1663094592
2474309798
1138371574
2726597982
757620106
4064116755
684307528
1926317207
2965253274
35151658
3729977830
1940171916
4004800257
2424022511
320772418
1114789955
3275892760
3503997517
2689453753
4126386901
3432070799
4172924997
1011836763
3629816481
2248763336
1944861496
1036684820
1841434640
948278050
443375442
3991201384
872424123
1297535121
3525754893
2904415568
2132579575
1883123938
3433488363
1146750843
3596426740
560288949
184067936
1217301163
2420228402
1282331272
139261385
3443960099
405291240
2329389885
1426515303
1244764403
1018741750
2078019424
1994454668
3777130835
250329071
2176205145
2557651210
2936046508
147523986
1777444720
3983771876
904988044
125010573
4246255669
575339959
3792382108
3820798786
4088353796
477226544
2412457613
1291051886
2140135626
2785485410
845654313
2750650002
777943170
3463938433
972531260
2690563363
3695520442
3580848337
4165291623
2945849326
1669009368
322085142
3330844163
3915396960
3250044336
1537142338
1934916294
4147064249
252001429
1333022699
4114448246
3564347318
919165716
2473377064
2796727198
418023687
3663650318
4125610380
4170667876
963313286
3959521106
1126301477
2020759950
2855981781
331903194
3193938331
763964544
3823777277
3388042518
2473918488
1259583670
4071944694
2613047889
4210417158
4184776045
2145032042
912774729
3262961050
979010127
2398629061
634406851
521472027
3774748768
1914489759
4101595336
1378449359
2028634419
3471050585
444426385
865776411
1313539647
960614990
3803008964
1281844512
1335070876
1180136107
4227205932
1683796224
1652976709
44281487
825874446
1259759461
3108682071
2397994327
2071861178
3990218500
2461034827
400821591
2610074419
3268438441
3558666837
1131618670
797853005
1514581801
3139688495
1370021573
2855160343
1672999411
425011772
412507181
2154164238
1812329140
1625198074
3964789669
3368907264
3781096160
2910817073
2609223085
219811920
1754207217
1896029562
2411067913
4266096700
2564976491
3173128808
2803173256
1152066235
2517712231
2517493160
747261548
1861360120
3547506443
3821697365
1544906689
2304275572
126609984
2170189127
678869679
2375348622
430102380
922340792
621226120
3612394164
1657927076
2767823716
1814426880
1717222086
945662464
4114341753
339684870
1898121081
1978015076
2815097337
3930587742
364315952
454521768
361830539
327891923
1855205531
492587256
3397576886
671077447
1822279636
3352107759
1734509108
3075040851
1513346777
1847639894
1509889464
1670141444
1899488533
2967171461
404347466
1730571358
2126446672
484183221
127395801
3466777406
2520278880
345252956
496410686
826573894
3979209162
237554413
1425022642
916083349
2269679570
3355763835
3762615303
51325838
1657674537
3531276890
4039992593
902420454
2234290574
1732660083
281021812
173651259
3247819268
1279432622
2244995376
2595061831
3221505567
3144271685
1061016095
3760401130
4166892175
947096154
2987495079
409422513
3424907575
1974964932
1284986189
3554651314
1511369058
2469267280
151814171
868469962
272266635
1881048533
479560639
1387585973
1519154108
3097225633
3919972533
1550893123
3503946154
2938763045
4201335162
3188024649
2729552772
1982538211
2050332992
636373480
1292843525
1594597247
2255967994