1260695709
2215707007
4012108933
524219749
1171102304
2377288355
3388890170
2261752830
3170147116
1744203462
2725748831
2321673273
2079485560
128401175
3841463830
899124593
3681446782
1078912202
2617061784
449201065
4166921795
2004183245
282178978
1820989716
2663672961
3472726917
567775622
490589213
2494595262
4243418214
1458318491
3371834080
1660143303
2034757676
777622830
3451446989
4098322374
1180128672
1301721818
2847060536
1693953925
147755739
137618516
4246399751
1020822481
843621540
3993414326
3287411847
1522527310
4170830599
3218959109
662176461
3545234942
1538415856
2650629688
1721976493
1876348412
2423280701
545184588
2028739877
4111039709
1325696706
4032330309
511837680
1875571777
4059507992
498121634
2927885254
3001427868
3765433576
2742242166
4133551341
3632576933
2124962649
2550031106
3091633243
1559623875
1963376896
2272074559
1135263755
1919744700
4277666991
2770065796
3988597754
3090983439
637033175
1509055461
450399520
