1529392244
3598129996
521450126
3909315169
3907469093
1928572031
2956689943
1953163425
2235883327
3262808053
1163349976
2715703536
3266927289
210673877
667738740
3039447815
535344095
2465079207
3848548599
1826119647
3915559220
4121451037
1881343524
2868621038
1349603812
3932282981
325194657
224378592
3762587163
1463800077
2449364646
3599516791
1073173952
3144248758
3587985325
3733243647
1907501899
3892508525
730664566
1924723824
3008741805
3202461268
1523740846
3324994212
2829967286
1880670607
235959207
4109298741
1256259175
2020341675
335349932
3298692544
1822162240
1879460802
555782173
1822123013
3260022427
709760620
690858430
2929196716
1852233514
776000169
2385607584
204064976
2824711000
3143062626
2623452767
4273910874
640567040
1139953091
3359565471
4278618223
532340265
632044653
1270637614
2748188729
4246863306
2383232524
2400593964
2730167702
2219219260
1845294986
3490525312
51991067
175354499
2510870721
3709522545
3480291577
3769512761
2339482050
88163292
1341679569
3624769503
1031719446
3695474594
1509889152
2078771069
3425209277
725857507
1747673857
1286388517
2289993628
329208150
3989462303
1782419563
2206578580
1921608882
2013948089
2306021657
1419910846
3400904736
1555603291
3082031230
3410829693
2254396134
935280366
