1036889590
981813342
601479935
2242797145
4013433731
2462393798
3193938457
869701211
3618655729
374803892
3718222577
3726645355
4286358166
457331295
1864945086
1851880996
1422511453
4048908642
698233694
2866403727
1000315108
2281548727
496948340
152678623
1362389469
63126959
1657431863
2432311997
1896054520
3518568855
115564394
3499276222
3277842376
1579825098
1933702059
136571114
1760439702
2061251037
2921156176
3601864948
47851798
1093947554
2924835143
3198513186
2941571944
1243602984
3634740043
2977767708
478750741
1532727750
1871986356
2146887623
899190885
3906587505
1561300870
634602769
3197643203
2300848293
1700673891
1520546930
622140858
2374357053
4041214637
218601526
1236954337
1124791305
3228977443
3435538287
3707703684
3162089152
2924879491
809764463
3202091243
1847984477
2297712722
350001766
4294039145
1223322292
478857975
1203809178
4008803326
1824732392
2718042518
893173016
2622271551
2930022204
2210575118
235848696
343206174
136483223
2019247564
3412326383
2606767995
568794394
1196853117
1426722404
279457036
3649280129
2552560722
1219458411
882814231
1738827851
3864952902
637547549
1463194014
3996573194
984278698
1070936123
1919424724
3153126735
525811113
3267771703
714548868
2089330378
1996455607
1737342651
3615685711
3396702024
3266294614
2928334504
3137634634
