320909145
1141735270
3330506566
893870586
1790839861
946463075
169448622
1550015065
104853067
367436465
320281357
3853499012
1374419409
2905636986
1348667399
4111031552
4242274775
237963862
3829509987
156850334
1338391372
938533877
3647718796
1397287464
1468184898
3418355881
57236959
1846553501
3154480358
1408025113
64246822
2732087006
3655307656
3182159285
310934667
27171522
1439702263
35979176
1492433598
511160540
3307026295
434941935
435386791
2919268769
2289249164
1058498748
2599491624
4223401340
3700258035
1413959444
2982041838
1171114357
778515452
913398407
2832904292
1204798312
525906923
3100702967
2871250813
4126309156
3019658821
3967672279
2491134263
3380856923
2765144756
258185436
876949267
3457995807
2251458532
3880934421
2270032696
3654447588
2789494672
3133807330
226202748
470001104
550164653
972880642
3668819326
1996545747
3352046941
3037669145
473512696
2932740702
3962370298
2862580398
773154717
1037145749
3946922213
1773636538
179037149
1236408670
2491136218
2790322694
1533167795
4265499431
1752881889
554392385
2951321082
3747971989
1000679237
4059190897
2454256407
9852769
1058240114
3973867516
1629123032
2592182964
670468237
1903078337
2473626622
2931894196
3472572245
3946542836
