3427029685
3046217515
1820410320
263181012
2530755814
1658880238
754427865
4073387414
2082432150
1392966068
2203612201
3932551310
4080249751
145527292
3924506815
4085489431
416901715
3534645975
1629051649
975652000
2697284008
3354464889
3036049281
1559603726
4166149909
3197808146
1199023922
315379072
575228428
739914276
3245806043
2235002081
955327408
4225472497
3600801143
3388849614
1238208445
991252594
1217447915
3100120403
2195510271
4246111356
1478885654
3443569062
97190669
2849027929
2948927494
230343880
3515447894
3746942822
3132397851
3423888630
753675462
2859639425
582578785
1876540341
3731300441
2641664973
400691987
1693350535
3856639228
330529998
99596316
521193159
4239742387
3866769007
229745129
827263971
481557572
3356968480
3598938559
2692172590
132058506
1675872947
644240430
3087041960
3196796599
362993596
391997529
