3479744482
4014483706
624972958
360465431
542557689
2594229250
3722918300
447906443
340220202
444365008
1402685398
1518504190
2835564869
2525813594
2753363759
1459862194
602103956
1434566653
1797083184
773453183
3274568845
453615563
2635580084
3254295
1110835397
4069098695
2769198428
1029953799
3754885983
297301748
443059601
4017191052
1177402343
2449513617
1292396304
4278248347
2418405101
1354954621
1825051599
2153808341
1999611060
3241598798
665103763
4058980655
226274334
2697866364
3981601553
3632008664
2706005888
996073517
3500757224
2479077913
1766408391
2615663195
1379331579
2680517601
179384742
3432310094
2506858781
1906183598
3981540776
2862063907
1497702358
148561464
2941109985
2244089980
3969063059
1029396751
1395363047
193649558
1550496914
1734494785
512485812
1935987623
228276736
3966091983
3260141849
3436699976
2365915980
1350915335
21290910
2090901935
3437139615
873405058
638317536
3975626955
3807616648
2900281810