1213904415
1074106573
3320861112
2246991248
2551861144
3062454424
3878524319
868263002
37536716
266660250
346262804
2081379938
3585733696
4138024396
3863655005
2844729081
3455342000
464336330
1497366774
1565538846
3569279897
3932520576
370453167
826350510
3381324424
594420824
3548930384
3113244300
1138309647
226169220
904710428
4170893989
3478618441
2463069955
934230851
3627518786
1043336482
3389990309
2495367877
1166930708
3635060414
4044393569
1688043941
463835595
3369658190
530495554
2962805569
165913030
616007891
2411985747
3474514203
2026434902
2880261046
1747534236
281999586
1567348380
4015107987
1612415974
250585402
2228036605
3523217391
1196817133
1410646755
2685225946
1159007119
1487581601
369624528
3862322420
265439731
1189254317
3842217576
692071089
4006892361
3345972863
2510556713
3300156008
3741574174
4157814078
3791800020
2931441859
3261742950
643272127
3013087849
4109213983
1364931494
1271194740
1437652547
4075472688
3008420716
3524708675
2246534552
422194202
2721731737
1261743981
