579308270
1993529081
4292752971
922759468
3205010656
2569000044
184397194
214757658
580156412
1637134214
2683605761
2098605634
3764927637
3855986797
2351054231
3660931676
2658907934
3116025612
1820868589
3974167092
225016760
2396650941
2755686730
4046483988
2926348640
2901620490
3142389308
2806597590
910550536
2899930763
4038026796
1957111794
3135944046
3237111659
1262980303
3839671684
3753903778
1129310718
281246754
1222922897
3124147144
1726933618
2339362047
251951057
4147894880
2062016164
2937414656
444336697
1888429181
436607906
3804492743
1599198095
3385217233
4039132409
1445823149
4024607412
234938656
3964616193
4102431344
4144885899
3361417085
2782387612
3846716908
3021897538
425551662
250354142
23388166
3577566596
3940646739
1569921107
1700807681
3608300334
352424666
1493526247
1734191398
1311154028
3248840309
1642535512
2274537266
3716934146
2289916499
2223389871
2184306150
615570302
4185821932
3734331486
4070042652
507852944
1343415800
1699607881
3631188225
4013589352
539795745
2131736628
2400670878