689037917
4261334280
1401449004
1336706376
3612782889
2358097320
3897452614
1564244374
1424134906
2693728750
3028689079
2466821723
3529115863
1778869231
687374196
497546116
2157066737
916107155
3561943645
3814822240
4288060257
2298722062
733403609
3141062349
2798645146
2678516725
2105520664
1523300924
1883627177
2668266712
529452655
65733017
4194506141
3086801156
3621020863
135169660
3583520821
571649219
1011279116
962805514
1332495248
2023656844
1806818225
2705247582
4164613944
1695921932
3472506590
1591833890
2240057681
764327497
4187499387
223440945
741233833
3940631356
2627120328
3683285393
3495918008
193624044
1659074650
1517978773
2611748461
3721661024
2333725488
2585252676
1710024281
3511485165
3451086382
3854209470
607340460
3552127106
854944071
3166087914
473831511
4019828220
3554902074
3022245017
752393598
