3818851979
1609741056
3276953031
3836734230
1472725862
1303993917
761438381
1252967285
3665830805
780195617
2083562627
891924757
3909614235
3425511814
1335429656
2838849688
4055928394
4222316555
2258495392
4009027685
2750007156
4008254228
719993124
922373539
1461837231
3439393688
187257128
3660888686
240384995
3865747514
743540889
3138814795
3809134112
325367792
1907753068
476199476
1596442946
3842062045
1509590975
417109765
3433567580
944715297
3324993489
2791169131
1971102700
4203352940
651709376
3728176894
1633870072
160433128
2134149717
627495844
3762864251
1550643177
2803544277
1312123699
1367716596
1219854517
2510247675
1503193177
196372449
3832010897
2726511293
2095712685
3270409414
3040839162
2119547927
1599323982
3244675786
1481645591
514488427
3129650036
3510839088
144892414
1500421355
610556091
1807955916
3201591125
435203655
1285746857
1628712089
1429707095
2631055278
3624855100
1886608377
3741595607
1691136810
150039696
1953902153
4130824283
214440379
2973429709
2822802923
3470640378
445744412
1507997140
355855056
328662310
445723789
1364966252
1149206126
2587677451
54316595
1884921321
428524899
1180691556
2004073380
2109853820
2119259518
2015348636
2545448224
4282430824
392106282
2418832972
205350742
575331623
3955714811
800561761
626475234
843537677
1219816977
3200724091