1989942851
566614142
2861461833
1926234771
53811443
3613205157
1492219750
3681876673
3624764201
1902383682
1618555205
3331301966
670755148
33206374
4085658569
3760804080
1469428421
52414370
1593211857
2927732573
4214273525
652429208
3909699122
2859983803
4266473311
1687873296
3013670148
3981698746
1349228634
1013097735
570002493
1020161229
3193117594
2900657103
2289664984
1409044426
2598904110
1128937147
3874466563
1119093058
1956449419
2334961400
2521980188
1037523071
2533880758
4055107188
2594995801
1825000714
4181627834
272300588
4066706359
2498858644
1938103926
3663772602
777066251
2298685043
2078101937
1152112165
2231464211
4164570029
1877605905
2006198899
3706588989
3142092858
3610731586
61416001
3897724930
2767396831
2919659323
3447051522
1773310653
2497211504
2808897987
3132906734
4158774255
734443933
594531444
1590973808
1096674640
957271660
1882690110
56203799
876046579
707541673
3986868051
552849363
4192724379
3339034055
3871531711
1572859739
4293639405
1694522133
654195414
623645810
2682073293
119597402
4091145916
2127150392
1125718819
3177818835
4285429829
1602777532
3172464278
