3529352808
853357648
451346993
2491793772
710536851
3489374599
251845058
1368191149
223753745
3417723718
2038268623
3777474143
593443263
550467694
2739641718
3118409200
1342983077
3378336158
2008407134
1531846758
3837790232
2737221034
3822886354
1492644061
4011083828
314802137
4036567659
380201464
3655971909
2306661687
467110874
3680674703
1962908342
3460848985
3460189952
2781480782
3727830085
1569768174
2646203233
386846633
2602469500
4016618492
3946322506
3483800837
4114804558
3229329956
1267058845
3522061762
3830488315
1698016916
2235386572
1686060973
437860672
2928914804
1526705144
562559922
496787457
2361443759
2961559133
122986871
4203472202
1879184610
3542676303
147984426
554920272
4289778451
1125187316
496362808
1308094427
3547359996
116305389
2379902060
1363492212
207815288
692627290
3434312402
2574133510
942060227
1993911609
2086694002
413198378
967557737
3941294450
2844167944
3202884290
2601204303
1262072543
2681719153
1806415306
799675399
3617021262
1435593449
