2666744065
283594657
1371678695
3010502919
355224667
66430329
1710929427
1825126081
1904878022
3359899243
1338665429
3464473138
1464833135
994701784
1778595365
2647253838
505159103
2885904872
3144267961
1784276162
983928015
2203486980
84962410
2491060686
2733198476
3619802584
2945586726
312222963
136134582
3684505219
2054223670
2589721891
1120553733
206302825
1607505907
2512007550
4263555782
3115366986
1618215659
1404553758
555652585
1737785940
226798270
4209510484
899615696
2749021215
993173432
3316166885
2252821955
2453974605
150803895
1553791871
94689850
1229973339
569692882
4082677185
3212541080
3110908195
1917837344
1647987629
