245716589
2140805166
3066759930
2214402766
2925935527
3728712921
3532883702
1402367124
618894075
4040417603
1189192882
3674788785
2867193877
2112807222
1351138097
1657399936
303754776
1758109576
1868074404
3352469568
932293781
417311857
1954035411
3973820088
1034338712
893230425
172406068
3820162583
3736359249
445383249
754990135
1150009580
2231408795
1558591573
2781510398
3652133129
3913205766
741740034
4055542207
2683944259
2206521759
1992642654
3646012827
1048179763
265281459
3656860060
3804004637
1669731493
1011462109
2236304205
1876437048
1610325717
3856506819
2682125950
3267578693
2702953147
4152553915
1216293965
683922063
3984025878
2538732803
2095001785
276959752
1273690685
1333380075
3827507124
1620457595
1374687276
784175919
4149892308
112939972
817639551
3389117344
2499412857
3845099946
806234061
3308612663
3906487959
474736324
537024876
880226137
2769750366
1338663307
1069409224
929171938
1097725410
3189999191
2913410868
3269912899
970148878
31248378
3841912252
2981722706
445162061
46360663
3367505978
1571444542
3763130493
