3465880203
794584283
3883415655
4019884046
1610673282
1803830522
2926775316
2025184700
1671497365
3461330894
583082979
3119753325
554858558
1102027667
3456680465
4086680722
2578805011
1911271440
384647662
3014270487
1154530608
163320605
953150563
4249593497
306593461
1941171382
1314171136
1804221034
267755557
4625328
3105888524
1311381889
2289174480
437747296
4098994286
3714271214
1671107516
3641778755
824734998
185811698
1959363508
2683226492
1873774310
3797739208
3109853122
518913248
1580273988
2203316229
354011145
2784565521
568812136
4243473886
4240785168
3126577436
2617184368
2009929065
724601424
1358155880
2564219759
788129827
3943371317
2680116423
3878958603
3015923583
194309700
3172170925
3694631438
1389739409
1382194665
2249590308
3596078314
3020972396
2074927918
1223140376
1815074074
3869796163
3677190948
2587243337
2518977153
3025536674
3914109405
2353063645
2137703994
569647983
740493055
4057778227
244101439
2166709029
1533811200
3558901493
2808542198
3668713182
4213955232
2122248612
1346207170
3321838010
1239132338
2238321654
1727208133
191197444
370580262
3695342606
2832892286
3366422406
4238084213
275582640
3398867032
509797313
4101114091
337916664
777815280
3756569246
3785136795
1381575259
681775598
3693122778
768685663
502171372
3814506180
3186065284
1692833189
1689090553
3645178303
4240848501
2038865293
97750582
2559188726
106802269
3574125045
2589961025
3037893340
3508543764
1256201856
3210295669
1839011057
127617585