3051778642
4081394124
513734411
953567687
350712502
4005199899
1840237922
614326713
2429354542
3242120007
1522478881
3087253417
1569861292
3293956574
1020726629
2470220392
3054469163
1611424853
2540728492
1859216478
1118559756
176913256
2123839366
3375185494
1800795845
25363387
1642606159
3007713261
1398912502
1791552977
1600651716
3337883689
2124736399
3630999089
1007181548
2922391463
954034652
2070075357
2279833049
3052181830
1378347541
375500220
1221493538
2958819275
3899358878
1280435383
272794146
2041344333
229901085
3085580969
2147060365
3329900044
2102567023
2246797159
235764356
972366542
1586973929
1248887852
3005383407
344319339
1136710072
2684454734
745178628
789751996
415599256
2379712632
4150310010
374875411
2744875809
3167427199
1394348031
3629968871
888786903
145736747
3859298792
4008898562
3232230041
3595947151
3256083863
1314071828
3261142875
1059273376
2803436449
2942683020
2649428503
4017680324
396948639
2047597861
1736116121
1298386484
2947293562
112581221
3121847186
1453548764
3375492509
2756971516
1776236008
2173289600
2173959270
1551941685
2743521827
2122819608
3334233137
4160700815
2112029621
3725310035
1739021834
3674262453
308531736
3038889168
2714579850
3852378588
339625471
3958450611
3024106394
2647510433
442925028
1971756571
1660900407
1010106916
3860603465
2920534457
3258979282
1375967625
856642979
3495677261
2418399111
551234761
2609759637
1008449551
2401468125
2663809975
3549675135
110756126
2265826143
2014258805
2533917401
468492927
2141370180
3239699241
3049701852
3630863790
2255121071
2639593880
1963916221
148870667
836537615
3633672458
3191739418
1646976792
814127472
2534134261
598250855
681281230
3896809253