1856242109
2918705412
3130755350
962933022
4274500577
3037951578
1873082666
3994499992
3188548802
3276961386
1421686505
1620438990
883610708
2265366787
280123047
3137917944
3756830412
888964540
2733537244
3554661908
400772605
718239127
998082627
4076996734
3437878187
647751465
4134409746
3472225599
100393603
2926452419
161346281
1243496463
415844317
3173734133
764227737
750565905
3286493788
1320954391
3215467416
1201541216
170656056
3650970353
2955471392
2141503263
3665011796
2595704430
2601982391
3245757325
2625806304
2148418431
1443662513
1218471959
2442378661
3136883577
1187751412
3360712438
3822027155
4031362099
925565142
1283019501
3527159733
88948520
1720268917
1907297030
3082987342
2462072633
519587195
47812712
437863587
32974489
3186212691
3928531817
2592246097
2497147230
4261499420
745824048
1826764962
1924844521
431150318
2099741691
2079166703
4240679785
979222057
3306216629
3590440497
1551243345
2409123238
203751812
307735918
1376093867
1140680261
4157192214
4285853059
4247998464
3622253895
2999846075
1912283827
1549119505
3236071567
2808911950
3543683403
3637842890
2659807123
669149444
2261638827
383746310
1551529878
3480732192
1657717556
2613478804
3511768795
620642589
2041351953
3613415857
2223339509
691637194
1006892454
1883334891
579721040
2436508598
3872652977
1056891890
1888837750
2609124174
3824092787
1513115656
381108203
2798184802
230858912
3823764303
2955458657
234068221
1937864938
3192401525
1451770339
2900174838
1755670867
2577546660
1791937708
2587875512
445793784
2612849917
347644103
2266120800
3327739703
3972600850
2355815272
1272520720
4197843220
2563485251
131871448
960980125
2710733984
3858873
688604868
2803377844
3757354608
1991002521
3361861466
713334277
2205454175
2440442258
33747233
1829417802
978801738
1487146130
3888067994
2477453165
17322294
524162953
1629746559
3586390962
1342253192
1631035054
684774977
3884303173
4282147366
1031450496
1920739675
880447543
4287523621
1807913748
612457539
3343707662
548604327
2403960792
379887672
867614337
3917736671
525204143
3145677989
197091555
415330363
3173967253
2316717109
690369345
3259645278
4106667151
3412661603
2099347013
3866204233
2087073079
2076132117
1611680692
436649749
246640854
2322789570
47571474
2861220097
3529659886
4134667083
4086367818
166389613
2761922311
2925062313
4058186416
1490242436
2382573536
584638792
2253855673
1542497702
2845434926
1334769133
693184258
4204971880
1857008297
1097506905
4071718203
3447087188
3068560787
3525367356
1669679632
3949345237
2533576885
2068091261
2248097551
1168022480
3078091620
76057669
3207871133