2378263281
355150041
793797723
945849251
3281086037
495480089
3360789524
2426712624
3400942381
1764856687
3237852278
501144373
1313712546
1534045578
621676942
2953321122
490863518
2677298554
1497734021
3231675041
2382346492
3197727096
452298963
3337829146
4263711934
2824547969
965023719
3098679368
1600234656
121863092
323071492
3216751844
3071166602
2841331847
2785665165
51420442
846158768
496612043
501090989
557082803
2880309420
3594027408
2090498697
978251658
2394470359
1360184120
2904175754
3884623326
2488107417
747434332
274745129
3316020966
667365388
3112396495
2124714509
835001553
2935363504
463795196
206359602
687363889
1364096212
3329817166
2235674442
456643264
2733382163
1716396411
2285543687
2400892436
4065452737
1257375140
2304519917
1802646103
1995356964
269410126
232815361
73589697
3468886037
252030362
1739722792
2914970728
3324024721
1305660058
3381890759
1107451708
2184835878
761973978
454140543
2615112843
2152251063
2661962270
975728830
1277325859
3862685572
946506341
3691408005
3929148243
1466126610
206539383
4086986458
3461384144
1842580812
569657906
4216066759
408793880
292660376
3824527325
1696795867
3050254699
1203084910
953503145
3180345016
3126383927
1557150871
2848903238
3817448922
96499677
1351798656
1910373274
629539153
1570878471
3367640786
3944217533
1559741278
1882975154
164264115
3541243110
3175495820
3601734844
1281276147
374431937
3395048318
368937303
48441792
126329693
1674601820
2631420998
3527088454
1541508360
2267337506
107023796
3366600476
1684340744
4061712925
3126509110
3453951547
146685136
2568063489
1829349342
1813722101
822372150
2742673490
1360183018
2949339459
2265429315
2162546340
3551018619
1521410987
2541077600
219663795
3617359663
2893998956
1638150729
766971068
979071015
1669985772
167243565
2653143045
2983639167
3737058321
3694934960
926306172
2709756198
1143524671
3062073664
3975563319
367080114
3286425119
1321783366
368063387
3311537649
2408346805
1232572864
1065249522
1408060470
2274729681
1943117388
2066325489
451747001
4211365289
721510948
449033711
331511963
2318220565
585463248
3017700089
4045385882
3922843952
272785636
2179293911
4261797469
3447979299
1888240185
3336137573
2362068474
4124427899
1147842850
1748636312
4160300676
1783815949
2833047838
179895293
2248874671
2394335758
27340243
2651908051
822685216
2622988538
1577150957
2484133042
4059535056
2903664080
1401421520
2302905777
817075948
2169562572
3322713417
54455752
2377691811
2641794225
29243634
1436106155
4172910510
599137535
3176491940
3548852822
1027162635
1073758159
3239791692
1086036540
274459308
433164033
745849189
522226814
418995602
2246408962
2940078023
3167331433
1509282606
2654477779
2670967746
3440460581
6512161
357573576
3203398079
1542551383
3058074945
3212791107
3800338457
3599666546
2039112170
3877245264
2151308888
963340110
3142132435
2719288920
2921651829
3161332810
2787097007
2252556792
1749929077
1361892483
3554010910
1525972303
1064636752
921712317
4216117139
4221912684
570117528
935522631
3236736130
4281845204
3251310077
876675708
1676983695
473580573
2625085505
1808642631
107012316
907135400
3755702132
3041823037
1958628451
2489069231
4125731840
3500629761
2058864997
4280684790
1765565858
2738362139
1936731622
1523575350
3703960184
548854938
2926987651
596650842
2973160855
3038693953
1333418507
1759906707
1874995823
2558220584
937323338
2534624155
3932249223
1083898472
1340498006
1259087575
1579912572
1122715085
2735446849
2816355997
96295239
2062150066
3817133780
1899055680
2724689076
2270077490
3198239861
2716023680
4124955746
2696628380
1766386409
473312294
1959509320
1101724400
3723788297
1400656527
2378773741
162407633
1679166803