3449251986
3243532266
1642161918
3812817175
934980694
111268627
735186507
1095838001
487449767
2654230786
2436514780
1787013677
2900109185
3278366934
3094722545
3641449877
2201457382
3307900425
2083494680
798898249
880409206
3166067336
2512816192
2051819915
1381315069
4175173412
3267085966
3457788832
4267690131
1632133964
2927774496
930300253
3778365468
2720602110
2671138931
221095303
455008820
4261281617
2960446255
1763712313
3385348636
1088472016
3681468443
3108394542
1283374571
3826160829
3143986216
1595591233
3360577320
1874589449
3953825893
2412451523
3137165237
2563341334
4251441196
3546037454
4050056308
4120616871
1118848253
4213222111
2950099064
1528246830
3715766446
1611210643
553062484
1068394463
978585218
1724210472
3388937431
1549490545
78468041
2352728525
3591061034
2037201266
1535218601
2984661085
4062528193
1885784419
1287356396
3478217524
214165091
1922023064
1279939601
1993039033
2584697387
1669744462
1371104008
1255683400
3440281127
2134984993
3303637189
2945977035
1437165275
3864527927
110719744
4099587119
1584158946
2209561947
3361504252
4251219049
1860620132
1648565776
3764614033
3654100179
1444290821
2070701453
3570560793
3504530356
2201102509
1730193818
