1129802593
3153566213
3555401741
969692791
1550320795
1756546066
3776146768
1529879115
951112841
2969738031
3115322770
3638506242
39522779
887285684
3015229190
2200244525
2196994395
3507762858
3070728384
3042874436
607174058
4165857573
4072993578
381781351
3782666517
580500114
1218690450
4182378475
242858504
592353618
3722569272
2882068427
25095430
2757184537
1810928264
3980891182
2700927985
1127295044
3707303516
1876892404
1520120583
3733021496
3497313334
2468935260
2679941589
766973425
2446587688
1217812594
399664966
4206500761
3888451946
4080574922
4090387592
226631053
4283763543
3636633943
1889699157
3625147745
2807418556
1296995530
2204089023
3526434605
2773747701
2802373706
2838285454
587577114
3057487509
3438435802
813428922
3625911050
1185071159
379522334
2301797394
4276823650
2416825376
2586003516
953872245
970396146
3579794634
179898649
1917082761
3484855548
2890630775
401269292
2013181334
928689047
3439937531
2105034053
2428702571
4032374515
3716910116
12052959
1860970096
2307968123
1033866918
1179279115
2057341183
1691896720
109639981
4134607435
2547490661
451365107
3278901871
1380298101
3240601298
2328618549
1705250541
3572708700
1103731944
458405688
3855979619
2818370222
616376282
3279710135
1117498320
2253419342
3079208508
