3598797049
2467394618
2896314710
3426039339
1107590051
3094372166
669248713
573494344
3584158488
126679993
3652159930
3276049332
603316534
2279052006
1739579550
1953889986
780334213
1944531983
368549229
2100757204
1196562177
19112884
3470033592
1047828892
2557761723
1420060800
342331392
2350253355
1502533359
4258808447
886107205
3658307676
3316284792
1335546135
316914336
2264625150
203033810
3332440086
1335139646
3559881337
3840343818
379223301
1800079237
996288414
3551089891
2905485386
3510475334
3231734974
3394837700
605254543
3675868125
2334262580
1397683004
3325357670
148903056
538340821
1527648052
1603382662
1112303654
2587698489
3921999770
2195825108
3861170406
3591259347
2612683319
3401829805
2591912269
376312286
2219104832
3473246542
171521374
80878675
1937365351
1343384568
2381218176
4216129800
2639345976
1592601495
1628939386
4015640584
3846818901
450151850
1671919635
2582681469
2673114851
1460717095
1045762625
1775869487
3717673952
2376472755
3726746771
1076499276
4169529881
3088648771
4131644772
1919935750
3713329553
421040413
2386870651
1135438561
1716973035
1272809128
1914925160
153309774
1915858319
334870228
1269472398
2179674699
3771723354
1306456500
3748760293
1576737178
768458955
3473538393
2906545883
3469794520
3314845256
3647452757
3443661915
576713168
4035248253
2055770996
