3410330673
1631152628
1648914728
1316335316
1689666066
285958134
4222203002
962914721
1033086408
2585530803
2661886762
304705945
3458729359
2427863400
2954193122
4269300022
1689040700
506427865
3071376618
1273917248
1547348403
2599922084
205204770
3016007755
3811779883
2579358642
2388714607
1150174232
2682629892
2329791863
2677071662
1370055076
2113182101
3609557430
2447624015
433999663
3739173304
4201417229
3583021969
1297883940
1731117643
2431829030
285711427
1258478581
21236645
1468282122
3181253397
2816239613
2079125472
1973447396
1692952570
2185960135
168231108
2500644319
3650975641
3306378132
2521612043
1358598670
3429317079
751375329
3304496765
3462354325
3144711096
278270160
3418685099
3757228044
2941691715
