1146365080
1091388399
1459580915
1726476839
2036579308
97274864
3196874441
3059464583
1660115124
1199433667
2458277202
2059456713
234590897
2348097218
2922550076
513237222
2720758925
858276647
4187555360
1155586686
2928488948
358207762
595367050
3451764318
1578979303
2217850425
2224809584
1689250326
4202137829
2919996327
1151688538
3929524071
3578538072
436671443
4120194150
3423727397
2138044422
1751980748
3509935473
1808113060
2269317051
2992436771
2444941462
1360363795
3046105462
3258713866
64411613
3904834516
1334918345
1912696392
272973401
120138664
3975494547
2109433949
1542208197
2415058609
4001058908
869850104
2482798565
1419056179
4283866312
2808062352
533757360
2627196464
935177290
2550673223
3297385512
403541935
603470405
1951089265
515910953
1876585812
3775384375
1890013591
2402918363
1950125274
3654853905
2203275896
78112458
4242734212
3155433899
2084619859
2150451498
3457576530
753331877
2789147815
3891229836
1148841802
3243294727
57465712
3548293596
3290263102
3704762155
893229658
4209917918
306366236
482033859
3952773588
3913676096
463732987
2622711678
380650624
4158615863
804964023
1372282846
95357179
132092539
1746908670
2406626389
2733558413
3076109797
916244329
688919603
1635169572
198163674
1766286100
1085222685
1082451273
3546871217
3997716843
2336161
2503993216
244835028
786503227
1420482266
613998808
3594623341
3197904557
2943112501
489226292
2739511560
782016796
1769961416
2730858291
3656922733
1765904061
2945555734
2669580120
1057179736
766663983
3714739479
897669070
2460826358
734019540
1122473210
4190053803
2856209236
2530286287
1880377934
2118455393
723404579
2186229063
657677157
3915586643
57410570
1205189932
390050610
3114262439
996750016
2190705841
3372207098
2802427563
2578339828
256627380
1344798439
3274265903
1385524030
241543886
2712419149
4202577801
1198315180
568294097
591362169
1267183115
1930533737
4063262281
3675191853
2726720258
2501728630
2264586696
3299534762
1966539632
837518949
1020611245
2672966376
3011357295
4294460259
700819612
4278141395
3517009182
1697994585
168952950
3388534832
1089693412
2118722054
3262087028
605544460
2851128780
3799116557
1777661170
2261207746
2162709372
4062247893
592380108
1766460241
430932512
695828625
1338030281
3801842561
3170401187
815296112
1498453905
3723159313
1334967582
1452382291
4242398785
84445716
3002327965
3654230921
1796975427
107221743
1819281251
308304096
396424164
840605363
4228498604
3784681672
3621298991
877327661
782746880
1564277747
3776884407
2835375576
1710995501
1800295855
4046671972
1425680105
3151308658
2334116408
2960166078
3317923807
851241611
258608012
2487024517
1032079160
352775579
3962136717
2895495735
702795984
40637265
3167814149
1530685618
3061386211
4196937495
3908460746
1546831607
2710961127
1997723561
2557093185
2099097362
789100390
1637821504
1807633290
3581066694
3119458416
1818708076
2581533595
2492871646
3500230175
2775292918
3074858998
2396657217
1862459540
4120975562
3718531833
3907596990
1295627896
2812089955
2905230446
3226999206
3570397739
108493742