4292883650
3785102501
186207287
771136398
1624468211
1421270188
2931172983
4250440158
1895253548
2025452332
3809595600
718444097
258433007
2219537763
3720328917
2309899368
3120743320
2815665716
1709903868
2766099529
750576194
3105891223
2413230275
1610423208
444179099
63162549
2080573010
2145493030
3428843812
1758861304
1431527053
930811459
1885222091
3295755860
2958212004
653671357
3269120843
1029258111
1146979235
475454493
721276006
1550285912
1258293696
1358138087
587864081
2154678575
3814301337
1462882875
3344556703
196245341
1802173915
2021118396
1303091147
2171053277
1172280444
671579514
2503533928
188294092
3574793346
1714636012
3173125396
1818786838
2909085689
3035131631
2191112501
1466024999
77915852
1456273258
4028306371
1064205077
316543283
1753245131
923999416
1434636809
3783057148
224392662
2491364383
2789298095
1746267523
1995028895
3333347638
31172516
2867446502
907265811
3550177124
1505604628
