2486209170
3558743171
4042641844
301950281
2165990548
3151552121
2619169092
744686162
904417963
1957344861
630214190
931537723
176352036
1867253299
3112923972
3379350551
3232225030
3327913864
4257275266
3969222613
499048648
3422383884
2758007892
3190307364
1058330344
2454758405
1965189438
3926337436
670646208
3047011052
3938679845
3726469605
3936972861
1026851432
1744530556
959191603
3762496652
87221816
2181906799
573014428
201739488
426111940
1695731510
3609147821
3724829325
3979354353
529124391
2405161333
1800804638
1887113771
2526548134
3494081031
2349358608
2028554622
1393910010
638885602
1195819109
3803940493
3949736584
3347487709
653633224
1869389488
2959871956
2284320239
1112478835
1775861073
1546152915
1549697293
1990651249
170596062
153871245
785261048
3161461903
1819608855
3583691391
874161212
737244697
440483445
652342309
1304832925
10058016
826829806
486778393
10973065
450379398
4146680720
1610228467
709538696
379961709
3077213397
2944837209
1537611433
3740877184
2610963357
2861121952
1064545159
2151272948
233650593
2924789408
2027307187
396707277
1803197877
283820788
