2548287004
4163889324
4026909977
1545341626
2236931106
1828611394
2767565385
1238566018
261305554
3849039476
342965409
2199244974
2152137942
2616709535
523688097
3546355833
721901607
3033054942
503052366
1731609771
804138160
2521650932
2672526060
3489297032
4075604251
3776100888
2797377035
4188401312
3819549748
2716166142
2914424078
2318296683
3181897403
131741525
1702193696
2998612109
3631690185
1722120070
3334849890
565290936
471562204
1376001493
2812745632
3901860366
1733447476
112404722
1704854766
4018271455
3131856131
1145659636
3404694120
1413363487
104848385
1343716784
2138633253
873340105
4059244403
3515660832
176687315
1924699391
1351780478
3254161376
101128764
409685298
438683349
1069569199
2573366975
2540834703
3088195067
1779348782
2331033227
2067410340
2016094492
3131279526
4251961783
2879627173
2915995185
171330691
4176551394
275305176
945678476
1966802689
3724706213
2294656744
1565557891
2554555362
124815921
2164694731
2171565073
1905650584
2785718137
2633039538
496990125
4167190849
2242030887
3783852130
3322982775
4217004506
3829674453
4008756662
3429829838
2994302372
3017483953
987711026
566849090
2182070978
1186749806
3334573604
2362182382
2887556808
768339420
936229205
2531123563
1305520004
1816142563
1179197174
4121635380
1214542817
3616295559
3508620122
4281621834
328364829
3871333135
1036382961
1189964058
2754071100
171445277
4115371290
2788727875
3957183318
722647689
2564953885
1116253091
2971775905
327964868
2868721003
460222171
3289868472
2095116310
2093674045
101710459
2670268131
1766888639
1369397604
1034083892
2192642975
1191669393
1450113839
933586450
2479596900
2718688312
3041143854
2457065080
3187778488
767119597
69507965
2924230931
2826091651
3312104384
3951101133
856558441
2739783299
2279495974
118747001
2064493845
3740303589
1681782884
906569632
1633650695
2803290938
1665924962
2074283535
351267615
2513146249
3091697983
2096796581
2837556963
4293334519
4269925240
3092195537
1869001877
265456136
2767998196
1047392646
1054566073
3709405296
284589149
2539136326
292780196
152557189
4028829732
2158348442
879999494
297515186
300327783
468910158
2667895272
3227528077
3081281599
1648310377
1142359747
3644759133
3854130264
2379586151
1048724339
3015673213
2817425618
2801180750
3745159988
4186676218
754322898
1343006106
1892832110
778176543
1092953220
3536622538
2494167507
3157721949
2256730406
2825607363
1111901723
3533310960
3721477046
3516748843
1912115567
1140127994
3607684650
3747003804
442382348
4190558989
2108853765
4281667340
2517066397
2332275161
49121649
3140093493
2918737802
3056530944
88546937
4269337716
3011882253
2294195377
3970416598
4097443636
3686366032
1237467576
1365637937
3793982526
2164573673
2410436134
2708850055
871920840
2741780587
1434180441
4241550725
1744948377
1714160180
2888711441
3548171437
208183763
400538621
3905755965
1772253693
3670377733
1095573223
2405357211
1140286900
3318088179
2088688443
3120941827
1080183422
3379316622
2480643898
484841181
1155361181
3187731435
3686077264
419959480
1798392062
1611813302
2271197796
356770672
1758697101
3476401845
1532548479
1570127520
1844300337
4033891752
2315195080
1879231596
3678721101
2114346551
775772641
1244184225
2413226276
3904978628
2868535139
3323062842
385737091
1405153863
3968777596
2378634360
2542406669
3428610246
3794026928
4126366173
2081873242
1147795747
3858247366
377089837
508554539
785371004
40901460
4250196120
1900539540
1173654952
1192964994
445732171
2267869901
3876574218
2765900999
1576221816
217944779
2291095940
3070304226
3848017843
3248316814
3756538528
3602693875
245058417
1382547620
2949661254
1113429194
699110286
588587794
2296666590
147639828
27199737
2784473771
4050788105
521697024
2606554626
2006876065
873051446
414513327
3723675441
2718830141
442954399
470691758
631677986
1868341281
3140763224
2837927932
51332385
125587943
2980061648
2280057971
1588559190
156646444
1921324099
1945116220
2796747083
4127560156
1917867025
348081915
4187606668
474463999
3375628687
118703588
2222733416
974247858
44636243
3506110928
3924704672
2643549510
2786805194
3790300486
4196442412
760711725
3850637024
1431636689
1783035914
857630880
3234530083
4052347077
2125240903
1417892469
3004601264
1353727160
2146272940
97750450
4250794267
2929351451
3655168364
2007003763
1101541053
4037402791
2992286952
2000026758
2970812894
815728609
1568992336
444675138
3271994233
2519608029
2599302761
2861411839
1788122824
3692142939
2302914661
156480145
3458667897
1513949341
973292545
943799162
2813090459
4077658159
148203493
1640915273
2244387300
4180057833
327492541
2684097849
2154864304
870334987
662551760
3669548947
1647409454
4044776296
1406007265
1706872799
214169247
2449436351
1922753272
322169024
3647215744
1483186154
3254115707
2749649198
2246476407
926670584
753881579
1070863465
1463964164
4048558696
2120159875
4187253289
698054805
4028876377
3376020765
4216857190
3861335878
3522658921
3058803600
4277109103
2511184385
1316008829
1880531309
265102389
480742809
2256446371
1864029386
3364949208
4102366125
4122553896
3169973816
3563653908
287931956
1213412645
1829777728
3788105495
4027743628
3637581832
270734294
587065762
3440303205
3232589114
43236896
2579469474
3767374242
1513064857
3757430777
1379981524
2086767600
526358685
4023575938
736895311
3057137734
1868559523
2517617287
1247873890
2622552962
2002920937
1315095587
2468302485
2382417256
2066665141
4048868512
1266328429
3207883757
3353011482
903583364
2580155793
987433403
38801780
82180407
4232043200
3055842152
4151965920
2988180880
3511338156
512280086
694166858
3531054346
1936583357
1752123538
699241675
3789624311
1544984341
2652318938
3877945446
2050772562
1832694424
2808537028
2458590306
2884383012
504821633
814668825
1086190028
819592486
2387791817
2174994974
4278465734
1206864091
2324786570
2540052912
2825187714
2730602358
3566600124
1696639692
2608996312
1185218527
1243160188
577763177
3702117430
2751549206
3070144558
1265138151
2395203960
1957171238
4219404212
86063289
1053951350
3759660328
155466012
2352674291
1564092845
438250609
3749551568
640216049
2167260158
680795278
333504888