2761441593
2032682577
1801171111
1153281705
4116907125
1301953123
658164774
1820568244
3841500478
3883271343
2321200760
4023948807
3932105517
2955093847
2385494231
3809240303
3436787538
1278243035
3899522685
1970925943
1648331064
2553460218
2562129615
3956551357
3608673490
2937212333
2498765050
2471290618
432490993
2487799596
640794063
3045690941
3146225897
2200652409
3332427259
3080495753
1778571887
2951129539
3339717720
1407940442
555559032
1944778143
3899618987
108945131
3073458117
3283160994
3136202722
1402039317
1441819497
55542288
928844135
14486488
390154840
2729735183
2531606105
3107752355
