4292752971
922759468
2569000044
580156412
1637134214
2683605761
3764927637
2351054231
2658907934
3116025612
1820868589
225016760
2396650941
4046483988
2926348640
2901620490
2806597590
910550536
2899930763
4038026796
1957111794
3237111659
1262980303
3839671684
3753903778
1129310718
281246754
3124147144
1726933618
2339362047
251951057
4147894880
2062016164
2937414656
1888429181
436607906
3804492743
1445823149
4024607412
3964616193
4102431344
4144885899
3361417085
2782387612
3846716908
3021897538
425551662
23388166
3577566596
3940646739
1700807681
3608300334
1311154028
3248840309
1642535512
2274537266
2289916499
2223389871
4185821932
3734331486
3631188225
2400670878
