1351804183
2535912876
2887807375
611405547
1693813484
1896569944
702559264
2315013302
490495015
3077449333
1402627694
1916165794
2162930509
878277943
1929841648
1603170431
2199745566
911361621
71486294
3036600061
2139283977
682353975
3113620160
779257196
1365552467
1945513479
1587628148
366592138
1457088188
1754540290
423003291
1304165358
3372886026
2929171302
2424413753
1592624134
2012701965
1787187974
1601374892
2477767375
2155339794
4208342254
4016968826
1197577325
2012235490
4184643966
1772812576
3218301686
295923389
3413710345
613192677
2195289451
558633083
3097000022
463112394
3578063808
1285640306
1914469647
3421295095
2251407924
1611942594
2434461870
2394015982
480157885
299206246
3170581989
3554087964
4109482837
1704708978
832631763
1013665756
524520369
1996403953
1920131603
1249913830
4176241440
1033864906
3389229828
1524953707
1471702918
2366624664
1149111893
1030032910
162661326
1773447318
502591848
181664582
2930063488
589593235
798588061
1061776857
3256182279
2901143622
1276183336
3435152690
3891604468
648330412
4174329226
137441146
3976259960
1308416954
3234220429
1818887316
534869066
3323703837
2967932314
1236612695
717480086
87571761
4031844712
3863693112
1018589505
420685916
830227270
1645322059
2055833228
452130091
3630120406
2037936631
90341201
3985612113
2340982811
3712999012
495837863
2416918950
1608248419
1853582162
3925953326
182187040
259679771
2531622322
2583501583
3972238949
2282149433
37757295
2932549843
3547680064
1750524455
46880731
1582780570
1034984236