3984233485
1121317606
634498140
3554648054
580865596
3461854473
4048450875
3419913796
2309685421
2924631260
324203798
2605584313
2800965752
2203574163
1230358291
2687388214
1766383263
3045635617
154140379
4233841344
2625423729
4265674565
3651404503
172240791
1442970229
4086762049
445718276
4230508981
2795448265
3461523753
3322278911
4167478411
3133451980
898869543
3403741033
353073261
3400510970
2028400536
4009710631
1995504939
3408765046
442355641
2275386364
1837577987
508271644
3859888292
439974267
642484603
3929320330
1766538664
1978186654
3505403154
1995797705
1840636666
2169425402
2905830307
2370100843
1859951275
2158631250
2941905394
842176121
