3799103714
812535648
3108939018
2504599184
1997121603
3221446501
566928886
2143527786
4100682742
2726082131
1774282339
1217034840
3010802362
629748756
3500814124
1709239811
1336339483
701927613
1412749815
3138817719
102667530
2033268805
3731711252
1178444683
941817678
1580844518
2078751988
3706332626
515509341
585296091
855741214
862004643
1949660546
44386872
2458438901
3882223750
3477816685
2047187749
1414925371
1546050936
3460730066
1516334295
1256879669
1462675355
2944395832
2579380701
2065859442
2706099705
943372620
284422078
1504677102
3660779077
1654412754
1671354855
587809414
186719694
2882051947
465536791
2577854033
3581903224
3271587413
104415877
4228807092
1788961187
3035047998
34024900
770505910
2626368281
1541299249
616209653
1125748430
2804019996
2040386735
1396483357
4291967909
1475097437
1855328935
151604119
862404919
3217861307
2797315894
3155189354
1805924026
1001403451
4009576926
851043620
3168763042
1724156155
1638928326
3226612434
3725516210
2359179235
2335509539
1511042297
319691167
425323275
3542637644
63771062
753730531
2511725497
738441076
990102915
2551006071
209670071
1516298756
2700380036
2905478052
2622653736
2847461069
1121847279
3147993858
1062453714
2611114039
1409406810
408584518
3724674893
2765068163
2453007825
670107290
4177983399
3010951587
910179542
4192191172
4241102052
212862632
3057333526
420890906
3499811233
4139163203
3240869857
544514567
2933163811
2790755042
34004223
2708905372
1438806960
4145193470
1453873583
852738568
3300487991
2033018470
3228159528
381124965
2905815326
119997266
3344858991
3427622093
2652011372
2232279532
2662626667
257589024
3742989707
4219390322
1979719706
1705910436
1412334814
1228692687
1520045010
2739148433
1557167118
3887767970
2667587335
849074231
2689221574
584028256
3404622520
3851026622
4277917535
2034159399
3578452100
3156234963
941607605
2051134703
1385277612
3930976047
4089785558
2138200804
3853694602
504932482
3828142259
3169779157
3957061305
1014526191
2011294329