430103059
2491303008
2057713984
1574590857
3632303105
881419482
3411648936
4108509433
1770394922
2249832527
2742296487
1153200075
2597957172
3611316508
2955504056
34330638
2866639772
2407507285
2639872083
1556942267
1186927867
3452664417
3866950634
2765479896
4251967596
1972976636
1582671639
2404781575
1103277721
997311640
1429965472
338409685
2885444092
2079748314
2734150755
4204094541
184159360
3090388190
4099057694
3823359657
1183928560
1378509485
957437983
2602956496
3827255940
1019377106
536062096
1875152656
1348229712
4070300804
1919048092
3862199510
3507182446
793785719
2992231856
3747729484
1565972588
4188122011
3728121285
3670603416
3691560899
157326017
2636903444
2999232115
1047239750
496319377
1387007830
2185957007
579685181
4161043594
147809094
2120358512
275133570
2739508657
567576841
3364931223
1412783445
3852038354
1221056677
3670493686
3122608826
997069185
1385488148
3608533088
2109636269
4025516854
4016543308
2259613914
1604815161
699805118
1156246278
2735514335
2216116098
203745959
2117798490
516742389
2115982782
3012466802
996329595
1836550140
740620099
1874645188
2304310924
2865720813
1818776850
3324764803
4089850145
2459742307
2689809018
3960869983
398541155
462360536
882333446
3958759234
