3938624044
1369895276
1498994890
3097247921
2927645729
1096464626
3367460238
3884465679
1238497440
503193832
2946466800
199716375
3763329625
3771745195
4030212882
1614755307
2898617399
1654691137
157512236
4012583400
1352726498
3936627276
77678742
2001150262
573629153
931562687
2088450481
3522010246
1000947279
2569106408
349398462
2968373739
2692705893
2836853559
1426554169
3889867804
2668322858
3736468986
1096436637
4024081836
2992319101
1237295112
2649134073
2957862004
3233618966
439645579
3833077034
3997907262
468410557
1269896200
2314230263
979568999
3435585365
914985649
1161903068
3322977628
1192875298
2410008862
3990026676
4200258463
1418181251
2123075418
2092550963
1065583652
4170910934
2383963811
1704142307
1925836870
1589055916
1847770674
236211352
1397338359
3151481343
1071495146
1543637469
572560562
3906834299
4125477308
2082538652
3392788749
2104671362
3535671257
2467899522
3973808842
1569686272
4010327492
882879864
452554125
1978483841
786134493
1442074405
2400959347
130378389
3210649901
4262423986
180428857
1446206956
3394885057
1277460966
935953172
757279955
1803023478
1259038671
230248136
2876076340
3633402227
939423961
983309783
701337805
