3062231578
2111139165
2886010771
3164273233
1791414328
373349519
4234084527
402199759
1065094924
1378931625
1086222858
2208121212
4224903849
2080094227
4058976383
3487001074
163304133
2277707642
2736661673
1223272345
1296450608
3534499028
1096430332
4189068908
1929306438
2769029327
3152733326
1995837967
466243607
777049648
213634470
1510104953
1399382428
2825459860
4207899653
4294104268
36731689
1636965111
4158346242
326795196
952731293
3464785553
2736407652
469712856
1894717123
1252013555
1377480820
1424796740
1246755307
4251234159
3257911225
3985378488
1075625004
2807429781
950065355
3875809397
2435002780
2213056694
526498684
3712373770
3985316295
3817920284
2126614459
3890854863
2204757727
2970419941
2186194136
3870888409
2335684814
3478547844
2035794568
2130568546
2291762052
1056237332
1565908290
3847949173
882481091
2927694325
1432688489
2117012932
2187338500
221400306
2969311741
3294999959
1134540776
2976880621
1652514330
353721844
1657511905
1439055265
1892217857
1302513782
1250138208
625008175
1067303606
750435600
764262144
1698060829
3866770886
4089991169
3018157075
1837717205
1031008878
2886161259
1206379337
3955536815
3610344986
88353824
2227037490
2350600720
4153499709
1278010292
1891467879
2432777724
2166345874
3018398253
2239534529
1022349482
3427591402
1848218761
336990331
780807049
1087751902
1621703848
3928784172
2131226112
4094961771
3247345941
2001574748
420382711
2715793875
331475279
2020530777
1383110541
637385620
3447653589
3784974131
2792026435
975119116
21266734
4247298220
1680072984
1323671931
316055438
827763954
1966587138
840797358
2306275151
2543375739
3855000356
862732424
3367971779
3909108827
1219156417
2462410885
4126417878
991108622
1760743742
3815961938
1365502440
4273547774
340653039
3801247085
4192568683
4188682419
1826340324
3644108029
4001858362
1438670065
3935457201
3232027338
3476039416
3391956368
3162978941
3415182606
3375916584
1605630825
881421394
1960697213
2501598723
6007558
2735817982
2385207620
2738317513
904030107
3158546665
2273563591
3424837053
3882020481
4088383741
4283487989
1160217992
1126667282
374245075
2468537193