3683273547
1049174299
1586333205
1871873643
2763737115
3836211226
828985858
2302279947
1809313614
3285237707
1563024526
1150100242
2679733529
529759733
3020777474
313657548
202639468
435009692
370095424
3409749093
1618541965
3653222076
969798997
3346294951
1774684712
1035244524
2033713510
301440375
3164698365
2935674542
2327996899
3540970268
1983022145
847725527
3744354888
1704586381
1640453580
1078136827
303486755
2649443137
1601123013
4193753437
1369090750
2310741732
627669092
2474901965
2135955986
1876378552
3456362436
2345172916
3829931012
404610846
3099739972
2566774903
1540956936
1878365236
3943663069
884296078
3905920948
1326372961
2967049826
3105596936
1827210156
2415369001
237129763
1181539511
1161673091
1526427262
1127513384
1470949729
1728748816
2492733940
3806706075
1560938041
647465376
2614261131
3949563590
1870784811
1431875608
2114939790
822194676
520171533
1312149522
1758685231
3186761314
2591754382
4165224511
2493172812
3218200530
1138744067
1869453656
4199487516
404133614
