35187369
3793614053
2773274748
1571217383
367472702
2875196708
2460106587
2963713145
2211025578
4166600221
3106637103
1834124627
3201411710
3822777433
2191054711
3999352608
531399072
1682697370
3558232939
3794532187
1744253513
2268359930
1958516288
1357068334
4109277968
1126369199
3428812646
2110760570
1189836947
1266781769
340619239
2299318111
2411072831
2042629892
3842961137
2453288782
3822176309
1102038726
3179341407
3087855666
3784553887
268801399
3507465763
1127927226
2578443640
920295442
4080594292
606092841
932153095
2693684742
2460281629
1152373114
3659526949
3779435335
3518172593
2969292006
3005176956
880507823
3190474432
2007835394
686116509
3549239933
489231755
2344981583
4067236189
3440728927
2609273081
1083014842
2088349007
2505833048
2627683240
1050246949
2602123239
3589024800
2161815182
1130354088
2483694121
192660067
327332425
390593212
850984258
3778853569
3974605725
2911900750
1945763636
2062451281
3591789750
3736399426
909955450
685751410
929620707
721086874
3979067482
3286078955
2272822886
3224387635
1597321469
4254722944
2719451523
2698157782
1143422016
1886049657
2548347837
1236685239
3581356804
3024897521
657861869
4267452534
2195313570
3091579716
723568517
326931265
1023759391
700272871
1086118984
1206604982
3038720367
3647252394
2437642274
2201088050
3587585983
1947186444
4179318716
1014741927
3082187503
3646561479
168325070
1865905233
1061968698
2429424783
2003873162
194870819
1091413687
823487644
2326610162
549185448
1135437034
3912647812
3556137521
1801025257
621219701
3170909230
4128954533
1060403445
1325394288
2176459961
1129049898
1057977381
1364797380
2560644786
65760542
3052373794
3192580251
1073823988
1647810667
994509669
1070103954
1890777735
1611454886
3960394027
3319086904
23682569
2093189164
2358539698
2842097880
3816419812
775724089
1994895183
3418780946
3517483703
450422798
1177765087
1802512423
2735778302
2344414741
1706225908
4280935145
2402599802
1001202906
2945406367
2954250417
1491883569
2063283480
1090779689
2662237902
ICANHAZNUMBRZprrrMEOW^@@^
1615115380
2731337719
3711773331
1819877444
3109102134
806723804
3542111582
2357177048
222088
1048574558
1136410752
1804053489
492391907
1275355204
2579949397
1560627979
2822846243
3850977743
619260920
3046882179
3506065280
2102608298
4128435111
3049692199
1447470334
3827629089
451357286
2037359806
1615524395
3750098195
1472397137
147923735
1095186430
2932503885
3272155368
1520859359
4194754703
1376798689
2452894023
1816801558
2106368722
2023963568
41147300
1182886324
3258364485
3850929861
3202193411
69001055
1277244162
2738880696
2466620149
708705825
4137658381
3846769662
3295484492
745913272
425290449
3245653224
3129800575
4025037582
372541635
3171243129
2241030115
1392257446
4082007626
3880004461
4154682106
4048552862
1530299547
868974758
1850049204
3505803369
2623283776
3573580264
2375966417
60062248
1237639245
3988032583
2866473518
100197622
2335046963
4214403576
1784829400
3221536688
4194358863
2724946166
2303764693
2571758602
1911073399
2170209564
2861438643
1108992778
2366407678
2658277592
767158563
2638939807
1696250134
3993929066
517139815
361183185
2770874084
3989968028
221919170
191808740
4016601599
351565254
2365171661
1260589919
1479058181
3132785932
1804364371
1541011135
280593711
466717072
1623211518
969171755
1379670731
125451398
4131589461
834020137
697406421
3514083010
2698161896
499420522
1799520321
4227344764
4023589157
849793187
1865868231
1019867251
2465364564
142865602
923906459
59086647
3731415193
354789934
770557528
2487750853
1089266390
993714527
3616799254
887258418
1584354445
558283405
2820096607
3041719599
765237032
872920173
3437732450
2160389288
2123945860
1802918786
3152194539
3782545961
1062690008
3427277831
2852320880
2105110833
2093713200
2860463275
2182113115
507745656
2293434040
819094690
3507370424
3791989863
728325814
2504239644
3353408381
587004144
2820651045
1249617500
3128627929
4017890408
4128784997
2223321569
3668851002
4137913590
4236869075
3938360507
1871852582
2405044652
1343848426
2153701243
2121797727
335365239
1882608982
2255506463
3465019048
2831009491
3190182388
3181551384
2260663350
538187230
2682375125
990591647
1032180243
4254171373
960680245
3687123091
3674917715
575787742
1597122507
14260971
1114985349
3568714435
4143050512
4044688008
3888320186
2930499446
75005565
2208415031
1476050128
3752306751
3211897558
1850737611
4020615878
1029143495
1254511349
3659175502
830115074
3594154383
1260685794
2208707853
4091747637
3362576399
2686017946
3772307573
4009464186
2284525288
146486636
1700365104
4033126500
2270839444
3897864466
3191511389
4156170258
3010031363
221778873
3143994750
3180999405
1902484268
112974701
429862055
2826018187
2927973944
1882924413
1859606597
2474019653
880954792
1418298713
2822725289
2089315879
3041527562
1011484963
415201813
1976608678
301590123