1227342124
939475304
2212725926
440608987
28833297
1571637820
118868321
2551667414
746236836
2060303567
3218852798
4205477588
1561642901
725221395
332639940
1390721549
3602826012
2642148658
2035865727
2403004864
3201594678
1135130701
2304363600
686040172
2906052719
1654444739
2146714276
588057329
1132652552
3605488924
3878337941
2646849859
3094729101
2377616479
830266937
4206045100
2983278518
3116143427
2200654808
3203405738
3640178278
2584220639
4066007740
1682074789
3409992993
1830642579
3636624456
3500837216
2075947434
3206671642
487713753
1777780334
2728928987
2293222499
384225334
667222477
1517266986
2222303072
434797746
2818829229
3123018928
2118902260
4143226170
1176880657
2940567035
356903093
3250655814
1009694966
3353906207
2375611031
3839136709
1484373571
3395079914
354370838
176503677
3973515838
946476517
1440246925
3652185422
570428111
425358432
297299534
1310607731
453184634
6746440
2565357698
1174016621
1107878600
1823986285
717317298
3407783356
140572450
