1039142506
1881759220
580008242
2698852610
1288838213
4076630897
856077700
3293033724
3377095955
3096637569
3870930445
2691624505
367987062
2267968323
3849861403
3417946820
2152920279
734238011
124007563
963009742
382295310
3166749228
4004479870
1688513973
2625741868
2470562696
473981819
3490028408
3009840506
2626967444
1750878029
775787905
419851762
2387161694
3087259648
1581998715
929459129
343822630
1269683655
1217080040
1408815279
2501667714
68569859
1153046116
2289934379
2029684667
1652082643
