3896486934
3975612537
3843929150
3636984099
629849234
2008517345
1241342482
3053364638
2157493717
1788388685
3144886672
1680662598
867586810
2837752989
3408657559
96192150
3768912350
3509793961
3182145660
2542007214
3464022021
1409671167
3346391329
3396161741
456438664
1389696963
1765650508
1383661438
589633005
1761015725
242862912
2527252728
3999658377
1519963659
2495862883
3735612477
1655930305
3385464906
3930231868
978428384
2174906956
1456878324
515525993
413821603
3329161165
1888844010
1264955558
2817259777
2541609815
2574390251
729838916
3984145609
1375476626
4096886501
2550839108
4246489377
1126177050
2526980556
272424635
181764255
2342081983
661034349
127236538
1172067155
3096343851
833071077
2145206158
1549315563
35102154
1920602098
945099637
937950361
607772935
70543747
1885551265
3628431722
2651001972
736906797
638887146
2216452683
3205822050
978807893
1162209750
3533451390
2606465490
