1789100054
2633974209
2444206462
2881593777
4182885074
2562404757
1242941088
2702864284
4243582889
1911405381
2708111406
979271427
3966341747
629379242
1228441717
4240817189
1640589607
2762754728
4064172398
677021436
1640595409
3633069950
3029039252
3281632969
549054782
2325813626
2149304636
111079701
11489992
4134059483
2352044790
814688170
2355354768
1245587666
933212338
625076916
678887034
1866271921
2156918776
4069433574
3469358857
2676451160
389385094
439465704
1382887461
3484763438
2159651006
3979671387
3967990280
3369918242
631822361
4105665759
61589058
3682453447
2666517058
1173404913
2885400626
3117011861
407878921
2326713979
3335096485
3248101501
3588287212
3523691131
3624782310
3319171752
1723823223
4148254993
4281542242
1690170223
2413200496
2755760560
544779859
3492324627
1230923258
610900300
2279353857
3669806037
2777891236
3062064502
2986357977
3133089680
699820935
2354925893
898753622
225121204
1055238533
3081997294
1779960363
4285724140
672896361
2973865617
1223183251
952450762
3935780270
2268134582
1158378821
3762839374
3445865591
2435867703
1922306421
2970375931
649990060
1255779258
1876164339
2706741528
2813267807
461793517
3522678723
36332777
4138409920
2272715531
3324711583
3116718825
2795624934
731719333
24847309
1212388707
517116457
2710317783
1229699926
3742254172
3674008920
1073220215
4178488529
2664398507
4245816770
1499809644
4022118093
555311905
3994644470
4271953061
3699284019
3536323692
3661316904
2747253097
1160379544
4122855564
1513939746
1917028161
1753166427
1249560313
1274785398
4284115962
2720341394
1282875425
2549193228
2255268010
434104903
2071865478
1034302179
3158950263
475197011
1461036861
1911877716
1600056644
2492695539
3370192570
3011145302
2963793480
47205075
2624116591
1086061487
2672555324
2106716811
1032858667
2991450537
1855442306
3059419890
4195055410
5606677
3238908883
3442242418
2629469710
3323780192
893199053
1145660981
3274281011
1427028518
3755657259
1141619773
3817445231
3536191238
1901968229
2227088298
1638849509
2179002974
2923776155
3919398673
2358739052
1757875567
3473468660
4082672244
2785841761
2072039676
3282378973
144653042
532366972
3909204861
3874678876
3312948668
1249193667
1622628877
789086173
626476495
2769237833
1084374115
3331773409