2980223659
2197117383
3398666361
2997914493
1657787674
1694556472
825843527
1807269827
4227857889
272189563
3587342333
462311238
1741281414
1245126634
3095858400
1751540211
466714139
530555826
40027485
3999788894
1366903955
626980751
548468289
3352601306
752621781
2934577008
923791592
857631834
3170252972
3018921118
1294049631
1757786820
3249467470
1292097286
3825051850
995177543
604282915
619873955
3222227271
3775725285
2616944475
2935590663
2911754024
4012017815
4120150238
3242099912
1232706061
3100347259
879925677
1610622327
4239629828
1944955899
2311914925
3503235207
119411274
1816959969
3595017031
891731113
2531301463
547100901
3562909097
150481352
1734310095
4070800120
2095594014
4281688954
152652967
3835142838
2015361683
876615949
2668987642
294274784
1126976886
628203144
771574626
2953622831
3206034786
4205726166
4002363669
2049626943
183302889
1222802617
2254932310
2815437033
2352806396
696850246
