823054199
2388362641
2352505279
1705887816
1003148655
896547432
3459978122
2540497906
533513237
1069450500
4236914109
3108167439
3852550150
1914641103
3404453178
3897396178
3567046160
387710751
3904138460
3056045012
3874085915
1623759185
255185463
1695352040
4244836426
166984080
1295010072
1649429062
3044657993
151886171
47003943
575406940
1627308101
3773002585
4178812592
2325842813
2955865409
46836716
528579849
1770305835
1806619484
1179898465
864084959
1785412562
306983636
173214244
2527095600
1529253743
3671650396
1038905800
3159776837
1689030763
2623778032
3556550641
787616454
3161375688
56302275
2255147032
2882262140
41257140
3970012891
2155328865
755995720
3479623480
1320613656
67536254
2829334722
1691473115
1287170551
1152039998
3990656695
3348062665
3853140368
2905830173
3964605585
1344601049
545070979
3054429283
1214036514
161419297
3800178153
2027666366
1578980081
1090999016
3687671749
3967394009
3414998836
2675027658
3425623989
3700187678
1543411906
2278831626
2707301963
1351253194
1562102779
3741140324
3080258013
4228509474
1232348100
1863318841
3650491978
4221526802
4227092155
2557655344
678172860
2041609972
1128694246
2051331013
3204262990
3236874132
450361639
3743192935
3576628553
1314772159
1812376273
1413842736
2319049916
2935079487
2627468505
2269673541
2095566882
2791026038
1259089053
1687039089
1773724636
2746346065
572797328
2682050175
1496207199
2196526603
2530973850
2410207109
4232316174
1765479899
304485150
3507503738