4119719038
959129348
3064137061
822088469
1124401653
2563599584
1612824966
2197092368
3131395130
3650243158
278736774
2346421974
2799846849
4189316486
4105036989
1810074503
3049299048
1979892768
2384982258
2479040697
2047305342
4214628911
4149263531
3893711315
4254858895
2234541616
2202918098
3480666134
948336430
1739469529
2270307728
3601750060
1918935548
4134508055
237209373
1535936254
1900654977
4147772633
1644558877
2312360382
2548011378
754746190
3320998681
407246445
1266927634
3749429554
984255409
2246225832
2279558510
361577365
2172561934
3347227125
4046618145
3775466494
2481890644
254343525
1537338297
1876416171
3098506964
3468077301
2104861078
2391293427
3220292450
2957036424
576981866
4035669713
509939249
3140925592
544434153
4024290911
4161496337
73808543
2721156391
9173580
1633856595
1934970907
1420491050
2754581290
330168036
1612010388
913681318
3643212173
2998304768
45589444
57621643
2465245432
1133940488
3073794122
584429937
3046269079
3972633261
3772440849
1016531803
1389182042
4193111897
3987167093
376852886
2834528469
4277227744
1815250185
2926430022
4192345467
727308740
3231899306
3935158100
1362919107
4078263920
3288949278
1938690911
4191590057
1875713466
1323416443
2866559962
1482587311
2278609142
742426556
1247641239
4060244420
3749553086
1020196988
1470515909
1983839607
775281678
3582730815
2915916160
