305670798
3703988428
3498925917
901297413
3797003756
3710778861
2123590559
3643202301
1208435866
1191450436
4236320967
1435337640
114826808
3718529874
2832133329
2322553792
1382034147
2660292722
746005268
3367641289
3090403748
809914006
1689478687
1389639529
4062992013
870945956
3648360867
1317626708
1259546204
4048051125
1695151522
2084493296
2687757621
1745653957
170817710
2706523506
1334973962
2196599302
3671759526
988636116
2527518090
1179056140
2890812822
2469435544
2128413917
2000168152
1807412306
682145522
452406078
3002914843
4201840462
1864126950
1297052802
2332969687
2585381232
3224968681
762884297
2567626435
2822875517
1711592532
3721551343
4228616384
3008379347
779372056
1304224509
1782665256
4239864092
470336717
4016477694
2824379727
1845339237
3257636055
3558720501
2312656752
3509631033
1600876712
3030491020
3823199949
2169889229
2582336168
1564901772
1377150600
521334077
3652470242
881252978
1176844159
944496740
2121763310
2525449691
1785382679
473970998
2836680891
2496371460
3987147367
442833389
1674714424
4004350946
582390083