2625824698
1321009922
2599221612
1537324796
3499432371
3023192402
1982762798
2609927123
3399578936
469351563
3221363773
4245265492
3087591692
3442783983
1213735139
3055512347
3286476006
1800171261
3422607760
2153828826
3096161051
624233125
744645026
1722096249
3919220524
3518954001
179049731
4160149967
1725754338
4235548019
1851428323
1043135117
1583421133
824796733
2267995372
1236383180
2912482690
4011666543
2417205424
4149694925
613377685
1742915292
104300222
3691504513
2989810671
111793467
794866021
2071049506
1335559134
3545503747
2804886832
1844295348
3068199673
275280951
3533095846
3320077605
2089885372
2382098595
3434848195
1656693667
4244106991
2435131833
810034546
1366109519
1769036241
2840704861
730625767
4096604200
585293488
542224989
572449106
3413734794
1789443562
2223264951
101670660
1611685892
1454232360
135982994
3719393238
1343396720
595572306
2742726530
2043698469
1019998107
1377299844
3138919754
1984453241
2934039387
1259400705
3991556323
57896714
3997578822
2318964400
3509619237
1379055234
3323810280
2662923799
3391792763
3420052143
3930854008
2887079868
3848595163
1013206484
1857918595
3175053045
107955328
1240159051
3734196917
2893728256
390786100
2195450558
617815227
2593784414
2305227401
890959801
598725106
4148564128
2078111618
2256250439
3835368485
1478846856
1300319770
1313634004
2616275174
2534827834
2292497896
801595426
2549529813
3611554873
3799425529
3628266418
1467015011
1906890287
2711683742
108767663
3965640918
1502922230
4104762752
3792299629
2356770509
76268894
439161553
2042702856
2218281168
1172734798
3170009468
3694731632
2097257427
403469893
2259098579
3847541724
2821924305
4060253439
2314219158
758181606
3561348376
666854782
1921734354
1172530755
3863510093
1190143980
162549422
3794291665
3411665576
3179571599
2451924276
2747373870
2806401738
2150410539
1275832038
192264397
469694965
3773485317
3117341114
3314031759
2903326875
3976878400
3055049453
3998996083
2730005276
950910795
837012473
454396938
2851782478
4173873453
3048724314
3378681035
1173292883
881954013
3115059948
2268470247
1589519326
986309543
548534663
1012979066
4168108494
1439972444
2653030879
1689196328
446282480
4282473400
165746754
654952904
3401921843
3363070226
2601756134
1467369222
910970294
109229451
3924189683
2968581269
3042937005
3528063250
656721453
828114482
3347817360
98405498
3438518085
2605470265
3993401411
777450312
3454468259