1605520135
2095475205
713834198
511664604
2873615248
2590199990
4106244838
15265076
3116101633
3207584595
3442239052
2028364174
239474436
80294285
1943551041
2222703917
3832009071
3078925181
189959069
1772844703
2352646956
2970899454
3184213213
2907778344
8606280
2072844018
304761670
1157275110
1456960708
1102880325
3626366879
1948007567
1235805373
1031286214
1644509642
2262247422
833169895
4077210216
3317066770
1308413122
420115224
3632244891
819176419
240120790
3521554227
3630263192
2192813980
4183478804
1719390856
4133305771
3462524987
3314197588
917609675
1321043482
587807720
482304248
1842828845
717331203
3955346535
1663600763
2840910756
941506542
2419190789
540465812
216677595
3439536705
3054232829
4152808474
2897108592
565449524
1622110897
3555020094
989503807
3209259341
3298945362
1041471284
1994108171
1544103590
1163219698
623483439
65351524
2736937726
3169246654
2379938516
2122030280
3348567782
674535274
3334403867
893365538
3497242865
1453932865
404911749
1689895157
1670736031
3063104413
464637596
339395484
1381542050
1799894276
378963884
3166685246
3467082170
1729368761
3252466254
1005221195
1547740739
4275897128
2275677258
3765624395
1229147809
4098436514
829512024
2791800288
3921589340
394119678
2032551200
3238120649
1103325015
2461627148
246835674
68815343
3780619483
2704710202
2465257931
2763488142
3261471741
2945522418
1760663654
156278181
1099797780
1165851649
288029147
3020646898
3844819638
1802056810
1537137177
3472119895
4021522042
928033190
3995723532
3505044071
3726145555
3580499050
4137495841
2996657255
2691570988
1036657600
3086963316
451640527
51508341
3870857064
167720365
1056073241
1618536871
1838100560
2984703221
752460178
3637233939
3227017949
2131880211
2797508591
1773863091
606298621
954168493
60934734
1008778110
3118157394
2237614194
3755224827
4181675215
329580470
4275366540
3483350275
3994557897
1202259297
1772275164
594626061
876974340
1880075598
1694607261
2179869514
3912439761
3983713807
3150914140
1743158094
581537261
2260553190
2571194098
4094386422
1762629981
1003555520
215922615
1230303949
2734825548
1671972960
3668661630
2278081583
537206066
500515233
4153563396
230389232
432634893
3698819232
943382850
766727253
451884902
627396139
796535195
3512152603
1918736762
845567348
3824379056
2388219333
3374542709
4015742058
136108436
3400671401
3838855325
806738062
47211941
437204130
3070346633
3190477567
320592530
2387573820
3103790679
1733661623
4221382338
3349069844
3444972015
746766394
1151024634
572036266
379160019
2307512266
2079375485
1610517356
667257095
114156412
798729299
1690770805
656115674
3245430441
3067569319
4027486983
2156479451
954222783
2258329589
684328751
2152213462
1060541511
3408217176
125068862
4069300874
2701960207
3560193199
2557727087
4098343194
4225596657
306553419
4069756080
254006971
1274794843
4088535674
705913486
3713517375
503823227
3605280570
3241342839
584087151
3392048038
3116270599
2588863292
1959044046
1499708339
3139256495
3997803041
1949120747
3380680162
2986301999
2945692835
667482563
2380908937
2834800992
3312429571
2337730560
2009477106
1416611600
504340619
2644855576
1170990787
3063320759
2176107809
4016704387
1575388052
2674951818
1013090467
1284917936
78084807
2637214452
2219786668
1225587670
1277170618
1487131530
3956112861
850687824
1165866550
4265073990
540171552
3647607696
209298323
2964724558
3311155337
2091862575
2563267290
1455563849
802446462
1142664353
2910400033
1324296160
2794288768
3658972834
3694741181
3392249080
83023075
3267020408
2458682815
2834402885
4184681339
3705159236
3429800601
2914906230
289660788
1142525509
738558507
4222403964
874013241
1207644479
1440472579
1906969728
4077613986
356026862
3225088796
591529128
137936006
211443373
4129262731
1775485192
3927931547
934094884
3141718272
3065697662
492988594
3601147337
966239049
3862057964
199555773
2379902583
594486486
3418449584
1121738091
3398408546
3486139655
2686448029
3302363670
344451693
4017077910
3272989266
592304445
2616755661
3405767584
2013400614
2981411039
2038599653
364382350
525631960
1385875456
337708888
1804652648
176557697
3551439011
1583432554
3006264001
1487568871
1104571506
3507271107
2462583869
388023509
3222277313
3472300130
4276671836
3986492879
1159045483
495775906
2718588312
501645449
3994705468
2271089311
1804028238
1787281268
2901210380
1143185363
2080253118
1049675660
2482175262
2782589290
3553610255
1344230686
290927183
1448116361
1898087666
2440169175
2799498024
961502966
3204553761
1797388179
1501866140
4024420788
2717034236
2546552045
452574676
2595661555
3096651715
342649898
2418376886
4038984814
2939575509
158743749
1860878428
2912787858
2757738829
3878310181
457829373
1893620532
3969168433
1159411646
1846588030
4104161377
1006107129
2564943317
1040766993
906948288
2758335197
847507439
1811639951
1963447188
2741364094
3441006645