4117606864
3798778661
2341757759
3066588431
676099571
1715705841
561731678
3673066818
4089213122
1571310465
1420664215
330114166
2354455942
3140603748
3894118306
1399055223
12682634
2980045357
1256601745
1784678967
2905915038
2549104675
3763355513
1969479778
4097570915
3381680737
3539486021
2218807674
3398013485
2529053225
2891961336
2837070477
1842634335
1102412983
716734936
2480728081
3664013903
2577546393
1608188399
1822350349
544553571
4247157143
485988380
856199225
2600646503
3528506233
474603426
3220628395
3956675616
2639936565
3383354666
3476985875
134553877
2617001776
2939554355
2127241227
2858269658
3818779241
2323789203
269353210
1149674962
1004421378
363564593
4002779187
4041842308
3028346984
220368323
1522061256
1645485196
1789281940
2408066891
1220511056
2348989875
3238363448
1310094808
1594840653
885027880
3092344564
750743371
4246436082
3231256672
3248116376
4016748443
3839320605
1834937452
921715781
1724902277
2483387969
1973454601
49318256
3146632370
732139050
3361198607
2772243381
612390849
3960780007
1063473001
393361794
3738176996
1418358845
1727390990
3798317123
2088251621
587852055
3893120359
699836533
1931921028
86770880
2830397113
207068608
123061249
289435916
1701412105
3993135347
556920424
3017101677
3464897626
4105487617
148544900
2839563527
456818117
1074898315
1378609053
2704376177
565926834
2111264296
3657350572
2170228243
973475864
4039040819
1853810778
3383231847
2342190959
1412361044
3661013055
1198717628
834803578
3589815953
4144627214
2721354216
3183212516
3868907536
2144775926
1396362175
2553250954
3820311126
1532538258
1157268991
2427454076
782677505
2100086728
1196863389
1661472750
2673624542
1917737868
3609145957
2603717741
2563713055
3738485343
345601639
2196695390
1580326043
666341216
784608506
41564397
3698560825
3948380095
2220644473
1315124418
1068305925