1947567036
2977632678
4068262761
3016060730
3725453343
459897277
2362886123
324689183
1690152135
3482876802
3932673144
2294764444
1226923253
2009246894
3387137791
4208141199
2626226964
1187882078
2569992669
3303026988
3271887350
33897109
1503115470
3450337965
3008107332
664125605
2262172280
3973584716
1386482207
4250813836
4180593031
1333634828
674983050
238649686
806267242
600354680
2032210640
2381126859
1697299130
3046828601
163539530
1553272214
4178309230
1287861741
4233865302
2143859943
2173171029
1972250622
2791311239
342072527
1412514689
2637578785
294547074
2492638045
4213627332
3151332773
3876045827
3143586413
3685851159
81906676
2897552570
3268865844
771813076
2666363982
1089114887
3238875414
1484760443
3235275664
3235288637
2114261757
2978546259
3804876271
1550477003
3719230774
3932452888
1469101092
3850495735
2024526020
2302392903
646902899
1790249466
3808991860
166904584
3021127356
703745585
3771636907
1720364170
4087008164