1053494316
605510056
2343345618
3306877626
3071166080
1481291650
3824045021
1111448306
2287612057
284644333
3800069698
3859949117
2663411303
828604448
1059666609
1283431301
2474696891
2834632138
3885618279
1312716197
4267606030
2880133532
1246425681
542690353
3652310419
783551821
1888673014
1495492262
2492735023
4081274856
3992854483
1335060669
3816521100
905447258
2527996436
1619808333
20444258
4214990196
3759092454
1338517044
2043646744
3070195346
1466495262
4091242399
711453469
2161692938
1050675917
528015755
2652928858
4127578939
1270190145
2549233278
2863401859
3077512467
1692709334
3834053405
4046130150
1719318387
853945935
3941117328
2149752688
3210170528
3230260400
505136902
2662734052
989578091
2792678165
3438160642
933110127
3873833871
3976562545
3128065954
1924202508
3881048458
392886048
1068618156
794994498
737099263
495665590
1285373252
4241567842
1513327448
3287357662
4102362831
3909936094
536517635
2713730704
1539196559
2327879517
3942796826
4083209478
508263311
76469631
3775699367
867753453
1398067452
1662422470
1141855365
2847309316
3730754827
94161875
1527639535
3214816136
1371765466
2283160103
3387734580
3311768129
3848140536
3873678463
491706242
3378474163
1106011361
1134778220
549112365
2136483291
989382922
2406140441
963368937
3985002934
1276101967
575624445
1693946682
3520926063
