2509845723
1041407112
73947159
2267896374
1572437076
3176628906
1374871250
590207201
820147553
3870449092
1031475823
1197902210
3159438222
1880579568
712658007
2480745015
344631186
2879025408
3341607418
3357752006
4083692131
3358174291
3220065110
3026064570
3836664039
2307500115
611351828
932396341
3498713208
4036012417
2191048064
3977489599
2847742117
3328553318
1199972102
3315033161
2488310821
2461968658
1778320723
1525842259
3567196908
998390048
3008171419
3204012241
3527714487
489820729
1836939471
3367231786
1320728461
374909236
563671806
3701963658
2541317343
1669039041
3898031784
1935235746
3944847886
237857794
1268320336
759153179
2764530473
3165337200
1139863354
1769109710
405656630
4238498148
475722548
3253908022
1367410936
4058123398
3800810252
3474252182
3277754681
51174806
3838257939
59715442
1354946536
868268676
4021471897
