135404317
661149238
3041176094
3049190930
1310245549
1412529332
468966097
761175362
4105767460
3188561930
2377440794
1859054763
3517722123
288671179
3716486425
1986898290
3896730064
2229345003
1415800968
3263366068
3928416996
567137871
2579434464
260027572
250980167
4219366896
3105511258
4135202758
3607965379
3654577032
3556359915
3120919314
3154494805
4123337454
2160377777
2194825763
1224333777
3661194063
462519401
1416434800
205880725
583738460
3409478243
2980120568
1578862133
3719511488
101028796
3721029571
718890646
2219852279
177425531
1912435565
3337952460
3854865759
1545013167
2913771875
149834811
3124035086
1495036179
2583099237
4085794137
3912967964
563369379
4041795023
3398529149
836600870
16432422
4231104584
612889425
1478726626
3071514399
1655476011
2929151100
2597260388
2663712986
874645149
1525132544
3363846294
2842008542
2284581087
1305596793
1779778714
3927933388
2750677401
4005191827
3272472711
4224094269
3092585904
3821527850
1609681097
3637802925
1296058625
485790967
4024451799
3245521311
1380921360
1350120485
2729546569
2293457249
2219802456
1375013442
382132613
1726991983
2303929928
4227446056
1932202854
3445245197
3496820238
52201629
701336496
1526260262
2456078871
