1346787117
574997369
1112676689
2165618628
3036679602
4139494900
1477060320
1380078587
1317618161
3523363068
1960642678
4198198685
1321644926
2706593379
3674267776
1393939548
3523866710
3740766253
2342049400
2810444626
401616202
2141953231
3373484469
949154977
990190509
2970581702
1654575088
430031079
3643671803
3411333538
1685754230
2788272771
1547770511
2589034194
2770244173
4000149180
2333902987
2160028437
1964449196
3849183417
1235796384
973822569
2839572832
3417723292
1010492877
2427326598
872464882
1411965113
2817822175
123842063
618420984
1682690944
2015452026
1093583395
2076228652
508850216
3920513604
4094302331
3880860206
2391720153
4169946670
2292115509
1295302925
935811516
879843988
953334973
2434377009
3501371129
166629454
2872025905
1266967900
598772488
2844557052
553625156
3939871395
2058603741
1153779630
3977924433
1410637162
1554077042
1761633897
2494527223
3905860442
2531051103
2216668559
3485601075
3728481220
2418128041
734363958
6948467
1386629211
1107598534
3618293686
403008007
2104639467
2161523785
1852904224
3125681590
2240223288
3972742313
4262282740
409508196
2254876542
1608487820
2747352069
690007130
4044851797
400985902
2463666321
808679400
3441326714
543330261
3172709224
515441600
734606416
2532425200
3325797358
1308477550
3833460938
2557486999
3126307434
2969115271
2093038540
309054990
352236816
622373712
3570447155
1182383144
2874913462
3611762502
3359984591
629848724
975930492
3622525361
3283190457
4268650875
2368139920
3547093701
2731467540
1641776953
2768569687
3089096365
2784426220
1347896311
2833909075
1218134135
3920323427
2241263247
106459658
1297353173
696999017
1359296417
3439727796
2531666265
1972525254
2574878315