3266044637
1789100054
2474453435
4201132361
557223440
2444206462
2881593777
2702864284
3233906757
664941325
1803834382
3139459826
1911405381
3866302922
920817906
1994837047
2572075204
1640589607
1640595409
1224286661
1671959549
3696304742
4112937892
4180179302
3633069950
3029039252
2325813626
1513285484
283068594
111079701
11489992
685409897
3254075736
4134059483
814688170
418538625
2061568677
2355354768
4021199101
1642439090
1245587666
1866271921
1094702813
439465704
1155200360
3484763438
78697618
4032052700
2070164263
2396980824
261861349
4269741845
468781142
2017100925
1701819344
2645470950
117401872
2322202452
2520195173
2808875132
2159651006
3979671387
3369918242
3690166999
631822361
539411037
4105665759
409092038
1173404913
1060597531
2885400626
2568465943
2043619331
3117011861
3303904900
3730863349
2309785171
2287485760
3995996708
4069833429
103171077
407878921
1217607804
2453604136
504257575
2840903498
1120756290
810059634
1622429208
3453898552
2326713979
3335096485
3552821402
3588287212
3123698758
3462633521
2755760560
601416249
544779859
65701561
3492324627
1716192387
2226304024
2080685665
1898987783
1714243028
1230923258
2986357977
4254654892
3133089680
3811662459
699820935
3279972761
1055238533
4285724140
672896361
1509834477
176302611
3450634022
2973865617
1121326103
3823142767
3595400544
1223183251
4029934159
3935780270
3762839374
3445865591
2435867703
4096351006
1922306421
3684826113
4037662739
2706741528
330735714
1141372609
1692431368
1171059629
887737853
4063389747
232206154
461793517
104131476
2121995036
1336073710
2566096101
1973706950
624922558
2458227172
4138409920
2500581980
2272715531
2795624934
731719333
4068081484
872682626
494930362
3325057056
2710317783
3607650520
1073220215
2154713410
3363236253
992963977
2927746226
1024852606
2664398507
3417840349
2710646978
1387808005
2875477398
1430878286
2630515397
2724798872
1510846619
4245816770
4192322801
3448112083
4022118093
555311905
4075207700
1197955460
3041111915
1810164650
3710145511
209296630
3809735846
3661316904
2972875406
1469061486
1513939746
1999266705
438634720
1753166427
451295488
1249560313
2720341394
784126142
3256388584
3748692231
1289484193
1900174321
434104903
818267090
2071865478
702131397
270496969
1034302179
3158950263
1399874770
1370629037
2410057072
1911877716
2010852628
2536797979
1447321614
3011145302
526505113
2163957911
4226640479
47205075
2364864704
3458493402
1086061487
3113193963
4154194813
1873527632
2991450537
2274169683
596627872
1855442306
3475359245
2882724519
3059419890
1999742945
3710482541
690298554
3238908883
35324560
4239508818
2882968674
576644323
2069520144
3442242418
2629469710
1067451389
4223961562
3434466922
3918671715
725111775
3323780192
2563356164
3619253257
3232189041
2564332851
893199053
1181658848
604071788
3337905880
3088245053
2109166782
3639015358
1145660981
1651680103
16254906
2681830705
170875059
1269848294
3873543611
3274281011
3886087621
3229422932
3709523338
1106905232
1427028518
2628993723
475168601
481188933
3755657259
1764877522
705607863
1911991360
3817445231
648650088
3039703001
1701464706
948641137
1385220990
1780045752
3011042285
669953995
2023143886
1398768258
1901968229
3335053215
2227088298
2179002974
2923776155
3595845562
2358739052
1449067382
154528640
3536487354
2846100601
2689294364
314240406
2333738434
4152231073
3473468660
3574419783
4082672244
1384145534
1345514746
3086261320
2966618610
2072039676
1692719387
1515559638
1360519204
3782289724
144653042
3874678876
3738204336
1384761488
2692376083
4018250661
2966035013
1249193667
1947476066
1622628877
3282516859
789086173
2090459388
1288657216
1283556093
3320939179
2789321728
3471000087
540957285
2106210823
1394706482
626476495
2917033443
1217300088
3331773409