2033539913
1867287002
1761008425
2416438823
4030000628
113356392
3611719013
2275421773
197423233
1478494363
3970141403
4272597589
843230494
509560806
1647733331
841971108
818959421
2407304055
824306278
20730174
1710808081
3606013472
4209031447
4083100309
4118194789
2358654326
1838035235
943615362
2341815239
2590242107
42609519
533048765
1345536597
2748065711
781630017
685738371
112933672
887924423
237540988
3825397813
191596797
926307920
1486606619
708654001
1445659019
4288034692
3165823241
2465522466
4124434570
2391807226
871005133
654425418
2479720736
1743994636
1976545637
2596119133
2041277471
309789215
59374063
3732711655
3564000517
762552635
4053216908
3396630782
2679367932
738999138
425169740
1163898218
1049984604
1398848821
2914947470
2286859324
199651494
4023782975
3167887796
3082591348
3389911607
35382298
4113326621
298119802
3261175878
3087832
3552756619
844132331
856832206
231497774
2475157377
1782798780
3643665442
678549146
2521991592
3609695071
2325734186
4480370
1755484028
2128972804
942850395
1912213139
3933317864
3272897842
1138304875
700864364
1892922429
2343128388
322694574
3816559005
3671189172
1122709912
1469118905
3676473691
48250396
604456540
3077036846
72398363
4264295260
701589351
4186173378
481900561
1026171036
3934374452
89894948
684871768
503764763
3022771702
19424672
3700315863
42980511
3835836329
1581597200
2674501311
87694776
3094734122
546926515
501969168
4225888467
3496604700
3487095256
1892158364
516126780
3170858859
2697196686
4236909024
1139973345
2115278948
3115109711
3046040480
2510675336
3650532354
3661949946
820831423
1851489817
1638647176
1573593793
1837616448
130565719
1336305539
2482197099
2728337326
736050597
1101293624
3654982765
2506813393
1136539477
2134347522
1863712578
3903576045
2813890770
1167361691
1189017596
3636215502
3321986774
1716448119
1959010306
742842383
272082505
1516363728
2688328245
2071837629
162434396
3420544076
4094707708
241482383
3860699272
388436924
192166547
770511234
3904448143
4246323158
268506349
919449348
1580291637
2268738098
311017758
1788070038
327350750
1312497245
1000390286
2583204758
2281865509
1598008592
1781524907
1660668440
4042846295
2206980436
2842901505
2980581413
2564879698
3596546582
2684054907
338948748
1799351808
2187450029
1469102046
2329170052
1669654375
2749561617
3716120356
237801441
2636770345
2714760638
3188381174
991085912
3212665715
388836021
3197801
2088159501
3973047632
1961210218
3650945561
3677503739
1779900082
1908183235
1302027075
3552636806
2027331679
3907091759
2327462990
2779825086
357332363
3621111461
1951613227
1452844174
3982214791
3129920143
4203522289
2164437935
2079224567
3782373101
1899912841
1206180824
2654302990
684407637
2329452295
1278224281
675741592
3235740167
1865325544
3895294112
4218033425
3475570727
2178515842
3320170314
1338601578
309157058
2650956134
903469655
685547433
2297487837
1550728430
214486060
1337454026
4291015824
1422288603
1767949362
2536825651
2589512901
1712262431
1514747085
31888416
2694317421
917282808
2011678102
2675688376
4293489141
588736819
3335696024
2845524549
2853288797
3190347286
2617449532
88500469
4171809408
2270116966
3730015870
826249306
524852492
74742833
551049964
3898475595
800715851
4232073226
706603496
2631989793
3886573129
2035772788
883337939
2432640492
2242001840
1106429120
3996436715
3320812152
1095634063
1521884755
4069942843
2146505064
3237928069
3697687793
890834107
2021217463
290802617
1402736139
2934537781
1976545434
1679087062
1587092973
657475141
3600740647
722154528
1041397720
819697627
2351002011
3052843099
924972333
1916461181
2612481811
364575474
3932846541
3578113980
1954401636
554094235
3230220291
311459767
2671004988
473005631
2678500172
3855387791
1764637194
1847373604
2232397372
1129040835
57478584
251410359
2435094700
1962742864
1751460339
3289738703
1686762039
1238302722
222065995
2419558388
500399237
2015676523
73157040
1819460322
2356354549
3015743663
1567342728
591966384
3047778298
2674718243
893133628
2179365683
2615263703
390992684
1464690463
3677357867
1143753374
4041387882
2293656758
4221238444
3371611386