1704706152
2015571624
3267212932
3721566856
4283342131
3227140468
1058813010
3163998464
1417416247
2092155524
2684614080
1699899230
1564596651
4247494595
3697140227
3259435222
928684127
2388704489
2496799834
3763503490
2147647660
26454305
723322604
87064810
3743040444
2710543321
4218612056
1413550725
93826733
257181981
912152992
1381099189
875899824
1124775935
2271615616
1298260339
2058467560
2213263522
1970923239
512070899
1212912891
2768057939
1245729376
2837159953
3572219989
2878241327
2026832974
1469766981
1963090963
1356162430
2567781680
405826111
218405204
2731484659
1461000261
749052565
