1379683342
4238891747
2774504901
3370843509
837923873
4163648327
1582640862
360840479
1059877815
2031641745
592873227
595492914
143466636
3405483331
1467930463
727365601
3541008140
4685277
1356521625
2515682334
3827071128
3510468884
2085689709
863626305
288808232
546881145
1875801107
1541075870
2456285538
353980025
1657098192
2167866359
328666862
4038971638
1085177487
2937077978
395093901
1480445226
2877243034
2818132086
234818929
3090280948
3210635249
3158377764
3397109230
1636242569
4017507932
1548477
121857348
384562224
922606970
1493434973
534033970
284954132
1949748036
248251801
3962742560
1850341774
3661523182
2154736162
2488300930
3109943766
1321781090
2269069018
2818129412
190811431
3671002176
1923916137
1366073614
2153537925
2051456821
1120879946
2133846449
2540112764
2487896537
3631022942
3835889665
3466847834
351524100
2112413700
3068808288
1840206791
3232239048
3020579442
3458505480
2799546166
2500026711
2374558056
1216542215
2490091202
2173806592
2997094274
2839795946
4128558634
922846839
2476242271
3719808648
3706986869
722484231
3300289302
2879731154
61763863
3334036955
1715475566
1916802790
1218860411
819900002
316774622
149166459
4063849633
2849640289
213547741
3160347694
2046013576
1404239347
2337776439
2817559322
576506478
2648728575
705294592
1273077192
127507953
159100311
3870185516
1326430183
3675496376
1617052870
1118419892
532316533
113855917
2369407392
3538885975
79375585
3888367039
640132668
3887169687
1645341266
914260478
734694614
1583875744
4027028480