326728831
1486174543
660723986
706121461
2027979564
3845730217
3324069655
1158036534
1227461058
973472335
2879384795
1562396505
3720801801
3360679528
2322180013
2448525904
573959908
4052912604
2276043474
147508162
1635163259
2049460835
3215785819
1845269920
1194139760
3786323945
3972998922
3699015647
1200969650
1825238226
3517367753
217440945
3645102270
1002462391
1837611227
3714924865
3384986419
937802093
1279223047
251029250
3492869745
3196635828
2548217408
2015727698
1827952873
20806038
1505509696
65985
2613270474
1803533369
3880595354
3489590347
1687251334
2154805495
2137908092
114183554
464862834
957951420
270664999
2934124255
1836288118
3118297187
2499420351
2739894964
329144906
3090661383
1963773516
1425594417
539057567
2868292830
1453340572
1432354126
2306617570
439888502
1300446280
3516955505
751615642
2628501095
2931122034
148024592
1410864282
3694925732
2493010313
1227608247
1092711451
122017236
2361811449
3618714467
2527358378
4260653326
1038811510
616034760
591953440
30730543
702356983
