4017147339
209327957
247774626
748578357
2108197705
2368600599
3422164392
559635908
364399782
1893145490
4119398641
351526662
1542849653
891474775
1542421767
2869809649
3329429393
2761172907
3111172590
3668884651
2959841688
2123929966
1063773123
631807384
3840859726
1030198783
1600149196
1279261459
3970107592
43082319
1522234913
3717786343
3356713947
3959272878
2212760944
1282139763
2635865763
789983225
2707215439
1807586820
3727112354
1261420810
2660877652
3041038870
2850923934
69011060
81210783
1121219619
3182212753
3871338546
3895061122
487696341
1841385442
1356067243
593320410
1323523928
254922818
384939200
3314057606
1526438871
2285701654
1803360327
1857429764
2014967769
4009319802
2793629616
4232266263
3390919590
3730852536
407595228
3941817987
4266717650
2178823456
