1220984806
3960276140
2642720564
3381075098
3830945598
3323975099
985066086
2376363509
3679961422
4005568195
2170359694
2674100795
3376241492
2042478356
130717316
3682383561
374460039
1325617948
1645138639
2902303245
3228817366
770990334
719222481
2522323933
1828207825
55467561
854127905
3822510777
826915175
1363852252
1961996537
1037534079
1620139158
1308365143
679667019
2281422648
3955048981
2501087495
2322826215
2477625905
4135796086
1128126131
3021559986
3414308957
3147724946
1590061797
66084969
3168437448
3696490930
3063520000
536723036
1631207007
2825765897
142066807
2272779920
1040198795
3578922230
3749826359
663287916
2779791384
2779661501
2953268753
115620199
80141980
2620711446
3792716486
1667136984
2846358355
3766745799
2085919156
3597589979
1473293892
3177787776
1160132659
893447261
1194857382
441496101
894289173
2721859043
4143861396
732403430
105842093
3337395958
24128898
2063184733
498454276
1816000200
1967954952
2596715555
877952506
2866280099
2608239337
1618885365
1818415374
1738186654
4122952143
