2206886134
3506814157
1183996176
309647671
4272200590
165314822
786262266
4147625978
302036883
2796578491
4145866006
3340921251
849301127
1885101987
2418394474
1403609843
498461213
938460965
3390051024
3695878852
2360769722
3126906915
1293348278
3803052451
2053492418
2309223166
2151009969
1644482386
1651580016
3518272172
460173729
1811470739
4283583538
2445887445
1116044679
1945860809
3575483616
1758102124
2579530038
996364529
2399906011
1444378223
746298807
1610387131
1796960567
3618507613
604657085
3477322046
3081351835
4143240629
3502115457
3416306826
2677063568
204520819
1515540485
2869339186
4023773193
4089748886
3711422273
2106010772
2167724145
3322970575
36140114
3398378648
1510884964
1837838941
3596406003
1275255136
2203639237
2545844649
2736156996
315054560
4264171464
372839303
2419892259
2067942739
2326580289
1051989091
4249054571
1684299048
109344385
3552691200
2432979745
2132422493
107763326
4173159181
1832010782
3007635908
4263163204
254484642
3052318334
3837342397
1649603442
2791426493
2049173640
4110225075
838782717
2224334968
3823265551
2177286906
2706777657
408704484
3522804532
1472667342
10449259
1722738514
3143077398
1443506664
784561019
604990514
1883523783
4170544018
4179925313
1662062372
2114010853
