1127388674
3562348387
177551501
824403776
2553823774
320045718
683663437
1092667721
767722091
4158786581
1918494557
48283135
548540169
3000985602
2671600030
3797417426
4183512490
1621464507
2132781189
567464090
62931575
729833554
1911315147
4112454920
450674862
1777108529
3625424453
2597273041
124407700
1274011242
1756647888
3700631194
2254433734
736686881
4151387739
337520588
3158494280
640916215
3296299118
947238766
2873701721
898468584
1006114236
3791241712
726477829
853172927
4250630696
1625634768
805858727
1168339497
3609322480
4255091126
3300838309
2457663666
4059158553
269842060
1452263112
3051617975
976866286
2713969894
4123187679
4039212570
4087984375
1351473191
3549776884
1123451564
3019309829
2268142795
3539227331
992232496
1841638460
2257810279
2559953252
3328895817
1195452693
2829228185
4183846389
2262397892
3626440761
2532428944
610266847
2838832255
3133906676
4164642220
604891853
57477504
3510369731
213531489
4192113734
1104093385
2872020870
3373471068
1293122043
1812352350
878478856
1843492699
3844594778
1193035512
920568210
339710528
1368463954
249300122
4146864162
1590115156
4181997310
1213563251
934845321
343643053
3185278310
2961010461
1264024116
1763854754
4015683276
2470468108
3635697448
4142869085
2988860258
3644948458
1006525175
2662586476
3300586707
3378330615
940544024
2525628795
1125818031
3698459243
3347629808
1577809706
1448065053
827985685
228097667
662035826
712158706
3517871533
3932417005
3433002978
1287386646
1912436266
1223146109
3166931478
2386812652
2341262151
2735364059
1839962209
1213808766
1914411295
1686338904
2106835353
1070503272
1449198328
794111420
3518540307
3897110472
1856334651
306249872
2623830307
4240888697
2595940984
222215254
414555357
188243855
1739074799
858465462
278722537
3938934366
3952421185
3333054334
3383787580
3383418062