1332748287
2884655585
2439554211
1412125178
3932067838
608064991
2047271151
1055751125
3667398441
1141179608
3888077734
736543188
3511039674
4019297337
1219222652
521130137
3844355931
3509913306
2260984137
1214537670
189899468
3060883384
4268308020
411315723
3642022504
524307272
2207660930
1434220801
3404690508
1396074700
4153840411
2991536654
2775196155
1148190261
230306093
3038340164
1306160410
3252656201
1212576189
1254035375
275399310
427680898
2280476540
1335097767
1493679439
720669369
1374644905
3116032807
884157863
956608049
3688388402
1256943776
2080472825
180707497
1588214665
3029223086
1564598555
4110585490
1746193178
697388617
414287223
3596379573
3669727759
898010994
720285949
1795129580
38783092
3026575765
1168719786
2775851357
1738378538
4235042359
2920347380
3385308385
3938124061
4177245901
3616704289
2679102164
442583365
2406097061
2254247901
730283431
1629266378
3958891731
1227243035
3656343063
22747582
3404573050
4234631426
2965505075
1546120749
2226408246
750978135
3893659548
3365873676
1414349703
3145459434
4263781277
1761003748
3570858809
3260040407
4139169159
846044753
2321415970
4188616063
235780604
1978280386
3328521881
1829854431
797679674
3979836689
2353944839
2021727344
2476091669
460514553
737579188
1644138890
869284424
954928281
1875439956
1675558042
2603616538
3964256890
