3993379316
1404752060
3259105758
385828797
4278184194
2511954344
2329636937
1821587024
4093309049
2413828315
2625161235
2073891925
3302958860
2777203930
2354666659
2359209266
3435281134
1760735995
1220677314
2486455789
2525796798
1630642658
3178268641
2419698886
1383222714
2046360501
1196703954
3051210663
731313495
2149508213
3643381119
1622976203
1547074105
1450130892
2238027457
1441566481
786389805
2048273717
2946390395
3242438152
3381820080
2492588108
649279098
2351669949
4084213516
2353774475
2479763324
854184834
2337369445
4027230103
3828897802
1776434552
2903874833
1155271164
1128618688
4241706462
3600753508
1976458701
3834641622
2891931598
2784230748
10845269
3883263058
349499444
1254537867
2628400438
2866336281
1193118068
1650385511
2213289765
1514496551
4147190875
3650758970
1213094817
2435912543
3509188912
1930625708
2725792541
3538379734
2928241764
1924596052
1282750626
429454884
1324992519
130882124
2365619465
2814780371
3604910577
1994363336
3251413044
1653444216
2523639518
4095833643
1473537379
