3078293999
2176722226
3413178942
1424461021
2252826408
3109905827
3642075719
2886654580
1989315927
3243545944
113316095
759717833
2592605716
205732773
3822174102
3946360950
1173185367
1143961564
218968273
1198449332
1353001471
3483785542
100842040
242333946
1090525646
3011315555
1650460974
10877586
2504872499
1412072674
2196762098
3727945341
3213145383
3634669653
2262384826
141268756
3178753302
1163063052
694903188
576638618
4214279633
2166879428
2048308081
1724201865
1676789725
3397815901
2315226843
2858880638
783223182
3806336199
159837519
3130942638
3573368242
2954683643
342533134
1161293164
2171725694
2215738567
2492832005
2053510710
1340646251
962885945
1003737970
758428006
2235107552
3269381997
377250769
2659261926
1990845373
3878210384
1294369283
782484716
25110870
3129507535
2900975209
483892859
3587896619
4286911013
1652758933
2865779405
2814312178
4086840977
2227648443
4110538184
853269948
1607640648
828391629
1776975787
2688970002
2053246275
853918033
3801521419
2794074492
3260138768
470994825
3046940651
4118081382
4191511300
1090498849
3166761828
3015010563
4272892439
2700143989
2292941961
