3013551423
1705370685
937140604
704275175
1376079580
730551319
3883116549
2527181124
535164294
1411569391
282355348
431230558
211993634
4081978815
3915102867
1000460901
1561474900
2195656447
438631401
2991208602
1758174516
1435385346
863032511
175856230
3435126740
2127500157
858977792
568341844
2652128385
2451437524
3878574258
1440499991
4119020900
3550087671
1713813030
1181353897
3853895726
305151699
3620195235
1493910761
1262346875
2505365679
2895959591
1768137485
264397861
3717617083
536061888
703147634
3552612246
2970199999
165555069
2259548808
4055213510
3040964464
2991092256
2042495267
2907193394
3676844518
4077095973
489175553
643089016
31027003
713470069
3163933615
3369757957
866394630
2251977790
3601575457
2569295177
4228548609
2118155496
2321422801
2604930027
2930030209
3652128818
1498883344
597927680
2521568597
3305009709
2872076557
974099144
3335325293
