1643754328
23487854
3771362128
49277196
2299641815
3154506255
1966662766
1163102439
1115016824
3630475107
2827595172
431756185
2181023348
220498884
2832769353
2923632353
3368273484
3613523544
2837405384
1568728640
2253057220
4248395098
4126696920
2271122070
1526118941
2282373155
2832205546
3680660122
4244333387
1411765934
718936005
1804503597
2478248707
2860071143
3864839994
1043711639
2309549499
1746765174
2740756270
1709210562
189294233
1139046053
3119521834
3988585218
2215336731
2293878371
3078334125
2736638693
359282499
3110495172
1000738167
1224425182
3221319522
1636155168
2988929279
3338532606
1645009852
1172096863
3082629942
2666464650
3106657278
2985659618
374058441
2650194161
2733298870
2012931810
327915919
2659084708
1026012836
3358207317
3232719801
2141559772
3582730590
2431948322
1141105336
108153779
4136408370
4153271407
724800361
2952759709
3473466658
2381926537
3254908297
857331955
1470825991
851814646
2145228889
730264589
2768759726
242594862
