3192555663
3569482102
1837985919
3266940073
2456378919
1183469638
3689016315
321449902
1520510087
1214309125
3703575865
2933108415
661493883
4197920222
458739221
1306988786
4180782642
2379156417
420089732
2469791207
2742748050
3997230159
1970811420
4274827227
1423878937
1341417929
31620663
1381797743
2513789855
485623220
2639706170
615449803
1431716860
592397474
313266431
522441002
2003384152
2908222369
1557145868
1256144486
2619025289
1166140734
1161487231
2716026207
3444570554
749906738
3704824213
1705583593
4036846316
2748529067
1736938390
2398933740
1204844815
3883366247
3109203143
2022675386
539757511
4070475319
2471209855
248710022
2645169494
3857794654
4094861200
1441054435
388773951
3194675116
3302374907
2488639736
1924172771
3101949295
2732522296
459487210
78114576
3086367174
471814249
1021781844
2501971453
567843604
2816329424
450662745
1406878237
1533819328
4128776313
1031645103
1923617652
3933857407
1818807777
1453927681
3956682707
2361985490
2723230391
2908324593
274645486
1380732286
1218265235
2022232263
4048117841
3257545986
3627888364
2238689332
3481673536
