694878651
1524231919
1654419306
3286970657
686446741
313047091
3701523446
2183528173
203955358
3160953300
361843066
3637182481
2986166052
3449584030
3830246179
557867935
3413643079
724544677
4142328028
3503813946
952252769
2383930972
1326150226
1448248172
228766528
304285374
4192677123
1257690980
4229010884
1268822553
1522973702
29166680
94200890
498968694
2013281325
2892292126
2565030066
1761528514
4291868191
653556806
2363278765
182657758
2242234419
1631323977
600361407
507290450
1447354656
1137782474
96155885
756286855
61890107
4192736355
2238011290
3294093457
1826423982
3284132441
279884259
111084925
1570960381
1727853643
2995632845
3317959182
2917819637
1827324992
4066694506
3551070575
1083955923
1500403685
1061167960
2259418592
753893408
1045045137
2701443806
3432376184
1054895621
375636916
178773965
2997337036
56167330
4106323272
3251872871
2254554824
997217343
1774763366
2288648332
3375630404
543644492
832881003
3343150574
998686515
4118443540
1488950445
439774921
4095670872
1756212689
3563853471
583712303
1542560094
737951428
32421335
78112845
1617484049
1133185186
1659400705
2344073937
3542873985
2881107718
1458671959
