72371495
1920439395
2424051878
3149398075
643010952
1907295790
1364895075
1318236078
4207933947
2205195026
1365809458
3500329733
806375331
3449531805
2438003794
3645072685
1273199158
584999228
892729297
2721709023
1736164029
2197319960
3710647210
3855664086
845873943
1641366910
661221528
2398755744
598605006
3202499889
180220479
2306926095
3492144317
4062088593
463073054
1044562599
2768645913
3650703719
2880581420
601861394
1917493638
3530004840
749540090
2500374166
4209881768
231784785
2133583432
383917769
3423902658
3675094568
284367275
3040385552
235429569
2616841032
2459641060
1868231152
356234399
441033498
3886006358
141903117
2579151455
3596967288
4214666626
2083556141
2805961461
2303002159
1825862285
1854829935
1526424765
2590759488
2667094829
409295816
1921977262
864164006
3922412101
3011630399
306444027
1451031592
1423036946
1991464598
3088538919
1072666959
39338606
2521053548
1188094523
3121891057
3095033084
3756788263
4158149020
