3585519626
148515504
1225719549
3233157631
2670526381
3182657103
1064277351
1856337783
432141676
3089374697
2229734299
43627873
3911356585
175224172
3758246313
1646535768
1868639972
2141409298
656417991
3163091051
4202375388
380351340
3996623075
1925753471
1219930904
721346400
3746217743
1509554803
1687002202
3077682913
3810200964
2045914735
3584664002
1184728037
1616397056
2441630087
634099391
1627001656
3085664056
2464524742
1511765378
2423897668
3872755063
2214227116
4070194186
1917528227
4068924846
117262586
3523800694
4282334971
3839176531
2662917058
955803298
697155424
999239507
3036781987
