1989444480
243291968
734426252
4098400815
2933724413
3679185347
2972935179
3024869317
4121144152
2986404056
3825221549
2318601706
2565098792
3926167407
3609649729
300129888
187202300
1663364302
890109353
2560921211
2601207774
43273513
1894361526
3442489006
1134732582
1815791184
2786114968
3363871931
1050334633
2681027770
60580689
853950119
2691438114
3005891602
3860326217
2333588023
3143967537
481624940
1774874476
3655432350
3422781142
1428439838
3281042757
4104843554
2206331228
262820808
1446816764
1252130846
1525066763
2520498814
3157216109
4239011890
2995169977
2087974884
473296999
3325824585
954714160
2158213286
2433106958
995483492
1009788111
1168008800
3878610384
2874591984
1013540551
1751828064
1870251340
749706562
3753500784
969152249
3064433925
692601758
4199418212
3669442969
1807834415
1401204368
2430952980
2235555031
3697699761
1175969467
18759979
868686693
3540071960
4188043159
928828839
2730632726
3265900785
2830386381
1506657165
682969438
809317137
1897752494
914672872
3058973875
1950781741
3217194578
2429683833
2692694197
719546058
3700033133
3791771394
1428763239
3886384545
517246008
667629312
1375052328
3288778945
271596059
3012046045
1189281293
4018227251
3456249463
775727390
512356010
4240001527
1761770988
3514767961
386881607