232468671
3773273482
4025542450
955544483
1517920195
834494672
1868033616
3544719120
3055614938
4197852422
136949757
3941593948
1860988129
2628875934
1720833288
2350031729
165684462
1265892882
4246295225
1630346057
3681506952
456871386
3181310906
4113852089
683578918
3649768796
3469933623
3089161750
4032866277
3242382116
443059569
141707780
3583539545
3153793817
3414816877
3771970261
3886884758
2371283629
3899230531
1724753295
4212658700
2311046754
3572267625
3531053962
229392726
3153573707
223023161
2773262497
2986757191
525433409
4102486413
8641627
2775128077
3102436974
2324938426
2984651682
1171969262
3189393701
2505970033
1657616664
4115295442
2114306287
1748478198
1956272790
1649783591
87472548
3823725577
3388551332
475569766
303564152
3015356005
1810440507
3048433697
1174994612
616277301
2733305109
3086111546
1639794133
949240963
3719236741
1156417336
1067031735
1195148310
185023414
4089376638
1249327323
1831454298
2968294999
43812703
3184959908
3590101046
3164862404
512834551
1970223653
1618198073
3246530927
287979454
2844703194
3368418549
2206790924
1873062483
2578839496
639899803