4196461811
114232700
2509845723
276337655
3787709605
1041407112
73947159
2625261932
1018516856
3479584410
2267896374
1572437076
3176628906
2378874276
2273372921
1374871250
3822242337
3329842889
2174447959
590207201
820147553
3870449092
508324716
693092327
1398848860
1031475823
1197902210
3159438222
73509999
1880579568
712658007
890214591
3619708820
1096939706
2480745015
344631186
2699114028
2879025408
318087802
3868946794
2387034198
3341607418
1466658946
3357752006
4083692131
2366454764
756582054
3358174291
661512395
3220065110
1926070533
1859923392
3026064570
3836664039
2003913266
2307500115
3266290579
688491481
611351828
932396341
133558208
4258929749
3498713208
362525270
4036012417
1050459989
3134604883
3518702048
2798144363
2824679303
2191048064
3977489599
2847742117
3328553318
1327638028
1199972102
2946558101
3292337275
2338060180
3315033161
1301881576
2068405727
2488310821
2939113734
2461968658
3782491316
4202621820
1778320723
1525842259
3567196908
998390048
3008171419
1960881773
3204012241
1753708952
1366968652
3527714487
1370122373
489820729
1836939471
266261448
3367231786
2909351904
747006225
2760497785
1084861443
575281281
2068240704
1320728461
374909236
3931086249
2628970572
364895696
563671806
3320009195
3691475011
3998560754
3440355077
3701963658
2541317343
4155689673
1669039041
3543442419
1188739032
3085787643
3898031784
1935235746
41239872
3511825849
3944847886
237857794
2727166014
1268320336
759153179
3689134303
2764530473
4104557693
4223531164
3165337200
1139863354
4286006198
1949857730
1691063887
2221980273
1769109710
405656630
4238498148
475722548
3308693765
3186969644
3965158347
362952502
3253908022
1367410936
2882689950
837555881
1703233790
2553331004
2292766570
1279821416
1036317468
1212899746
1281269921
4058123398
1571247530
2660168642
1709678431
3800810252
3474252182
1041894972
2225600075
1022605983
1716655920
610870495
837732826
1553256777
3720861771
438151665
3922050183
458638454
3277754681
3561712195
1367007661
159202292
51174806
3838257939
3962682103
59715442
1354946536
4099068916
343959895
3764284266
2886189027
691899928
868268676
3996849480
4029062546
4021471897