984442259
3352471578
4148603640
893416718
235499483
2591837802
3671090072
3801868146
1514900870
3514429551
3930767800
659000303
2792890107
2830180823
1882990911
1190602391
135363639
1812463204
1978315904
4160088861
1948508040
2629638810
92589982
1548056188
484622683
1255984510
585535804
2438893209
155955308
1780097042
1691935375
3678287535
3469269378
181898224
2578740380
2874215529
3719009376
583488184
560678807
1785220199
4063489996
2686544863
24412323
1486911272
1208694796
3237184388
995844344
406375972
1917972706
3175537166
2986941060
572844597
2532814976
3168133926
2696119520
1678181311
1218231289
2436000858
3786872335
743615319
2381907021
1739949028
3173723695
397566882
784257407
1176154958
3163055688
2040994757
641855165
3652265446
3586463762
3606230566
323280093
1024196134
3010426356
1966629438
4064693481
2374235887
31912049
1516875397
992293624
3478018137
3514038052
3311179091
977061821
4293441348
3046041877
1698762540
4268541274
652402047
4294319721
1245400048
700373523
2240890102
2798559278
3879073620
2465180393
3905167486
4171207613
3661914778
1991484477
1129119395
3106062719
45146977
2988477499
255387541
2413807618
3247314642
199493979
3990667233
1802496244
606814803
510614727
2700511860
137877462
3789569590
4255120145
1390661379
3999119477
212727394
477429515
1083349585
32555735
3210948814
3698422105
3197134879
1462200813
778534480
808725230
92695620
3183633527
963267382
763901403
736400393
3062976243
2668841098
2187633612
1986004730
2372207324
636954426
2706833561
2560438105
3970249085
3769958047
2469282096
3466113031
3185533992
3016705869
3232983273
2037838036
470830577
4020099515
2502856324
3384901610
2860595596
1713085955
1094072190
1636755752
3559446082
407213018
4233655260
2932302086
2688373924
1190252171
3417579917
3699663175
3732267680
1472739006
2774923290
734943964
2893434249
1648812694
3111702424
802070400
1032462675
2842905955
3290495188
2077314124
3374910665
3921955846
657753682
2505953579
1101629463
2364473832
2214245067
570327700
2410301500
1882320709
2944567627
2792459210
3725569005
1954055231
1340397659
2965964333
192749347
3145715149
1176611158
2434675947
3340461398
829636379
1054247864
1298839735
3876709406
3276553225
540101041
3417078773
163921838
1992660847
2393634833
1764160519
305236384
705268345
418801229
1271614875
1851934637
1681861633
2006062821
463894687
3593133631
1629224603
864137323
3289293322
4106895001
1018214742
3868951158
1540662461