766317669
321711088
1928029904
2513194935
2841560511
2722999048
1499062864
3873193745
2137557670
1720590285
4005947380
2056605917
3510924312
3714998495
1099055040
43769298
334394213
3383697988
2119642864
3109073152
4183547448
3119451434
1661632493
1940131489
3448335742
1733818461
3711022527
1646408440
3146050415
604708167
529928688
4040847153
2990819478
3569981561
3673978895
1276812285
3310735215
1111322402
1986665304
2651070269
3203771614
3042512808
2534178009
3873507364
1048359029
3715569428
1556552742
3529946165
3012214271
1888003464
2607282013
643686605
4148874479
764119621
111348666
113307407
4175825183
3125746219
1845531132
2222561096
1467097044
2280794065
2650427608
3557224509
1698195298
978578999
828212783
3746761203
4140276365
3316555376
1038584007
2862654606
3809719672
675945715
1936276958
1039208691
3313901282
2160942965
161993769
916160623
1880551568
3613561550
2810539158
2789872559
701171084
750981422
1678692828
2581142900
3326548142
2273719920
2467663023
1433570668
1153736483
3583744364
666407446
2217748688
4157251447
1074471788
594022402
2523125299
2300772760
1672814646
1173260376
597711081
4129084319
2538530819
3466543301
2216740689
2393269939
4040905210
1908009723
3240566668
1094796761
3903166621
532435497
3136690466
3653564061
1044458015
3753706200
1898715118
2537671710
420518288
2683889451
3697131369
181511222
668432628