2578666850
3616628053
203117334
3444547073
4279881658
2328488798
2738110478
3532107793
3226854440
2148280236
920217543
1574462185
4060216896
1540881925
3040231604
2069570449
3804020119
3437917783
1458274649
3379317391
2640592418
306515133
2892813054
2768916627
2076533363
2713348090
2514909214
3556135891
2113595305
2147294254
3291916346
2661970787
1211956525
3297223164
2354155645
1775889755
584675177
537293030
851352683
2971143640
2960044527
3522801028
1288109211
3348464792
2294545089
2385441131
3513186318
440411301
268769456
368678245
16011647
2557593095
1878112507
2921937024
1233662283
4280505056
988699291
573982593
2883385569
1061912213
2325662330
1857486657
2147660553
3295491170
2242584838
2871850935
3954711991
815428764
999498655
1582906993
2882838710
4228723991
256046172
3150350829
1163646351
2508110217
2131770835
2086674555
2201042703
956631923
3673308906
1760027665
2516317964
2305281395
1305792971
1642673403
686987955
175628013
1414879018