40339151
2878053909
3826291844
2783778468
502308019
752501221
4035694636
2351807172
1845150370
1920869259
1953286589
3002927319
3512478867
4176752459
314885301
3749173770
3521713200
2810739486
1907781562
1364181627
558435814
461099952
2481407522
2145660868
3817429563
1776187427
3056409345
221508971
501201134
2272925991
1408310483
2842166394
3435346304
1488397811
3864876163
367275766
3581960418
2027780653
1924099704
3594683859
3400137889
1914200390
3387796004
2934678601
4168429059
3165436646
588353694
4019078132
2718340010
1255119742
3428094497
3263059630
2543552682
1107639420
699191576
1544313214
2931210341
1681662572
2587310427
3215660222
2459820096
1102353779
2384825043
67161608
3311973114
1071868371
434961300
4010109512
3460315926
4069401274
2066831948
1495810257
1252829632
3982682143
177507090
924175366
3086767841
3005476177
2148113499
1112433494
699764932
1926697292
2119897615
114566636
1349018210
937131018
2294828765
2528810795
3290015781
3600707333
2366941017
2042872697
3275480012
777882949
3783193506
3671542224
203222238
3037098343
55310351
634625457
2654857580
877029787
548883468
296551215
1915388351
3477903569
2483498490
3326270180
2074878208
3903043547
67083421
2635995418
4120272682
1142298207
1306381944
2133669565
1124516532
2815929668
2895694317
1889957700
3318818052
2013368062
3586566768
2814196460
2108819840
4036934062
1027322041
2437887060
3857274474
41001814
3402567037
1340316356
2877153611
811441160
2467298201
1136040275
3623119116
2703732936
1463089505
590703488
837380733
4181925135
9254025
2258140916
3195170669
2811932524
1985697
256430457
3790309423
2709384168
1489216723
757938400
2766290977
4140033241
3701493680
3560094436
1721839313
3649259691
1355309029
2663359031
884661724
2738432487
3163497195
1884618908
497575510
2875380436