3426965041
4233694280
1371088783
1128042927
2387081192
2543313508
3531568722
731649158
1085187199
4212214716
2821091197
4047749244
1114028130
1787009453
1925968517
1665488190
1003972098
2868870999
2563808494
4007419198
1618791845
775313149
1174257454
358685481
2703781127
2862521349
650643254
2797689519
2517599671
3797578381
1710379643
646409556
3707163056
1541703863
824457960
751608632
2478236342
195208714
2533596761
76555984
348377636
3587502637
56394321
3472203338
1430276577
1354533588
1617866380
2110968128
1354215686
1652259721
3632381119
4055905987
1081828540
2303612901
4144255813
390461656
3670809487
575167350
1087867741
235790697
825236829
241653433
2564237271
3178748767
2833356743
449999610
673181869
3246801370
2691080966
628495062
2340730820
3156454079
1180173996
4168687220
2992947770
1863519835
3238390300
2718379931
1040825391
2254406624
2392798219
2303572711
1583050416
2957116728
3169960550
3741451057
597638840
2727064021
2470434851
156144254
144031358
2715580225
2971674967
3322526554
1658609762
2563352666
2063712409
3195560783
3145500850
1652128281
3131645599
1558730698
230283779
716630284
1479741632
1486287275
3981116637
376634696
4124648323
1430094568
2910873815
2805130609
2341284617
1572596075
3218375037
1608959316
4134459027
4239065652
1666732618
1153503891
2359439745
874121098
364665173
3978467288
1376105922
493526115
3267726800
2507875270
1264701635
997832437
1855769035
978956820
709292741
3028387859
1793343193
1288855321
2957083738
1701743378
1454395207
2110628959
1756496739
1210454332
2289474824
443907783
409389137
392453046
3466409068
4016454982
4031900642
1855049694
171696023
734996097
1860763143
1225609160
1433979090
1346812104
4195373081
3798998249
3863227194
2698372557
976001682
3593719423
2634717855
4249108543
2572697638
3601641140
2679010564
4138853063
4035115535
2063339325
112762551
364344630
3581668009
8245870
2882343324
1659515990
2331031863
2977856365
4040626374
3552289225
4109656626
1614217589
279836532
1748157894
498094970
1835891336
3778294765
1556086827
598907131
1054092405
102321248
2967206504
1939853105
63243691
908490200
1704339710
2971623500
2726035260
157161146
2002524633
1935174127
901738250
1565500100
1191048486
1527136382
3875111979
4221152787
1009620648
77785527
3473877721
2254982304
3768623732
2606028692
3992738846
744238606
3218351809
2375481463
4063032443
1143216233
3122122589
2093805260
11637082
610312513
3838885433
2796525426
3298328665