2532867692
1430491233
1795806626
3518325494
389729049
1938146605
4027648374
3615923872
1855914805
846855187
3414995970
3614421628
950190123
2606578367
573178690
30158627
692955886
1358689747
215985776
1839774763
3558277387
2761322035
1293518517
3195361781
3936068718
1745538924
1261027884
1860255851
1122784626
3664367326
1307524555
3590406931
2445523410
3726826705
3542846431
2532998893
1891746921
1168716402
1844444188
2812210093
561450324
1236181014
3239534566
3759726104
1075699843
1091293446
649203776
3307743387
597815774
31378754
646725866
3671002291
3057736666
3093298021
492338704
3956498640
2803137517
1600475321
2006543484
1391268813
2148652468
753586538
566663754
1258193571
917097295
1416721383
1342491041
3374009022
3206939566
3059127882
656251227
749968656
224015342
2822041656
3885992706
2959127743
2642132615
1209538258
635090391
2751616958
698779078
821868243
3750974019
2990341482
503911535
3118065909
1336586158
2848131455
3702237755
1590948630
2810397720
1345333271
1667997452
461007220
265598496
224344036
379879986
1634520279
2534744137
793101220
1310065803
18884167
2870696933
4136263731
2365080946
1372763390
545898064
992143708
3031103214
1337396939
990869198
740601283
2069291343
489852229
2441416877
4133032375
2384018978
3314585466
3142261002
