4162031602
2446085814
2260237412
2784752137
3386929536
2276114438
3694555939
3767403374
1478877689
835185216
3628954135
914090783
3074056103
3181971221
1852066200
2652230821
3840639765
576279704
1519057213
2654273451
1171547138
2957748666
2605065452
807623556
1459737313
79838422
1562337090
3774696778
1918349831
3372749923
1634953958
965523609
1326267117
1254858012
955980743
2594136865
2826669709
3219614272
3944521560
129400866
1377176201
969730138
3328498656
2817117449
3094400543
1511502766
2324847663
749097318
272214319
3830587063
485331483
3045990259
2654381216
248847053
2604753332
1343632224
1023928865
2123277758
2826779199
2686497743
2872663656
602408035
2488251633
682034750
949100043
1667538596
2518448005
4031594737
4271708868
3385412303
226354425
535977005
4294206651
2344908446
907099102
1894895500
2700896686
3710421439
158961549
1657642465
868224994
2167519773
278344798
2300795846
435672417
1936252506
1401802032
2365798658
1869282717
3637389700
2655080347
2903891551
3277538237
1974923899
4182649656
1500746748
1318156505
1081839312
371358613
3076966517
433985800
3751747498
3391014411
