3911117092
2628892834
3706388532
3950391299
673869001
288867990
3578934695
1536807643
2868409349
2405461956
558272746
1648939707
313956325
2043418024
648330580
2663697757
2651380692
3201818124
3217961536
1843527521
3699312828
3400170237
3500902290
720361827
3159170035
1540844656
687933835
2820364247
844471851
2512337959
90662115
2717837312
1139239080
3120548790
1811504023
407502018
644832226
3760221353
4036997550
2026627244
24955765
1472672935
2064016377
4239755924
572846786
1029727415
644818583
286479860
2595826665
826050821
1073572459
4247143756
3719484426
2421479950
1900797924
3849136953
3798411386
903744736
4061451328
1174568413
2031773937
1641608468
3624069905
1358058737
2094667897
20574791
2739777072
4262101412
1939494670
2681007468
3297214736
2190147966
2119207377
511523434
134324332
1387973847
2133864074
2374751759
2423094319
281857938
2687721082
853298308
3703513506
2896637588
1008880196
550183004
1463084371
1649142226
3145898094
2218903263
52044008
671775199
2456305184
2577187276
2101129529
3440409388
2155245203
3208192323
511829639
3953663969
1541002033
575412885
1369735319
4211558912
628502550
3690879664
575506273
1828694533
2741390649
1488875383
2812127618
2732964680
3051063545
1089246158
3740688270
4067903076
3626477204
994036475
2775294930
1430210017
3335481560
364677050
896101189
1282182006
3630026798
4273892135
2032372787
775820213