2726648112
181053817
744952939
3541847160
4283043780
3686790486
3001457428
983800657
1057809875
1261688748
428932611
4285761054
2632255144
1431355900
673860223
3860199497
582831310
3807383628
703978590
1007449068
1055524373
2045133116
1717483366
3991280167
2247965090
3105102465
2257168119
2069670961
660011426
1808845246
4095182290
1112807726
2516312644
4190151970
2058039343
2455728638
3172358105
2964127213
2865118646
3122086001
1572228811
3307311237
2991287408
3262052344
2639805528
2491908065
1164978163
3761530283
776973645
2202848696
2650260057
1923954022
3911343286
2084463487
4150738105
2421322716
140047785
796069148
2456546069
3502375883
3026636480
2840915290
2250866996
1900253672
242125839
2642231780
4023242578
2059908278
2262269757
807004953
1381172117
3546635913
2081762174
2828711868
2561205618
141350110
2373660344
1989352033
2413922432
4233047099
944126573
200201524
1328550627
2536780401
243023205
1589284291
4134668012
3603264039
3731907158
3774896832
3045740556
2848301438
3472995443
1723845177
1143402549
3725860499
2548604766
605729816
1338801979
3169076356
2385112764
694872216
193573415
4277884114
2082688661
97166876
1267544044
2059334091
2121549688
83903101
3348016811
3145434710
2897796714
3512617600
4267995173
3476848208
3900869971
1693883995
2396952458
1403290579
3279797207
3415044042
3353071025
578333628
184332459
1287054896
1389604470
3256730848
2934304744
1149436123
1360170583
1491460962
188327744
1598292751
4223527355
20485317
4283272352
1668366672
1219076055
1772055203
2673947641
2983275921
1997667586
326842031
1999490469
3522725962
1912899941
2488601679
2989017771
3356473718
78489865
1709617313
3892459312
1000344056
1295849505
2685270954
4143590673
2710460673
2332296337
2383676499
1095639141
4166208687
237001883
1015747094
3083078393
738629061
4116687070
2020335323
3478383936
1359249258
4243887882
4180610874
4134169309
4159112240
2883832119
1824729952
2260871433
1736780992
3718459813
3692475885
1200503189
672828046
1604901288
837611079
2099287008
1543034715
4264747518
3075860381
3173643544
55307105
1656759411
642894634
4013339688
2142574911
3859853943
3315130227
2083397398
2342279413
3345581529
2984364359
2732314951
792155294
160131462
1957756727
995606994
923175912
2803225979
1842367072
1238637567
3857578881
352366368
4164370019
3608822564
3279942480
3670675731
4283574994
3252481276
3595355192
1478800550
3125419466
1071206752
855818050
1119683717
900711513
481296533
1940856559
3928280279
1312687627
1736282183
3894754304
21820696
2985734849
4040975933
1713922365
2298161246
3531748559
4070067020
721769445
2633089023
882943781
662944261
1324987768
1537322492
1313817841
453456503
1508371415
2864129846
2348385958
3231475160
2431997720
694172346
1284192603
955302223
1301201882
1289048169
3708296729
2136285908
1550218052
4010275549
3525449421
2619026155
2203743937
4250766716
1376392542
79933640
3422029643
3981921316
948323597
1161261513
134533579
2519513651
1198142835
2206031951
3537397592
1112038671
225003222
289697331
605373889
78556075
3822193978
214215427
4198021001
730444325
1043813376
1342378546
3065768921
3401861934
247126271
768906015
2796772939
843308824
4141113477
1420150325
3936040087
4160291221
3799548423
2135814895
237678087
3741595938
1346031884
1955872206
1835886031
2159135588
338137662
2442157786
1305234581
1775042434
720443824
3211993037
304534585
3933881178
3338238820
2467425411
1826069920
2069402431
3202708295
2283145863
2510252757
2271816840