808941462
4255231070
1147791067
1698969693
3371708402
2277822612
2128606281
467777824
3965530948
1075951736
2798997990
2253867707
1626388446
1620493168
828920853
3588381596
2572334094
3643241524
4231563662
2443698983
3731879191
824961308
1110344811
3271806736
1649486762
588989658
1348507598
417752374
3310877092
1424736106
324400833
1167690417
1005655426
980338477
3433627701
2862776039
154945500
659282110
1752740013
2414807997
1887568589
3246515009
390548943
2650978457
2053311181
458993173
643556407
2639273514
3005374316
3580600716
2923152340
3461175972
655356981
2470807138
2875898561
374436665
963961521
155261161
976699894
2769932848
2213166457
1640262124
2388466710
1322308019
1508100108
3648718049
3791950491
214822376
2897131512
2215301031
1657599409
4217111905
1106638493
1648157750
3753764264
2700082983
3559482464
2951879845
3475013912
4272086430
3645331441
1141956245
2977612651
2672629160
2044064773
1438218111
172699504
2543590626
791223696
1911721499
3212798047
3088429926
3354534161
3733768421
1644958229
725524785
3879290496
1392622832
2512499888
1864838942
3613645695
856433605
2508797166
2640637354
770900119
372608047
3248742442
834774865
1160377786
950957537
1992619468
2346951209
3311845515
3182461363
822614941
2029057033
2893182295
2789891875
3330446879
3072712378
2992176279
3108617308
602975552
4093926760
2023190311
1986758712
717578462
349386127
4181023456
4028497470
2018496801
4178076884
1206407684
1840263602
2278603834
4151600807
2144277954
3905499339
1378197048
653332351
65221074
3831573791
3722729701
25777688
2468280663
4030392690
2687320484
3349446050
3465493324
538723300
3297651457
1259227819
4101419436
3447945097
1118511950
2020901434
2116496621
2376041795
4104929068
570715179
356548477
731333782
3819662920
3324366279
2745577654
2181089362
2472953342
237720953
1328488047
2982684136
1857179777
2088881671
1359666117
3396989598
402185948
3245562845
908961900
3636579527
167137919
1618322194
1974418239
2177262816
355412900
3843569730
2867452395
197886097
2451505795
3634159763
3903856911
2600110220
1202606686
4096619379
1248460246
16584590
3235781168
1894521837
4000429646