4185666181
330699073
491032475
3732152110
2590674643
1691502886
4139237870
1402117141
4038832370
134589476
2264163466
2963588126
3286380715
3827543172
1874967420
719288234
3667243913
3302867047
2250991603
3908338622
661534044
2838258307
2172925924
2969544494
511201076
3069989498
2573541393
3288072255
2097522554
2941620694
3185702236
1666361726
2489084752
1264591539
3951976272
2819921327
543866269
2312747351
1049887300
2486875047
2639509614
4112805179
172963370
3061627810
2639847137
3064446639
2279295675
537301822
3125592491
1247328566
4168831302
3917591811
2323317477
40465322
2926875093
3393412464
801397450
1475557998
3552703832
3773321714
304943730
2652195592
2003745464
960873156
2528666363
1851144336
4094683787
971922921
2848204982
2876682560
988285702
1238680692
3100918678
719378784
3870986218
3615193372
4033772726
1406733579
2165513959
569072149
480824034
1484107838
428604100
1974960382
3476560902
1108082657
3154756976
3270737654
162460828
