727244082
2435721784
1141040373
136703101
2488219221
3181397202
1410753411
2986710346
484161043
3589215226
484391425
2221400768
1869670239
2381081076
2946850379
917228893
2567059232
3049840390
949575827
4201720342
2558122474
3378575628
4196433360
1407912124
1262695022
912788360
2121040155
2947100983
3354635022
734933292
2522263487
1483609506
949463175
2556513155
1965487354
309475358
106597360
3969299465
624027366
455457862
2444342799
1107041190
3470232993
3129387057
2853600276
861982787
3771649475
539882207
458801973
3069190736
3031647587
1656601013
2972865215
2891310044
4143888728
641873439
3509686214
3314155732
2391426918
3244809583
2873086789
2673253566
2820142873
220665148
1331993022
2544242268
3587510176
4148814332
3990501854
