283607965
597572364
1099111185
4047078441
3675447401
1849106676
1400603974
2892124393
476204689
2259650559
393380798
3288460619
1989120605
1556919242
1492913167
2717511989
1293328026
998201031
3348472946
222668259
617351433
4010684441
3526683700
788243121
1872344302
2555749445
3262899014
1882809113
273910667
1662170376
2363890488
906634627
4134822667
1773826637
3605625639
2524711101
2098043348
1560475645
514147602
2422350493
3734567229
2057286665
4174620523
2738831251
1448003908
3131281212
1102217392
3282159973
3407349811
3532759825
3449406097
2537845308
2319367305
1987152789
2403201822
2042397370
2336592581
3354748195
2246917349
2224043579
2661642150
1645940704
2066119693
3898193299
3511680936
1269543598
4176364355
1955955115
2370383134
2703881167
2502644017
1571370748
4228027902
947087491
2676999792
1568849569
472085484
1400306728
3285669124
3552109797
858533797
3462716861
3090577978
2882335213
3015530691
1935883464
3453517630
3326224476
2744017100
3382496365
2245312284
197444449
865583795
2656367781
1915433700
887983024
3742510126
2242981716
3536565037
69745298
1422316067
2925484682
3136040579
2197229485
625964632
177243452
3260137652
341159972
3003689419
3209420531
2631347891
908418087
1309439180
816833061
2010198501
1012998922
1736646008
1817911180
971181081
4157329770
696546378
775316710
16996959
2878915446
2131992584
1916438306
3215846137
3178928077
825619632
3980471183
2340542775
2929639966
39349547
640910678
2328361556
1256360752
1641156278
3982829282
483880098
962316769
2645011417
3645270119
2250160578
345492756
3686231891
750491720
3751115670
1216046358
1449939179
2103257404
3546095567
2767551051
2351928176
2420005525
1836833111
4183390599
1927936833
912250828
2265262740
3466627598
3642495921
3983186096
2529407198
2149588177
2614675852
357119668
3253973275
145991055
1125534043
3312115571
273340056
1835738422
2889533144
3873917485
523860300
1473348714
57066133
1790428523
1168608432
654834071
2423425861
3539459117
3708001265
689818580
2639893150
4224353832
543155356
1650122408
2791277358
298227039
1490421800
390544572
2922040462
2533272442
2009657433
1205795052
2029785994
4163947622
226925285
4010807861
1976510482
858384644
2371712653
2325920442
575558478
304851305
4035568556
1230338066
3966796772
3924160246
655579614
585200309
3869031116
1655829388
3496761867
1404335524
3482863700
4214520084
706158601
384893038
701312100
825726539
2479668859
910438211
2255116399
4026294871
1254993643
635661205
795381886
2422107713
2658262030
1523293435
2863202427
4278612134
2797538445
2940459073
2210764029
3209870625
3179040774
714505100
562579651
104223258
2526428268
392783552
124488717
1156698151
668149329
3620341957
873877889
2784981652
439367959
3436106284
3890380598
2825990335
3867151212
1471265494
4089025517
1391799247
4176434896
3562542171
4082924482
704852197
1718785050
2475851665
642309169
1524817763
1959091637
3400705944
2696702894
2394432012
2333165207
4160089824
135693841
2694703733
3018410875
4028698672
1707871530
3118509741
958447576
2270220191
2120411275
910368589
2802514114
4022948766
408182092
3118230520
2432024798
1554485935
1649682522
3808447167
408827543
752251990
4178621627
1092438793
1986777793
3908744232
1223818002
1800038943
846529658
2159482812
2778398752
1359017126
1022690280
4135289694
2053401286
3571917369
284887560
1294690255
2129811810
1512103333
2776232186
1458500923
4208860862
3495642675
3534395336
2858699357
4228213570
651580002
3631916988
3218543883
384456355
2799135874
2891578795
726063421
626353404
1197209290
2947688565
239415022
3737100068
2673082875
836673900
2329663541
2058335778
3832482631
1663473158
1582970546
529118635
2219068580
2618785943
322604047
3257430245
3802128346
1392338382
3261746889
2172058355
1049853507
2787001072
2889469999
3823029484
2969321409
3489532230
2443484319
149205454
613978394
3394839422
972380340
1505244312
266951355
3976522765
3953675947
114530909
4145149164
3232176437
2382417757
3779785771
4022097660
4022266734
1883626749
3891239469
160286623
2363422896
4016656967
3234721163
887136018
3456535431
131402082
2155028844
3247403665
4155406070
1653084077
1750633173
800762867
1506183870
2363213962
3594066292
3291625015
3793244453
954768758
3315377473
674474147
710605955
3145925816
3398552958
2292557147
3174787257
4113634877
1219248720
2715396214
1922260130
952820062
2156565956
983125454
1403657867
2620711816