3394400909
4163889324
1545341626
1238566018
1683195446
633140076
3849039476
737246403
2152137942
2616709535
259076008
3114889684
3268564124
145988284
1348197445
90758392
2672526060
2859038526
3776100888
577210639
3082963429
3631690185
2390180451
943418516
3726130028
1722120070
1808589668
2403826461
2220438359
3768516073
3334849890
629867299
1396704168
584392258
4136741391
3334904953
3989084613
4179394966
133813793
3991532610
565290936
1376001493
2812745632
3046508912
4217865404
1097722723
457781
112404722
3469628522
3600663135
1704854766
1366820911
779616481
1856765022
3133602487
4018271455
3929417335
1896147068
1413363487
3998880354
1098409334
2721693499
1209148208
3960910140
176687315
1359777690
423829210
3088195067
927640358
2331033227
455087072
2297877292
2067410340
3352840978
1931291496
4251961783
1359385478
961282965
960724856
3912921848
1215178958
2915995185
4176551394
1290675068
275305176
914976769
2723630443
2496142491
1966802689
3468740443
2294656744
2274628606
1565557891
2687240209
2308132539
74648961
1118308399
4238359897
2554555362
124815921
2340649236
496990125
2773701278
2170487554
1933420817
4217004506
1392393492
2254790586
2424122400
736318465
551050036
1455887524
4008756662
2182070978
1305520004
413303727
1816142563
4281621834
2964998400
2384288704
3152008180
1189964058
171445277
3210621464
2564953885
2971775905
3907628943
1580149582
3289868472
219790038
1792056689
1801306152
4272444850
101710459
2152439665
2605074177
2027222130
1766888639
3450360774
1450113839
2439788900
3927188319
1253102757
1760723477
4032866296
1337862124
2479596900
3740303589
617356664
3238548177
1665924962
2096796581
2311327036
2578652719
482532989
4293334519
3092195537
1188053246
3795109826
25137418
2767998196
1047392646
4115194779
2699433426
159548649
1667682281
3709405296
3622198300
4226140202
284589149
1451528442
152557189
3175476392
1396347528
4028829732
2452645522
879999494
300327783
137125718
3662408443
3081281599
1425391220
2093028854
1648310377
4249949181
2873081052
3165594463
3854130264
3745159988
506958223
1991245230
754322898
1343006106
2869523055
849561878
2964633228
778176543
1452214178
1651928176
1092953220
2605748339
82481834
2494167507
3157721949
1430656345
654208539
3048592148
2141351621
2256730406
3607684650
3747003804
1299933248
4190558989
2108853765
4281667340
49121649
828522945
4023295988
3140093493
2075372797
1268363129
2385486246
4269337716
3970416598
3835112273
2519223644
2704678299
897436906
1592453208
3010467067
464991368
3464818935
1801842524
3686366032
2985256076
3580397814
3789422816
1104499050
3926354467
1237467576
3793982526
2708850055
1927893064
4022892533
2697507096
871920840
1489448447
1679705416
1744948377
3548171437
400538621
2504996763
187012781
1443497381
3598428601
3670377733
3468423704
2381997005
1140286900
1741878168
2530813426
2619399328
3120941827
3379316622
484841181
3187731435
1226556026
213342057
2734642156
3686077264
2302863600
419959480
1611813302
107353661
1758697101
373742349
3476401845
1570127520
1844300337
598051304
2315195080
2923591023
968009644
897694536
1718981965
3904978628
126417867
2868535139
3882778233
1768985318
167337293
3998377975
1578569256
4257445631
4169837401
2542406669
4218544547
3801399894
3949020179
314203143
4286185676
3338542361
1147795747
1571338687
377089837
2637137452
508554539
785371004
1172022697
438110608
3051985315
908400102
3526701724
887373891
1900539540
2749637412
1173654952
349099880
2778975292
1192964994
1648934201
2267869901
1208149001
2704153113
646853022
3876574218
245058417
2949661254
733051218
810542087
1049349201
2382472386
4131429328
696494545
699110286
3597562060
3377327806
2296666590
3044349956
3118179766
147639828
4050788105
954505817
2606554626
3357316164
3723675441
2522625108
1266389504
2718830141
631677986
2837927932
234790959
2144864979
125587943
2280057971
1521135137
348081915
2386288094
4095891714
1253879546
976101141
1790193983
132989414
1089318652
474463999
4234485040
2331457312
1681312565
3770549708
1447740249
742471162
3454482337
950467851
3375628687
3506110928
1259028516
4277870526
3924704672
3088666618
2770295732
2105206103
2643549510
760711725
2454496508
3850637024
1431636689
1540038664
2316443894
1581416383
4052347077
2934963714
1579074613
1417892469
2898360012
2929351451
1101541053
821922561
780012744
2000026758
244526730
444675138
2790945250
4288299877
3271994233
4134301347
3078022189
769152291
2519608029
4098785415
896551172
1790766602
2599302761
3692142939
3836215525
2302914661
156480145
1542894879
3335589528
637191967
2951300525
1125366264
3458667897
4055354686
1418209309
2277599574
3760196917
567646280
4035840068
943799162
2244387300
3485817440
4180057833
3596652215
2684097849
3159586879
2154864304
2711070943
265122744
662551760
4257616311
2158081597
1647409454
1406007265
3743230597
3314578871
1706872799
214169247
753881579
1070863465
1463964164
174513172
81720113
3384244163
2228735433
2670919757
4028876377
3376020765
4216857190
3814437218
3147501283
4064289317
3861335878
3058803600
2511184385
1316008829
672788087
1958588370
265102389
2524794420
3249769109
1890954099
1053146860
2256446371
3615331952
1995302828
2674556183
1864029386
3123151039
213553987
1905286147
464227068
709786141
3169973816
1416073123
1829777728
3637581832
670595359
1631388854
270734294
384542014
459170766
139053833
197221389
2579469474
2113514225
3757430777
1265383585
3402375228
4023575938
2891287118
3537106469
2787855705
4183934820
1868559523
2310089322
1814206157
3766870716
3364267069
1824669677
1834187369
2020737509
1413545981
2639532138
1523929476
3245720717
2517617287
2840258133
3751001356
2622552962
1235598427
1315095587
1011429377
2382417256
991779547
3099671102
1783335624
2567121682
3207883757
987433403
3055842152
2185336997
202740042
1747827358
3578592312
332869034
2988180880
496907867
512280086
3952807971
694166858
3578964183
2053353697
2041362500
3531054346
381504944
3789624311
4181944773
1891445890
2652318938
2050772562
1884794795
3460653685
1633694371
1832694424
2971015089
2458590306
2884383012
425759800
504821633
423685071
578400422
1042645425
3318754543
2742764449
814668825
4278465734
77492248
2825254915
2730602358
2538444375
853218495
3012166370
105833288
2421958987
2425265644
1930263706
1243160188
4219404212
86063289
1053951350
3923657302
2683205091
1081914491
155466012
1343170932
3749551568
860932423
1739016111
2167260158
333504888