3169873245
3739931239
739522464
2256729347
967286987
675053050
1046721762
3131255901
4130182868
367968962
2243207212
706934885
2866234709
268393677
2077684946
4095608003
2576992802
2888910554
822196874
3286842578
3036580800
2641870995
409964663
102324464
1631036273
3829735909
124120268
187087501
2469432873
2212390279
394457637
674142856
4087602748
782052367
1430251571
3644506701
2559019647
614325406
9931290
3859117382
798215419
4179836205
2078984966
1316159117
167876937
1512135179
2412863409
47208406
459298777
3527270940
4020636371
223036610
651867179
1480601962
3948602667
2605281307
3310884778
853048989
3869557153
4247207181
915474175
1153450340
2684561702
4090771010
4200076016
3708592334
1654105654
2418228754
1700901471
2221406609
2123601086
2577918331
67499954
1210812475
2677698761
3403549422
3177776234
1827225964
2222102328
2295124974
1325215292
3547198576
1415038467
1162443950
2479761944
2122713208
3594693465
3712913628
3659545745
2049382307
3032863339
3310294424
3603305308
3182267739
680933045
3674177447
3537556430
24756013
856996042
3012449106
432637295
640875521
381575576
4201804819
3255590464
1029042590
4207868696
3604162551
2224272799
2228199635
1001147385
3940984574
235033326
339234233
2344830366
2376479098
1923265425
3391457336
3241204631
493927776
3019640085
817493161
2972586744
2324000463
3331501644
729428650
3945646241
2404817305
2634226923
24327110
255018271
685828262
2322764709
4145534457
3130450592
985987149
2403272670
1845026718
1293182696
784287646
4046227286
816225592
2421924395
3080834682
1415248290
1662057564
3834266754
2617319581
1545269196
2643284057
3046755682
1265681582
2893154786
114481693
3654760792
838433982
795457797
241067923
325379100
2053057234
2785347308
2051557413
4144722783
586875057
511346380
3437957237
3543919512
2047009990
2884685715
3416734488
2972399994
2431658723
121331071
3726804104
3902764583
2345729494
2719659086
2934060068
2270375441
1178167603
2074247005
235293405
678620583
3219466243
221094896
92156601
3662955282
2314226750
3906420596
1818119683
17548266
2398947343
1685906803
630955002
1124477942
1670777522
703565308
4207126701
3017800789
1970999426
850116130
492396820
913529003
2838651747
2016946837
1731374855
2556228099
3915292050
3416428733
2145742979
2290850753
3588151707
1746404328
989497465
3168985365
3345135867