3665502821
887597909
1669669382
522835142
2213186013
4271101054
3747661821
2419174034
1887578527
1124560641
1228129719
2504426848
3042755156
2934469014
3790434785
1803872391
3016174788
2605051097
2382922540
532588126
394042847
1959619510
2926166592
3089997159
1008393548
1070623900
1455869669
424158831
1510003105
760590030
3782836793
2198732611
603607346
1584100916
135123059
1794359877
1736564280
3341699298
3382327454
3191434928
2561225632
272840908
3181028215
3226271735
2310361214
3247762067
3114301689
964756412
2784183480
215982293
2426476479
3713614038
3994557612
3957626739
66697210
3884190807
992160483
1102353334
2854270393
3610929304
3073968392
2153035400
191924653
1862331375
3299133539
3282666535
3533707238
184153332
1747561740
995867842
2053114377
801175682
2572851539
3457055382
1176576329
1506441663
3093709959
2454888381
3016848851
1168728995
1900453446
2987180393
2483399933
469272298
716799822
1162893542
1452737110
1143580172
1730001092
2477742969
4072872998
1877735714
1460920246
3988111976
2068287439
3659936784
3659645358
2946589484
3085614321
1254977803
2134723290
1120154000
3298346992
2005204631
952807877
2504020853
3884766990
1177432530
3610172396
1194654696
1661704237
1595074719
1048413451
298750701
2411880532
577785288
1497102665
1591606486
190299218
3806449504
3075936354
872815879
4241570448
2775128676
1748106802
1924208686
1811632409
3223656981
2941922750
3323669412
2464933829
751255455
2102716155
3783441140
1053675408
3399777367
1467234673
815285253
2017073866
448679154
924106948
3352050513
3578173060
1251175871
2203370742
2979722077
1297184467
1648498965
760874373
2382204797
1361155727
3243164296
1051360234
2032921292
816070762
538727538
1402970839