2199303598
3615940905
2924190396
266692043
3265688743
892924291
160521701
2732032175
3217044246
3208774272
3836983339
2584522008
1357158907
953592252
2154924040
3574805188
3459281769
3993335316
2153808790
279795542
2113476308
1453894048
1300112153
1033254328
2326707157
2605546453
808204514
778254316
1812336221
1600966570
3961891044
575800086
3294026153
2513377992
3958528300
3058166268
916712258
3897302450
3711049513
1390668190
2380624126
1976953282
4221191277
1960893689
3851571706
675559067
3249227746
1502513857
376210655
1645532595
2017187029
3179801565
4032506355
2775039901
3876081448
3087314902
1062730786
854072941
1266802022
2594995718
1917740899
725574296
362278035
1694205557
1941188484
4062075517
2204044991
1803131349
492789513
1936934237
3045855142
3035647644
324735009
854777872
799484738
