1812537891
1242924899
2323690195
919344434
1291074733
4278054971
736717101
407000356
1823491845
2539153752
3349524829
1527924494
3764383409
3999406791
3061323761
1734972829
2984461420
2651944016
3709187849
4291126841
2128053699
1331987747
2757035015
2916054467
3607715956
1153467407
2371410500
3816780016
1595261761
343206943
3583996167
1474833428
1505659365
1943918557
3650690183
2667536021
3894369535
79800340
3028918638
386007605
1064619015
1628408501
2984768526
1050848352
409832638
1654097779
1433171380
1296123986
814604856
3686115449
3057894627
1090974545
2213025830
3107958251
147272049
1030020439
3792601448
1954974501
1659573110
889348791
4063500539
2876362061
4091615698
1338230898
1173758378
3150086841
4198086338
3033813220
3921018118
954386465
964797428
2190762898
589834591
952310614
3922533613
3148475566
