1085322901
2163238576
3929666182
314866860
373144154
4199410197
1270563601
1966623875
2956065700
587408139
3665941816
1661158074
2075321109
859467161
2470009623
1840925244
3757646953
1458868441
2684324006
1272243747
1173452222
2442777153
1315470051
226350459
4215100437
3305527753
2812196583
158388973
1924408687
583017751
328362964
65807246
4162372149
3840848320
1439538133
3056236476
2027423542
2087379313
1139138765
3112439563
837203477
24172550
2692949612
4268379000
1147140981
3146526390
848168732
4033449120
3719459734
1287808499
2168661145
1722175696
3031976227
873714396
1980391560
704163122
3831236117
2611917670
2168238980
37963627
4205640227
3110164354
509648539
155551467
2487354960
1210956931
804662507
2247380006
402466250
1019508999
727008311
1915956703