3407112281
2454942353
2786288892
3786721252
2393734169
633678809
3352607286
1857985319
3121838854
3289992705
1096864700
2195254960
758139427
633564470
3490837087
4015257332
2028817303
3413167272
61437922
1709772540
3976991460
787351920
2914568193
1580775258
120055052
2168888101
3878621353
617238960
403219878
2108249944
419588476
1168611096
2924757156
3331762230
390143102
1912849729
2241461254
705096652
3897077872
3288967915
2363102203
4120736287
3540227183
922708583
1868317684
34248934
1356265528
1070136198
1960632812
1460510970
1745609357
3162224613
1203894637
2011427114
3360876173
3050318709
1275484701
363791036
3853341361
1335468623
