3947711128
4066546443
1632156149
1987645119
1914395222
4293543233
4036114485
4005018624
1209645407
3612400983
2777256768
3939154825
2385732372
1053025945
3607621173
1916441601
2612914462
288519308
853059872
3318427396
2123441511
2500629012
1528365622
2380603280
986935340
1872558960
3588168470
3804737164
3731261620
3371584185
3096862241
2151368116
3495219004
1282878865
1150358860
3627474334
3562854184
2892350858
854248701
1967598328
2419945614
2661024250
4140841233
3398082567
4138831865
2754081652
1505665466
3211920795
3565843337
825063619
4022439677
2573834809
1132352647
1962056738
3599400783
1920736448
3138036215
998535700
3096157958
1124901095
1305425184
3795165806
3176603993
818379631
2410625268
2445268473
2538001472
161473211
2013541452
4268192788
549619895
3705806763
26391709
1163223947
2102015275
4002184501
1793033181
3435483999
1862987087
348675008
4211899238
871561531
3116577427
703111920