4247812571
37866009
1263444089
3478469347
228195261
246352983
2272464226
3646018397
1687437983
1616194745
4211544845
3841124276
801324064
1539060326
1817748757
3167342728
1726712134
3694967315
2108436249
2156359445
3592516209
3575407764
4156262728
2789439418
1559439420
2477292450
2772508117
97882109
1279393092
634696215
1371224025
1815039937
3839496039
3102765552
2067521600
959015443
798016971
1404235915
868786024
2618654555
376536590
3282176699
3091728257
1683170307
4020966107
3273983186
3192310520
89389695
2017592947
1637120393
2495057134
2327614559
402402666
2511208945
430102330
1262345803
2131920264
1676633083
1313634244
2473975410
2369512689
2943718712
357540193
4088913261
2644546766
2573017959
1112717450
1641163356
1736197034
2115190625
3075830005
2385536724
1075317092
1308581497
3362002999
3657061138
1673576160
263966864
325325721
422469905
3018020879
2502914675
3663073171
303147461
3157637630
2398315126
387889910
3886451039
686814330
688766275
297953136
3969481865
145954596
38968499
1544480860
1149850898
1394583508
2072740059
3740903764
244643140
3663392686
501975868
764414871
2871460111
3566461079
3191008865
132318909
4217249334
263933211
971834565
2379606915
110216186
1565872119
168482443
1892868631
2400755411
3830750884
3126022904
4237918129
2552653923
3873223871
2585775642
3312766472
971060201
2527082049
850396698
3148194266
3185687620
313800043
889584615
947014101
4136291437
837798923
2329359864
2852482765
2495323882
2542317099
3306404522
3219384067
443450824
4139810632
3339397251
4091123874
4050300310
4211842749
317020267
796481756
1545585755
591637230
1869951457
397499119
3759340414
46317234
1112397460
3343719251
3350740110
2911475640
4199946006
152957119
3088960970
1170741035
1391296245
1049839061
2508083667
648821293
343021686
2897051651
3004658076
3018738584
2388803434
4109633263
2954772193
2104486172
4069927458
3708822753
3962457763
3608868028
917747954
151670887
1609986043
290966594
3744536380
1192580212
97830701
3422818781
1027527026
1865921538
2331814450
1000349775
1402442487
918233016
3534061531
3059750604
3055364786
2735305807
3427476387
2741299946
3666500358
718997894
872923997
2942515264
2060247009
897995649
4119523381
4034913742
2535537135
41244408
2713879202
253907753
3605649888
72431115
3923139480
2655385696
3024262557
3601172218
874598028
715180861
3514113815
3669979472
47730275
205884422
3667304070
2253908309
3735651214
3136255041
661977993
3049114530
2152168144
536418284
1820010350
2723108567
827507959
3534089975
3624390845
1623514118
685759165
1981215486
2571305509
1270310403
127561750
2352119604
2780377920
4122210089
2482089277
2484354060
843396477
2050697350
3255101647
737439418
159898240
3496138536
907854879
4240641172
3090618596
113884777
1796099723
3879735348
122051318
2452140754
1882994997
3489726520
677179662
3307763412
2235523911
520025003
2200908050
4062628890
1445399623
474689385
1655959747
598427432
3080103458
3285778260
997481183
1174834053
2033660356
3680580484
2888913005
2360561243
1889881076
671307018
1093467751
3009196732
2476660711
2662453943
3766192527
2265121225