1013144242
2032946230
1909725052
726758617
639995933
3693588407
750452877
1694704892
787966419
310608627
611656052
3632610696
3230329526
3071018940
1571778200
1463737685
2489798314
1865990993
3319580490
808244275
3626425096
3103467522
3613319090
3150979151
1682170039
2706531335
2730403792
1576862585
2003541792
185085744
65076539
1442945779
975011514
3834128881
3241036080
112360409
3482982892
3084383962
1931141714
1285507265
3790976246
3251911455
310538986
1209135581
111653270
3202645941
1663621168
1156276484
3814382753
4011168524
2419843741
3235543108
2600695649
1402268356
221896434
4173261506
1839985285
3843925965
3118866997
1781266037
3137513312
3375886188
1566417553
3769391262
2721926629
4249254662
869137722
2851621072
479295715
1959781322
2613839055
1883614765
1375066938
4113714244
2993013656
453311780
236449219
2649916403
1734639035
129709056
3019389184
2652357828
765701512
419361009
676767282
2627325380
4134815986
3429758913
3006723394
3934049511
258525378
6074350
1024276570
1552354455
209964427
414511105
601585362
2695122131
1060284628
1980772767
3778385119
2723387895
518387601
1564621528
1569562615
1891464436
4214969756
3790261286
794637531
2860880449
4016609253
638058380
3769696879
2424241378
2788164030
1265808926
