1627479741
1654103421
2687605120
1914296544
3686300727
1831141015
3585100335
4247608549
1442098538
1389403542
1471935370
1039624607
334620911
750631266
1744893742
1268620944
194085767
3664995780
1669841285
2620051409
605970986
1666141664
1057865504
1552761432
4178901174
1179261137
3690956571
1757276296
140237565
2922407705
3584902601
3235797376
3867151680
42902857
1857878904
199199345
25996909
962095936
1628059520
2724286559
3518069102
784840314
1359498155
1096672110
221497214
1786655026
1224769255
3302037109
415585068
1997775006
141580895
1933229510
1270620435
2624419996
3747174759
857424674
2001274343
1803890763
2476243719
2460114268
3769210644
2741453179
1748366842
3297388175
2563864645
396090759
4198472260
3875377406
2386241948
2566980091
945763878
1420651768
855223257
1616495008
1063658685
3616387926
2381231915
3376899490
2148728432
36873321
3895385504
499204699
2377700102
2740258832
3232920023
1887340179
16854943
1034010990
3818753424
2646289051
1847630987
537164730
3098186383
2852085869
1096072922
4146328912
2345263544
3403435470
4019603573
2811567516
970700816
4098620746
3295009725
1321737187
1819653997
2775485894
2678725966
4281043241
379101482
3007419546
2353747072
3947277499
2704230007
2008651554
1161767106
2569681955
4208218378
2235239671
1494380828
2020264005
476456199
4238736607
3746332478
2617960770
2086873861
3157944163
3099335181
317374690
223969353
2261139548
2594809716
1257214255
2596436630
3754694331
4184233546
1808066275
4269713087
2908701612
2919815087
2520926567
2961299286
4126680739
3558537969
441176686
1805392662
3255397889
2126372134
220401882
2195087139
992071930
3402085325
1412182051
289620073
1994736225
1126723820
300246584
2063918903
1336189500
2382859034
735448963
108329752
3602824525
427410865
4276984413
245218368
3377957645
3124711388
3452479720
89760696
1072736179
424766163