1653737021
3997198017
476609576
4011922380
1361448662
3990560237
3671519852
3149782836
4070449372
607471687
1517127329
623470585
2616709952
1376088470
3692440543
256030801
2440408645
1368268542
3872375755
2851566878
2284984291
1067861337
3516026882
4086590146
466352467
2951340902
2574787822
1063701147
371014615
2586529788
2881273696
3638767242
1336698227
3350690311
1195091109
1305823148
3300928066
314744259
3781768060
1337522859
1338669715
2800520273
4065210105
2449809223
2131608504
2981550223
2883224470
2965939275
1147862056
3751892928
3249415298
2070118941
1507272091
4011016950
2810928211
2513959087
3545163343
1985305266
3015167851
3894783508
1699089291
1045847106
4112070464
3253051362
1107674280
2713494243
1630049585
4134152487
3393288192
2753546696
