4102184441
728552314
890492050
2419458314
2136879936
2904762525
2220398920
3828802407
3187121279
4139154906
4072902002
479773197
3334597473
1764638610
3086360346
1281041012
3964345329
3689057979
2742350269
566453526
1695478534
449068695
1059953665
896926774
4095365010
864396556
2471936610
2227340956
1519126803
3457067825
3187360862
3365299647
1216917790
655681799
4135081199
2229886926
2091566854
3923058692
1322951844
3252974296
3858555806
2561511234
3468442105
2721699272
1067830246
2803966572
3063571848
2490529311
2718529204
2039024076
4024368250
3516333621
61314647
606776335
3689813443
1607051149
4041283056
1654665624
3035424449
1248636409
2118766333
190415376
1821585055
4220193772
1036909973
2185687203
3070109077
2221838405
1687206726
388036558
71109612
2753399491
15808780
2335735479
2676403274
3237260658
2568113540
1875783171
969449896
3868939829
2654166180
632660141
956103841
3204873826
305039911
3625321219
3938560858
2773434694
2172747586
2823071942
1352516521
2955225825
2246677661
3668591611
843414563
531974948
769392115
4049335014
3768604749
191969592
1826812463
8160931
2256861042
4166001170
2974021960
2592526685
4059800785
984730159
995706736
3168396679
3965180392
1116068669
4041526942
1793649402
4266409160
361280787
1101441918
451543517
3715583220
1362950632
80422463
174408024
803886912
1771446056
3768030829
3097184239
1633110558
1808787944
2269696667
3013104398
290197571
2132138896
1650258700
2255011257
3107155380
1845714454
130827562
2706384858
1431648412
1668948066
1679968745
1185120954
547017322
3675776341
2010716972
4182246396
1347385216
3438640016
4243500060
3068427466
568319514
3171981334
3919900974
3008657843
3398662264
205668063
3704397414
2551462305
1927784484
3214735100
1174062259
2889042484
479615193
419626772
3436318970
978081012
1812194816
1147282962
3612914846
1375186635
4126999512
1980559746
2504626221
4094481799
3310130146
1243394650
3005625523
703827903
1752457008
2218358148
3126404690
301956543
923573374
2858731793
3222481333
612700827
1127984362
4265557884
3894683288
1359796219
3647812355
1497773646
1646682028
2251140914
1322252057
4212864034
2068690913
4081474026
2171797019
34187205
1942732320
333088524
2672024953
2587500638
3318202102
3741479844
3859139791
3022454300
766977503
2432634858
3466899879
1141162343
2974086064
196116939
4271921941
2967331485
3881693575
1470207551
1127250821
3441219090
175922635
949185821
531900282
1996680852
3192769660
2893323357
2359355545
2064731074
180897632
2123236161
1608304646
2243566975
729815705
2904061436
3497124293