1789617874
3426965041
4233694280
1371088783
1045030872
207471914
384503319
1513029382
4284532508
4042903107
1102455405
3438882989
1128042927
2387081192
2747993185
2543313508
325472965
3531568722
1127515156
3394542653
731649158
2090083227
2974189623
3367371989
2580697649
3700953932
3476375393
3267006009
1740247726
3184955945
3239037487
1085187199
4163595505
2998060543
3038188494
2200195493
4212214716
153889708
2821091197
3529194045
4047749244
184121359
2217429517
3884675016
4259142512
507873513
4150712856
4186880905
3669363482
2365854163
1843462062
990989561
1114028130
1920149924
1787009453
1925968517
3385619669
3431329573
1665488190
2679486810
570433372
249662741
1245928498
4096462978
1003972098
2868870999
2563808494
4007419198
1618791845
3275125156
775313149
1174257454
358685481
2703781127
2608822027
2972396790
2780617263
2644253298
2862521349
1154062096
2697573251
1985927616
650643254
2797689519
1204364054
2517599671
3797578381
316672334
1710379643
2004459268
646409556
306387234
3835405574
3707163056
1785149767
1299988285
1541703863
385171883
824457960
3335024765
686537431
751608632
2478236342
2207831149
195208714
3893397163
1920070059
4126723328
2533596761
76555984
2102465345
348377636
3587502637
2069609909
1294442600
86356904
2250165534
56394321
2420653922
4086534269
215982752
340308748
3985533612
1885392498
3472203338
210728691
2882496930
1888820507
3084032043
2748417225
552138566
1430276577
137390297
3430537498
1354533588
1905340077
1617866380
1246625239
2110968128
1354215686
1652259721
2088555394
470385184
684743469
3632381119
1403315524
4049364126
4055905987
1081828540
2303612901
881592418
1984974015
4012253380
4276841827
4144255813
707703280
384836326
390461656
3670809487
575167350
1087867741
3977849634
1489722118
2718087123
1162998377
1322333250
2158471890
3640649792
425724482
3223663806
235790697
1132905995
825236829
1535239627
241653433
1208668726
1426673229
3441857376
1833306554
1310102807
1065595766
2564237271
3214513936
3178748767
2833356743
2662264426
1533286402
1196581680
2625607811
449999610
68663093
864215850
2545754477
673181869
3246801370
1466956842
1717933072
2691080966
1867065529
628495062
2340730820
894924847
3156454079
3101956273
652427956
1180173996
3455433010
4168687220
2992947770
2482387812
1863519835
4024788130
3238390300
2943085437
4190377689
1726086835
3484944281
1969187605
1291258814
1199136571
3255572302
747907031
2718379931
2214956355
703857086
1040825391
2254406624
2392798219
3174783468
2303572711
1583050416
2957116728
2014761081
2779373888
1073398371
2628022984
3169960550
3741451057
597638840
2727064021
123010317
2149071478
2470434851
156144254
3772367161
144031358
1647641522
2765375511
401316670
3030762011
2715580225
878929287
3082268888
2050562409
2971674967
3322526554
1579152407
1470368063
2314623937
1617197229
2731168986
1658609762
4234840996
2563352666
3893445667
2063712409
2390147480
107784095
3195560783
603550829
3145500850
1289429233
180434347
3833857735
1652128281
158069490
785092825
3503101844
3131645599
1144214770
1558730698
3191542732
606471943
230283779
1823610711
2125195312
716630284
1479741632
1486287275
3981116637
1361821160
376634696
2564982328
3884793856
451151455
1771987482
3518974683
4124648323
492556888
2706927865
1430094568
2910873815
1196472575
2805130609
863772791
2341284617
896026449
1572596075
3641352455
3312536313
1770015039
3218375037
1917360437
925970183
1608959316
4134459027
4239065652
2237025589
1666732618
1214112368
718510543
1153503891
2913511224
2359439745
713832839
874121098
287150967
1537778937
3342161637
364665173
2537907773
901541612
3978467288
4129353228
1209573991
510554345
902948325
1376105922
1440244763
493526115
3267726800
2134363461
2507875270
4021206577
2796545960
1264701635
997832437
3276794023
3607040810
131981738
3150710040
1855769035
978956820
2301315567
2649902551
853083186
362851439
3154187107
709292741
569414319
1138378329
3028387859
1733910041
225852886
3290297380
1264372314
1613899555
4128055802
821960709
1684990273
231458639
3857726560
1793343193
564897837
1660588399
2549180719
852732300
1288855321
249565442
2957083738
1701743378
3345628926
3341305310
1119360543
471521796
1747748354
1454395207
2470707466
2110628959
1756496739
2585153585
1774418854
3834769179
1210454332
2289474824
443907783
409389137
902128174
2922689691
1988438523
3798206169
2089172642
3255086149
2627834459
3623553887
572702892
76211231
3457007465
392453046
3466409068
4016454982
1998933181
1037892352
2335024632
272728217
3995134193
4031900642
1935568382
2777049213
888267054
853356895
1855049694
171696023
3487691177
1126847356
603549340
2338503508
714871019
2807822714
734996097
1738837686
1860763143
1416764027
3137805682
1225609160
1148992134
1433979090
1046377709
2395186620
608407855
4061881508
180499624
3204888641
1759986132
1933194547
1669207645
3203203149
1999393149
2666115903
3590131712
1346812104
3485428644
3884406875
1482486189
3013845425
2862952805
4143440186
3128911248
776362925
2464108267
4195373081
3911404788
4037494965
3222458650
1366241153
1641674595
3798998249
3067000710
3863227194
894071865
2698372557
976001682
3593719423
3169810285
533904249
1841046138
2634717855
3315275642
2674880822
1448558656
4249108543
2572697638
897413433
690938226
2622853147
2349562679
3601641140
1629916450
1032728167
561741727
3179586797
1199241495
2940326015
2656772067
2804978510
4066906249
1612221576
3580123032
170789599
4095102151
2679010564
596060610
4138853063
4035115535
1990435883
3742946306
3163388871
2063339325
161545622
2554269237
386724132
3619299403
2710741936
3417992661
112762551
184872381
4003440192
2592229217
364344630
3197715463
4277705833
793302014
431945120
3581668009
3044017034
2557078186
3888619589
8245870
2771084524
1297284378
2783720352
2717770517
1691522825
7387212
2882343324
1977190499
2549896479
3043158962
4263632691
2135546906
1659515990
2449754279
1038182627
2331031863
2007967381
2977856365
980592666
2767486987
4040626374
2510630057
1810308020
3552289225
486465911
1097171106
4109656626
1008473157
3178836286
582897466
1917217818
821390145
403530370
400262510
1501463770
1068089336
3952759236
2302112876
1614217589
287552228
2793653975
1987167550
338375795
1039425526
3640547624
279836532
1748157894
902610547
1301496259
1289668681
498094970
1835891336
1508728897
4188393513
3778294765
3295927478
1556086827
1313860370
2412100481
2673215048
3809677912
4000038539
2087921744
4145824078
598907131
2895117608
691740627
1054092405
1118147924
250523245
1623833815
907698807
102321248
3068373677
3198977520
2967206504
2243912998
1291765942
161844258
428794536
639043624
1460879971
1569258068
3245492850
2703151107
1939853105
296416896
63243691
260896934
2256331316
3917614540
908490200
1704339710
4194804555
2998725406
1756714477
825654064
2971623500
2726035260
157161146
1439358155
3916887858
3938590246
642467308
873189706
2002524633
1195976904
2167315161
388723878
4194826786
1935174127
901738250
1565500100
3913028407
1191048486
3862047919
1527136382
3875111979
1545189401
1036040503
3386474474
4221152787
4111755771
352666852
2623783615
2861697502
1009620648
1676827487
3563723847
1684857841
77785527
3473877721
2560429534
904032917
2747555339
4052414488
267681105
2254982304
3768623732
776896073
2476538941
3468296260
2606028692
3554935692
3992738846
625459110
252030683
744238606
2725956053
2948322250
1068076351
101879206
108083218
3218351809
2375481463
4063032443
1143216233
2435192675
3122122589
2093805260
11637082
3456052699
610312513
2583298323
2608866804
188278700
2332070894
2401173634
1550023426
1197141626
3838885433
2796525426
4044402560
1723510845
3298328665