3665963863
2291366211
2157436252
100207151
4186323310
1075367583
3959334745
2457922390
1747746637
3071372897
1672335176
752803866
3168524174
2554806810
3355785058
548824135
1319218392
434727540
735038318
2800327919
185771823
1648386
679187596
2367456829
3632586798
796827989
227258365
2602122805
2604266675
4008332097
697529336
2349567789
2603206279
945763791
365263914
1147081219
2954074701
2250550959
3669070865
2475070529
1195863573
2310413284
2140678604
2317912257
2628449287
494202231
3412257647
1627649576
82944323
1977881522
2123347559
458075840
1369333082
1531390461
800296607
1094810004
2737946272
2784001266
1336624680
1397858030
2886987705
534915864
3947137304
4018214979
3354157177
227236939
1593743350
2986104309
