3670113154
3619944912
1641125294
137609781
639234160
178729695
2497741505
384034490
1604279816
3819815785
2699648811
3103196676
1103143178
1360235502
2805900370
122986472
1080886132
1764168611
3458452213
1804872615
879688215
2500824428
1430024419
2594982403
406931721
537866353
3603905436
128100263
1233324196
3003097092
1482604845
1199675714
3259729571
1291875672
1746158301
3329189735
197140110
670465001
637014996
909419009
4226471902
3904669976
4110846262
66935400
3527771328
3747443240
1588838454
1045448957
1933745283
788270286
815908499
864547181
3656212429
1791601048
1152826626
1566161606
1378863335
4246919655
266242622
2885130140
1387243252
1675827557
2094696454
3230680369
3193849990
1305046158
3951628856
2437539082
3742473408
3323803283
592621181
4233900443
1484104532
3480642803
3129450888
2277620098
2509866296
86324043
4022034263
973489262
3680106335
4154294394
242898127
676214931
1016493366
2262362835
2806991618
2264534369
3910743274
891915749
3816242791
4250721814
2023934569
4145213098
1827964822
2579498383
1376262182
160028304
3979187906
2762210496
1116827649
1436608644
4215086400
1676540403
2892147716
2887103825
1151979183
3641607265
1937622127
116679862
3085753295
3233996626
3829898638
64881224
629305932
3956839122
582812558
2874967392
406441084
4232827297
217093788
957051988
50632643
4270130702
782841268
901031033
850408501
2629789759
1514203742
4164822836
1714262634
2159841992
690102195
3932478741
3988248771
1016151114
3581786895
3102718277
3636202098
2650973588
1771136304
3546876448
1380350933
3148133569
575957002
2915491031
2242372923
1292569192
2951567023
1406387080
32071547
3242199295
1609784629
675680976
1107205385
4090334394
1607153656
1213874933
983025985
4145202668
1283777094
4057102884
3588440420
2199264612
565787737
3031374090
722774584
2902991689
407584944
476182846
3509244263
1517928815
2691553074
562196989
2336087235
1452715575
2892679255
3075477186
3729576492
3075699438
2387660588
2246558507
134421907
2722198849
4003926135
3406107558
2996784264
614141252
3943723628
2904598504
4086088424
835431386
1720628280
3445896329
4066763205
1915602263
1197279326
1210899708
1649689749
2463998190
770594918
1111174380
1885149115
1556124056
2999371954
1582057611
2990143192
837812302
4131312928
1204591184
2596862173
2781624430
13648977
2791790848
1617554591
1656720428
2298434216
1767556644
181049148
3974168754
3226846647
2356451227
4067091791
2919963681
3290669711
2337714616
4066450691
2656441851
564035410
3498056330
3712571345
1461568066
3677616414
3635298272
3192970609
2727753255
258286244
2134278524
568348180
567394882
1827066873
3689664782
4095185590
1498033052
4267295565
418784185