119078799
3732572929
427695488
2972766626
1679793803
3801426078
342258165
2767261559
1008099184
3405556163
2124274747
1462217347
1257562160
4150289838
1392550518
3371455499
294672787
4250103548
3588477434
374554112
4066422956
637040548
3051346208
1288287455
222439424
139022610
1881105718
743514321
1498665942
3092828561
212123375
128786088
3634917562
3677004114
3615065137
4072718101
1815536524
3888024962
2352751763
1809728250
3332977259
365642586
1446110711
1319059811
3627101083
1345529863
535594647
1100113856
3744949075
887656820
182242503
3203868648
3003368693
3368896000
1067770924
609473756
1901787705
3067391203
310421446
1823064975
4270790089
2496840419
6290032
403161728
2661434778
2375339235
2076605090
3434446132
2044801402
3010699505
4178776337
3092112145
3349910510
3516694464
3364864946
800100778
3641481534
4195231304
2214873691
2365356638
621258062
43989331
1168842204
1049629824
755312788
2438814489
2036215467
2189150624
733670356
3044016708
3561288056
2802681603
1150429337
3934330575
3771062852
4000979217
1233130506
2900749797
1863805886
2853192423
3459104829
1559063354
2885048617
2330096389
3944131548
168438417
2711182951
541415348
3845321017
4053245951
4074890563
2257632464
3763746957
3595122521
411124334
1007097742
1002471933
3920893284
4136124846
3891863170
3097230200
2972920362
567860232
2364998507
290337377
3207378171
3973257261
1814381494
2945472546
370304768
1525710354
3336953853
503600695
1935885638
726373821
3312917130
506642076
1766403750
601366059
1478975636
2564722883
2740937167
1384296060
859331901
1057206275
3570224315
1718316034
38934759
2831518164
2326659903
1099868986
2796440371
3089143561
2989795989
3714316566
2385267025
714571830
2423090042
3381301956
227231726
631010108
489572040
235507923