3405307474
883404726
2912842504
4104273354
2554817238
3452570962
1403935892
2297576101
1767608367
728011459
3746853481
1527431430
3116969630
2700523387
3289308673
2996084221
1225089734
3772434042
1607022208
3185919460
756170425
728712004
2056972847
1996706329
3049366883
2426357341
4208521254
2519992882
2929002830
3512550162
536711950
1454753351
146576091
1422030904
860424994
3556911863
564115491
3767876159
569419037
4083846231
2070450793
401832463
4259276159
1960890046
2182132308
1075498647
3634172805
279051141
4132264533
1533055763
3235844519
3951507089
491774198
2379833435
3379063799
2880554755
2774040543
3225322487
1038265829
943362536
2403216421
1100116635
756685609
2881235113
1434216730
547404162
3961716404
761630562
3014692875
560797685
1556766502
1554977055
266606617
3555328490
2923457565
745730758
2501754152
4098186129
3761372493
2420155442
2785214911
1573445348
1185999418
4165063577
1431613760
2373863656
84766053
1853108208
2753995741
679028861
473230358
3455343667
1024890949
1447415485
3130779089
707901802
3138344763
1390835890
2021603945
3532368081
1943067013
1699891285
788186138
1203078552
820160560
2670213968
4085389464
1457684889
1236367947
4135548998
1060288871
2528486906
1974780934
4168198327
2660799203
1352414397
3326270989
1324610105
2427181850
827903883
3667703606
1702719164
1778820818
2766136975
2460001491
1050128592
1655966731
2347973922
411155926
456212279
2978262331
1325785642
370727120
676316203
2082471577
3258110315
2279158960
540096048
1253344112
693087601
2172124027
3077137236
752843666
3439683762
2701289590
2283964732
922938152
1290141410
577581236
2961707039
533766417
4076019712
3491550546
535944287
3475312203
1142204628
2068565460
1217558504
1899673767
2195676420
2081453782
2627792179
3463081132
2117924350
2588343394
1270425215
3854722434
1511397432
753016795
2697680872
2135414833
2227656340
3708228950
3405960788
2015778464
3735876523
1990071637
3865349316
2759643284
2414309468
22513304
2691161013
1959379003
1446678170
480577432
1551530119
264090026
1936135983
1833313865
2743964175
1261325478
3225321577
2745706445
2603381177
3948982057
1532178037
34506893
534623978
2292853274
1145553324
2500719473
2765813669
2535107427
269438839
3935585192
3421104896
4264333480
781699623
559038486
154284099
401975909
3508410660
3671409953
2124729507
1891910960
2966853873
1261087996
2243816576
3371458182
860215606
1449170976
440850091
4044454581
1637223113
1509240946
26641114
453565626
3277744923
1709508751
1659320474
145761473
2575951800
2302850021
3695592451
363742588
3320524000
3713031534
1080506696
2266053113
1092284371
1003159968
1634990714
2969773159
145780678
3088044357
3551648837
3757112986
4010675857
21767697
2675947321
1585112889
3202180100
618927740
213713625
118934981
591245845
885183960
3793677526
2417594464
730121061
340317132
1342219188
2441350107
1444392505
3263284444
3614947270
2840378765
1317963027
475918932
2880464640
3673587891
2215701907
842749960
3884659523
1363806305
2710610357
2266587418
3549203550
4049616459
1970298102
1555904041
982332238
2635804537
3700227326