2078021471
3221497806
1729617761
2666924702
3122767246
1279058248
988847087
2751803395
836268234
3679099683
941765248
2795745120
2978881540
2092875829
247483699
283420359
2663658282
1446117172
904462006
1831414998
1833601249
3895166950
2620842055
2029524105
1242463523
2023315129
1416856566
438995343
3320269954
1066734705
3709743365
1843855697
3414119218
3359642099
3062036091
3111818479
34058237
440953496
3077046039
2778376084
3109245976
2591476577
2502522570
1695944165
2138899984
1302574610
3675637150
874601452
2873800959
2551453220
258780193
683931502
1747926637
901789961
2097503751
1524124509
3844884734
2898545743
707846860
260759779
863264548
3302212223
1982615950
4047477651
2534109615
1411198799
2320784722
2908398053
3623541760
2651299408
3322323426
890269776
3954490103
1811978100
380308677
813492585
597398728
2356356895
1942733928
3188312955
544459903
413459491
731416157
2792507739
2524349457
3848984885
1919424924
224864687
3587662326
2293962152
2694550567
2125154669
4027519182
4113981200
440177524
341098917
1415923211
2007969730
3289154546
42233379
597933045
3927480842
2362632639
2684592867
294479050
2003381436
494157624
258197378
228599811
4210919122
868381519
2963526491
4050817827
2235317163
1111701252
3035582393
1718521603
2539063087
2999779544
194327422
4293857080
4110306068
187577938
3344019152
793889044
3374486389
2186683825
1922199264
1782445395
1497146983
3362963226
1634124822
672649430
4196790669
699199550
3613778851
653586842
362489850
1740246579
15258556
2170084601
2158768843
358294104
4180176764
1272763503
2880069932
4283496131
882132777
1122940261
2986565508
3714517583
2169729165
2328124939
3453720374
892614506
2742109485
69513223
1121868857
2349086917
2276466069
662684300
3410980465
3414743993
3952221173
135655402
766151185
3283305988
2068263270
1034962042
2697172794
361933698
803012439
2509196370
2256311974
3233212691
1650244728
4009826344
3347526543
106102251
429091483
219153420
3022701774
1755137219
2059663519
1685442194
3418989329
2264683119
893695959
1318443322
2836089548
2480545790
2047593893
2876768563
1752146682
2351425151
4276774353
1011771927
2335881512
1721841398
3912371721
413961765
2821358043
4100793447
113609349
2151325155
606089206
836269364
1892153263
35861028
2723699413
1745998604
3030724164
3954508597
3356228845
961494919
254803556
3394972201
2857501342
1896929631
1695334263
1626334025
340722255
2869034467
2994770868
1912923764
1080629238
3056936424
812638054
2225501148
2963751917
2665619566
2886214499
2046584789
2382306032
2197383188
176508278
40799923
898801639
2216281669
2583165685
228598987
1346365618
334300196
2480767188
1288890132
110502352
2637191570
1031565952
2887116929
580941122
2113250638
1833647492
1982428409
1292915459
1771419593
41397124
2282316282
3409585006
199621702
2351674176
3652269957
175450248
1379227696
3820330338
3726781247
3278836734
3544186539
3282842297
293425465
2854327177
850296766
2557432190
2183504577
1940972737
3063448443
1711441504
1708266082
1540998622
4084333409
2950969068
3647369242
11694167
497560568
600810531
2381047791
1026157383
2323585637
2063559879
4219454061
3942478085
956450966
2390427970
2969407018
3410178366
3562614902
678852268
3233786490
1404681983
2627815505
2154581696
3733815252
3167240834
2378359957
3978404041
1980591026
752066014
3161734734
3303588848
3841415674
14806223
2443428912
4003268297
4271765438
1866448705
3361879437
1312356028
3834679244
147209191
1864573691
2151770869
947594590
1630153169