2732437983
511895875
2378392313
1163497991
3762807560
1119740832
1660276671
651247632
3796618320
3923283018
2248746317
2450593521
2972046241
3730337194
2691872047
4075842191
2975235813
1684058074
192138382
3401432080
1519029267
1196493189
1568978756
3850579184
2487241957
3717119890
237235201
880054712
1683687754
1972031485
3350985429
3518864698
680573123
978461001
374882569
865940777
3522299261
811437552
3532715065
450432349
139485060
1984284296
3067459032
1347763863
514044946
1069843574
3136881595
1997660935
492155385
1720446846
2651187147
10242589
263878280
3483315255
32043976
3830810465
2353650868
1361182440
4134431443
