3151074031
1714676014
270799919
3961776890
123553593
1439136890
2373587247
515351242
1529290909
3763809568
4093175170
4060041680
1229444557
3136825070
562335866
1203451890
148846958
4241510286
752591881
2033135883
60831457
1232117453
3852055683
4156284772
3130729409
3242906606
3686303917
3202053535
2179161092
1343088299
2000331471
3590287884
3374871670
1632646542
591218350
2009736603
3890803362
193587822
3901049278
1585037387
2391905413
4046169308
3551210831
1881991829
1693781278
1646496378
3693257802
307901251
4133176803
2098002465
1590740473
552904557
2317854534
1465233405
3461704095
400105035
1091485721
3973343959
3765467611
3006697091
1915951057
1358123639
1811869902
1688299295
46528966
4194714843
235606713
2403752179
452573528
3234070039
1103558131
1853584463
122915334
