3937540524
1798601034
1426228756
2536046030
1162574692
192496292
1061753791
1623132176
1810146073
1800703648
1728362012
4104583947
1986155734
3827537806
658512164
3180522047
3792901407
2765207835
1872369932
2665785915
2988564279
673902483
1346172284
513432361
4043713020
2352419411
3494370062
639190137
1488887802
1627659349
2040214630
2557838161
1815288903
2088711047
1296816857
1289106971
3879464476
3699608695
3466057873
3402006996
4015263590
3744937387
2258128574
2678289192
1255540729
3861862263
605304639
1044797788
1483702466
801862237
747106970
2132355192
1982050965
2380888411
3351313193
3711600435
2521464571
1203901113
2201461290
3630891053
1739998018
3134167687
772998971
4197990377
2866630466
3076957850
2426043761
510978702
1977887101
831633347
1471342708
2424721407
855730459
246356619
434771294
2868368312
3500989815
1158361300
1648217300
2224276837
2966046470
1420607470
543883811
861393770
3207430747
3267390096
1828953286
1942400731
4085755634
2067922957
904266456
2580249983
137360695
3750917206
2078925092
354177179
786442016
1416276038
4020209632
1941392220
4266486401
855346611
903439974
3591927966
3136716865
3383804094
1818697989
2297074438
756374645
1157395322
1555880450
917662737
2788616618
1285639246
2708404718
1076803591
235408708
2325485493
4059354972
1452460614
2494915114
1251850791
3314849928
1233565915
3943420645
2267072963
2538934593
1013640769
4216630491
2958566726
945346331
2938405508
2668230444
2997193287
1534785849
3535823964
4058260560
612908358
1032142599
1786565882
661488167
127346821
4126552799
1103068414
1174597046
4287074561
943503138
2156080539
711879879
680244172
3079669609
768318259
2251299284
346540087
704462404
3232857734
1593866801
2063316349
1999697271
3750135634
3380097381
2608669679
3105579195
3879590229
1685177922
3936338519
3728628684
3428495267
3779308643
2579664734
3199221769
1031027314
1235048936
3765365233
2357344246
2224228868
2307574137
3174831482
1493630566
4282836462
26336663
2189630826
1752887438
2990667441
1658984777
1977638586
474879687
3673328377
2777678975
3561837402
2682874983
907616998
3122293688
1031489615
2403844546
4183934131
1367086526
3163347960
2832160461
3331951293
3403761871
2173929512
1535253266
2966907095
1554160106
1990084263
17856334
3877664851
1765871941
4183834681
120951178
1871147233
3470413816
3318948870
2461313780
59892264
3874050917
13164688
39118905
1175386127
2382834294
560599315
4241845797
2398569232
433170306
3228969035
373507349
1161412858
2349138726
628274706
785931985
898378201
1509041427
3622862684
2091610075
2379523433
2139800226
1668816065
1318962428
3254334309
119780090
1839758449
3771854819
2769136878
2290304541
2713367993
2662253256
1871710266
4260625597
832541523
335086215
2976157200
126054940
3885853935
954897583
2887166508
3239609575
4154716875
3728522886
3286881950
4037952703
548777262
2515696861
293566793
2601388333
1684880115
420763053
1846045022
2884947357
3130582776
587593255
3715069492
2904302936
1433884263
2829513278
2383591118
3733023184
849396884
1971432017
1172488081
3660439057
805289488
684502630
293391141
1505356439
4261108908
1238746603
2806794554
1678974768
1745323805
3740902662
2240868900
485597581
227547749
4013528477
3854741909
2032196958
100457677
960193334
4111459290
959506882
233460786
736942339
2901772048
2797553293
1909903998
2607810446
3665957616
615979106
457205533
3407608556
996582721
1349108143
205720728
499811873
1388270885
2651635327
2413317478
3718302290
3871658037
3754212378
756972380
2716935120
1097971251
1404513749
3648126723
3500566898
4155654197
2826039526
1804142203
1318872527
2470242494
3412222879
2445686548
802641726
4111626412
3126408981
1571147180
218050242
846335755
976436335
4138762193
1881523442
578265698
661844295
3886856847
988641257
4090281872
2803518480
3429571013
1788626873
3597367383
2543732861
3971244706
4289101218
880563936
3445551463
3710351358
2240859281
1269324754
1694281664
1523834690
1590979351
1596930046
1404581983
745717551
753016519
2550537598
2953822322
3633626909
2111542046
2660916714
2630430
2541787356
1571243841
4178850018
185137894
2513476891
881804203
854995829
2725489308
469020806
4265205571
4204837284
1982184017
3870369866
3086129577
3383039071
1272586996
3455009980
1530127366
3810580265
2389777934
755302857
3641975283
3526033360
788486145
4088495854
4084825702
1741270277
1925392000
3256323614
2997215038
144952921
4096993972
318313798
4219859642
2346871638
3452462431
1916303606
2760138222
3023810404
2480265486
3350412499
2085466443
1871725797
3568127279
2673663566
2797148321
3606054882
220781144
837031648
1175835696
2233456549
102863400
2689358792
299755449
1849115884
2932220502
541665540
188881017
1131582035
2704607464
1489071745
2490824446
3190106472
3628089570
1279686100
2355831185
2957379246
2934488203
2222824832
1126140595
3887676862
3165911109
1791754995
1319955544
1952519171
2783744750
1056957682
2136762908
1490165093
4192767212
3685532169
1301498840
2137466264
1638584396
483032570
3728489738
2878717627
2101328068
2318048149
501544991
2693719726
2700105336
2008390875
3331056496
579604076
924663661
4019004319
1988595508
679462097
4284233360
1044784328
1292440352
1280269698
2211590189
2176143760
2498165430
3537545757
3014729336
3481467244
4144056349
241564296
1735154807
946416847
365145376
3169542577
167785030
3096529836
691840180
3990169986
3184915141
1278698783
513734285
3074983835
3997362771
3524737132
3483308067
284673185
2025997877
1457358947
3073769227
1390776543
2387119808
3349919414
945318189
2433491612
2040318254
2214707769
2462159544
1071810039
1031104161
3880417212
3420270938
2550461244
4236653984
2514427045
1468554056
2962893191
3921492384
841927605
1772530444
4186568295
3038683953
4189819838
1208720224
4172509114
1459949127
1331532475
517065508
3647613934
2696720471
1598892775
2936734851
1391876323
3802682453
1901329356
4250921997
1950087225
2896971283
3405443023
818193651
2019044541
3848022985
991406144
2054419774
4095005448
4042320547
364895754
2763819686
1782761435
455247486
1248578758
3676268776
3338310791
4172639279
674881864
386401433
3631769700
2165889757
448897100
1319065176
1908041772
2657181170
1515229857
4004483587
1111256399
299559621
1108590790
3372888348
628822942
4072687681
1938121034
1770917413
2619834937
1610350047
1701386674
3639408003
2705256836
1880520390
175739871
3573416501
2633636164
230753720
1753102654
742468127
2500860134
2254444358
1412312422
694061731
701094546
3664002943
3520369501
1373875704
4192738673
2879961609
3538579826
2061863887
2727308680
1449701923
2780306748
2810424215
527842272
4274477518
2624000431
3979137289
3061690204
2308744964
1316273570
985881957
2680957747
275070015
1664157507
3960658000
3574617187
1549612478
2855485435
3165605973
586680347
535356371
726147261
4144750539
3758973023
4294709433
4236050585
3457360378
2886993043
1814923629
3371197782
3705087368
3845950699
2772879371
990960821
723676187
1505377945
1194988000
3175983869
3588988203
3774618283
3040883516
3149056217
2918820823
3363941791
3567196958
984788215
2544535010
2343497719
2258054431
4227235660
3768775099
2654276127
1584073776
2108260522
3852445436
3964212521
2115780375
3829034837
1351254630
2189689895
1046261665
810341975
2208881658
779603658
2055507104
534704305
4073371894
943499133
3961093209
1347192193
1212019988
1793309055
2624838485
4000766220
27225243
858653482
586528732
2488766661
4081956790
843360842
2221983057
1573712757
1214253419
863944438
2067041881
2482356910
638546121
3701617114
2744907590
4224089040
1788541150
3930583478
3568940352
237069936
433438497
695873636
2386022168
1593595871
2884035855
810410942
3530592441
3863927202
1227652182
2679835776
1811705685
1942689192
1597186071
3072979263
1427086535
2079503197
3345324228
1824650559
3038820032