826012843
2701642285
2993892506
3813420374
679126902
2629927715
2617866446
2040422713
2690637020
145395365
3326784283
4240303467
3022653537
2250955892
1085469366
337778515
2603414885
69907945
962394750
2072678661
2428938077
2067045443
284830973
1233974602
1131048517
4063443477
1430948727
3188494327
2249675438
2886139029
254723835
1482987882
3488027460
4097174914
2084700740
1966574464
245175889
2216803906
2399502818
2676312136
940013611
1122731669
3917132847
1920126564
2898942858
3777289611
1050093048
3863713018
1510865381
4157065740
1799462553
2209258060
1752755616
3661616918
1592425415
3824488405
4267241782
2298223020
2312286160
757748879
3093318466
3681301343
3933803544
487150683
2402339632
3204223432
1258577606
3063664620
4034749952
3282673334
4289951839
637864339
2881214832
186768670
2762779195
231726025
2515156041
173597073
478480679
1100452258
501753960
4128678860
4035036217
3297485915
909335471
579294540
752264024
414153072
3664085303
4028796927
1732268049
1732103795
1253679038
4286015205
177089648
2653375419
2475127586
3023306175
1113889467
310295522
3462418483
2633330710
3830418646
1466751680
1561888580
2490372924
4196854822
3374931553
1472343465
2263163840
3840002668
1589042376
201864495
4286702284
4178318367
444783487
3849435443
3823431085
21259507
1836502702
2700094816
308852016
2518755469
3257815401
1425015821
1988996422
1962384510
1607830382
3830774276
2083966706
461905846
3722325240
1842188262
1772007975
3514313493
3369594157
1454095429
3503779087
1175276914
3366509932
3016667044
988627517
917259976
741493343
8912400
2772956410
2889434947
3917324058
3041705439
2263332747
4065002389
2450043907
2494101408
2256027912
1911394322
3261033223
148739948
3112280784
2727523295
1042118133
3011149296
1694729276
1031961456
753235284
2468266743
2467386934
2056663507
742519002
2031807298
3679431436
1449003124
728287098
3581971771
3645211155
4106925365
2038080696
3719266080
3462797156
3603960544
1564484956
1678372837
1606699024
41553935
3574561764
2546032412
3367416642
3616850446
2240848862
1946866089
3277408672
3472045786
3070666757
2979426011
95106137
515155694
3442750894
1980763461
2926539820
387457446