1956037756
3953571871
2527116056
3814236918
2915137455
2815436290
1283924297
2595046501
3158987349
1952050845
2960909985
3686739230
3875368805
2959594485
4177564391
3269781456
4231071632
3933311523
1297758276
1306346903
4274945862
1270251013
1497464062
2305969108
2359999587
1935911559
3733656711
1680638050
1899067443
3043256565
3885537712
792993350
2835411782
1609775080
1802876757
4101521849
3272133576
2776890735
3886877275
1870224503
1646312713
3768852394
2308774309
247213440
3021882628
297562599
777705119
1012381622
1633405991
1492405007
2663769275
3615337991
2433856095
4171667307
1679349376
3268358635
1631775990
4223348836
1723273936
4009151325
813339623
814141663
1121879964
1534351811
2529428245
1157959238
2407962577
1251642621
3698191046
3637426092
552641875
352962216
2302922804
728163686
4289197794
619353438
3823577534
1502923345
3666211506
3813427918
1818148023
4107725741
2001013097
45296803
2558574881
223779200
1991628342
753065449
2367151728
2102496406
514503729
2815572456
2607582317
2861429122
2518472927
2115277295
277018855
2848513929
4115347112
2269928136
2854917750
1217947233
2823562928
2797100768
3246021332
3033148110
1962100769
3410348240
2320348004
25217886
2321022317
3962492144
418488805
592904814
3217246944
2320439510
1462396270
2471125478
1063437235
3360232956
3476276146
3298648175
3940824144
3665260464
864216178
1509475632
4018235502
322740681
998524058
2805223070
2258882998
3621339023
3484318684
535198250
596540026
966245961
1300855323
580032381
3446213161
3861320120
3789142108
4254473297
2889927915
2444982442
834353569
1707862297
81838304
4124040747
1577349933
673018843
113711639
1216743492
956975163
1629338758
4008377376
2524949630
3882211043
2423366219
912552587
183300351
3994710436
1100235568
3013918139
3359791182
2154635049
306393392
2915332313
3943648381
1240591477
420355358
2263183170
3116548251
3514743045
2608337416
3622788305
1595274995
794080046
63268090
2402362615
2339165055
1983700988
3792882016
4285151122
1437692559
3658202473
4059582205
3238779292
1485051489
710411738
4182521004
4128071635
916623424
1063884886
2179595149
1234397167
2363574011
4099838389
4285892004
3403644695
1766490699
2844586705
2307768809
2855996911
883713225
274458583
3645766927
2956910640
2730733529
3716940820
2631186602
2321684215
2474070265
3184953713
423386086
4160570668
3677769128
2771823608
57166241
2580338732
1859035397
3886271306
1136240197
3743603826
55532255
2588177539
994289482
2271120745
3645614097
2119875008
3859053123
3882408346
290173744
133618229
1631845218
1361491857
882822487
1471796440
619012930
1038927198
41019741
3249140671
2496542634
1965262684
2368134411
488682021
1163061414
1447481798
2948939045
538877600
3764544556
2535796457
3163449666
2132559743
3685167657
1753635305
1809176424
2482889332
3990064774
3615766787
1651946207
1719077661
1281114779
3885148527
694054221
2098740651
257828859
458342655
2587666379
137545565
235227032
3029709889
3180105840
3822195631
3342469233
117920268
2639870360
1218675281
3840368572
2972145813
3545345483
3059916329
2732403420
1746057520
4087718251
152907131
1605149884
2769413374
1726563384
3929138445
2982316130
1996115970
3917170155
3087621409
592529758
103925320
1174018033
1340164229
2956872531
695474526
2391463304
2418932615
1762593412
687952959
3324260339
2469432644
4156526051
619184604
2384425783
2341037500
1308222061
1881894335
1527277974
1855111515
3805583753
2431380249
764018773
2747951058
2982926531
3461067235
3296101819
2299505311
3500437469
513683861
3952459260