528763132
4102625707
569843740
2859785369
159354730
2969861155
462860074
600722147
3352813438
1409189264
3960830737
920095602
93437984
552258090
4288487076
2716232241
4164047175
200793700
3018373669
1066923508
3119759728
2707321230
3291169680
3985502125
1967753085
1471128216
1211550801
2451152826
2112405777
998424306
2926220860
398838603
3116708348
3589940990
3188497912
860136242
3089166231
2453253989
679748013
1667032280
1853351889
80336206
1414993271
638212303
3625268125
979337710
2441361460
317064481
3339025099
4212923965
2192068585
1697690699
2387795749
880757267
2368012609
2001076344
3280487869
3802562679
2874758338
2043653256
1874774269
2525676004
3092530179
3684516509
1282196859
3305840666
1865901704
989506541
439730713
1792798148
441778556
539940522
2538801354
2114578592
3028113475
3230136747
602789197
1810054486
4114217810
2822452170
4036617075
339502109
379903362
3833104153
1860304287
1092442442
2394151557
3316573731
3713030816
968440472
1407307000
3466963449
916620840
2237646255
2720240560
2374075096
4095303983
2774699371
10867724
546032246