2183589091
1470045523
1369882994
762487316
1907739396
3665459638
2321740138
1512958646
31499344
3763774688
2762443731
1908038638
3947278100
3788479618
53541911
1559777663
1935054257
3716001595
1218354042
2328866680
3921011242
1041222803
3808578405
2906070760
2104980668
3817782306
1314147205
3499239651
3314696432
539876443
951737563
1688685804
1482577274
2498555679
3634340565
3693400251
1742346670
2933319421
3295170357
1859610880
1169162375
3286791444
1526680148
4127099229
4096181957
4050823958
221488348
1319573391
2768138358
2273002812
1115387565
4267748395
1881361358
857399525
760179418
977690511
348571057
742422773
3889050499
4060955756
2716719431
2441602518
4011876903
3875924609
200541438
1365207069
443633024
3082921696
3457139470
3283733704
3124048471
2542700147
37805432
4121165961
2709414233
3623288541
1809108996
1061181669
996522724
2465803106
1442411639
2570738220
2830498983
3468809989
1068864485
2333071606
945000370
3273320293
1900232519
512802191
1731322843
386451752
1816551680
2927179579
3987563149
1252312233
202884995
914300026
2788826989
1896034728
2593186536
1273159888
931379678
2047398748
948766487
2138426356
4063616290
789777162
2869050126
1901912939
3634045993
1471666053
2761392831
3612792424
3822749743
446361066
3696289683
1107912691
3838067594
392347517
