2811784667
473687476
2528816753
1493198895
3514135682
512053928
3080706587
3633171275
4054291127
1825514202
1726384955
1276545462
2774119810
3075883590
2628869532
2252931410
1626549138
211656394
1459485129
2981281098
1445016312
2927517520
3518519454
1202073484
101963922
2254222169
3593588855
1241736154
78366726
1513913684
3743407898
1710318572
2572275278
855647066
2607140922
70964530
2939795738
156374175
2321091002
936181754
4090832863
1732363238
1233525682
492484599
4075847387
1638655693
2358169526
2251369218
224526980
1835160136
1253400721
1084058305
752205905
3987528418
3500116136
3275567830
1415941070
3197463059
2331820407
436254292
1725612277
2429737593
1452815260
3128078883
3702910014
121675345
4096438746
36150098
2390480302
1701121680
3610293311
3928248906
2420417816
3910909537
592611945
2414627065
2791535903
1555000265
1819673347
1002825239
2755085583
1765412864
1519176553
4254496274
1249479471
85031270
2993928912
4047392488
90232934
3810422967
193929963
859336225
3785238522
800401576
476119624
26176278
2618389828
2789162366
4097010390
599921410
2142759272
4177698734
1004979774
3363261714
2379115869
785754939
1958788866
3553672306
3978098896
1109171157
3335951170
4192419959
1751698331
1087547618
3979324301
2473885027
2617525054
3002140485
3526717318
3540092466
3802415317
1766446184
1638226254
3414137473
2367920680
2676664403
3776913674
3508870025
1831340818
1900927436
4104916293
1971408349
2477320677
2398199264
909814673
173408220
3884239547
3941460498
3659457979
3337675563
1499963551
4118127508
784764432
2990987125
3290881935
1373712453
3387365812
2568631079
517908056
1567653562
2352815742
3229530386
609314543
2980266480
4114806429
238485411
3015125683
3917526003
3248341515
3296411343
976958518
4170094826
2511042362
4019181760
1181516392
3928080016
2524650644
1830486619
2464161885
1956066532
459837600
1831378602
3615438211
4250209112