639735801
1632408696
671854647
2298514459
1367543136
2845193802
709569325
3943566917
849925156
996635590
1468049865
62570603
2969888882
2770133160
1249580984
3966898990
690874208
1510222929
2292714943
307482552
3895498089
587633750
210674189
1267059361
3835221157
1047417761
2591405503
3209929010
2504210245
573210349
3067429456
3737050221
214632861
938788427
2396836046
1101500290
154999354
2036066881
1829713956
1988979800
3728235429
2076325896
2796460652
3423683959
2516674539
776647862
391981337
591952692
205147401
1456402623
957401078
2292720907
2016052022
1821250400
3015687671
1218741908
708286076
1718312308
3896350775
3735672607
430906311
205070710
3079160428
3146709243
2851929859
345902643
4263005143
3290052896
2813924380
862730716
1131076691
44800847
1821881137
66802222
188345491
3359681001
299526261
2538829712
3390178084
1489560651
2994488109
1605307207
1470155043
991079229
2578674879
55833038
2384967607
2165516130
1390596947
1827388551
1556352867
248613214
3361168761
2371443664
2444128978
748622099
3770032537
1994080008
1282204852
1968028235
1711681921
777905067
3174732376
1372175393
1184276672
955797040
3207183028
1459828989
4172146577
545171701
1747172007
3282454313
3915347461
3377978422
2257208465
1651626905
371712315
3313078563
2364534291
3819104659
1982156212
1117755083
893027517
1232260011
1239072136
3117322269
3247776723
1169649878
3480610019
703663625
37761098
1091253770
1332099622
1666769997
2225382408
4074094786
3597504847
2821527395
3652605034
648904676
1713884514
4283772759
256936306
163524726
1326184493
107406314
2917508594
1414915250
2460867901
3736541055
4217033554
982835504
3545931792
3876920386
3659816198
3652444331
2988402169
785855068
3368241818
3057475489
3732631547
657331262
1402052345
4072944588
2348198330
495780864
3650862280
3844706577
2085254741
1588864382
1086318824
3973844161
1183870882
2984388833
892120970
2580024453
2648932553
4118972099
1537608294
2090254391
626889599
1131800284
4219528114
2320929294
361401021
1300579442
3856307365
1498466149
2053038807
2835854677
613499078
3400856196
3635336163
3373254281
3748477144
3567511537
49148995
2632116338
2597186927
570422900
1332303361
3567982144
3230238814
1439102976
157398068
2586831535
4086835593
692631564
1983722637
1731354621
2066975519
508643787
3696855004
2889304549
1245326900
112369164
3718820215
3536324406
1053379822
2490753672
3006473061
186027357
468587664
198632498
3908603418
2057561294
3707211014
3080202116
402509402
974634395
3648437884
1275892120
2611473870
3811225486
2856379612
2310799617
3075749010
337281531
1376191532