3338271547
358494396
1642163494
3763502383
3039807375
23978669
3581189593
476014568
4143572709
2128365581
4287118297
1206590275
1686592801
2923677411
1090420644
2675560441
3365926009
3253580011
1260107923
1553213544
2194387348
1036594567
2170600249
1748128828
1820586378
3230071313
2595465512
2644842015
3122424954
2804753971
1558022767
3155462248
1244482625
3128760832
3917888511
4137032968
3356150899
2239732357
3288463142
1497900640
3094974511
1989787541
2809276815
3424125863
797696384
3656301568
778605615
778182066
1192306386
3304569865
1378502811
1391511966
2550349530
214730651
3510459703
2579334843
3886316458
1874062846
268404910
3051365662
2278794576
3020075047
1880341491
2414451620
3923129920
3941021118
2598926449
2608693430
3326696563
1598396249
913549407
140087706
2049788211
3774895674
495848352
2386672463
2100453087
3368997812
1728451223
1547200890
4103806694
2734546858
3267013172
23050243
2268841213
3600874034
527306772
3239842957
69267777
40941470
