3632258236
2945807672
777767121
3246015793
2997075342
4254435393
1553511608
1036388882
3356535144
9096479
3653730406
3129188122
1177335757
2785701162
506589428
2178650241
3361244616
697382235
3076158250
1089785054
3855137440
1155611208
3193423188
2667166328
3706987414
467514359
2048241434
3474364569
3685078621
2943832540
3138722070
1134371542
2827971234
2364071002
3280691651
2804125947
1123140967
289318348
2095821804
3919651459
2440694158
1413457881
276113689
3945189025
1597983926
2128499718
3364513583
965109697
3853057361
2602047843
3977194496
4105756308
3685851501
569818167
1407732274
626177645
3517628478
1158097998
2195568056
1396845831
3936800251
3072074915
4091918556
3571355533
3314947279
2614121033
1957478594
3822431809
1339458318
2514304129
1863098847
4078062965
2778952759
2651192580
