707097067
909731293
1600605343
2843191494
1820544711
859856173
370989294
2913964066
3578573613
2216444348
2876003583
564546136
3367607240
3142094909
2853417502
797733401
3497815400
1933359608
4029033362
2565471103
646620736
2366173449
3388580650
1724015860
1848648896
1480738568
3151461426
3097950696
8192468
1996635318
2807769258
3183512073
3166535692
3419401122
3898152452
3944873235
883286857
2501405000
2738022850
4026694516
4188611136
2934657052
232363210
4027937414
1172229848
2636430232
2516184496
3873273023
2075285193
2009974171
3873619957
2194587505
2826555115
1006474823
1577754474
2556990394
2171291183
1397126057
2851472629
3664462837
916340086
2104515864
209104687
167556304
3595820185
2944378815
130238179
1520910710
634016517
1967379729
3782444311
1922690238
3602432476
1323637614
465147021
3594757560
422661670
420027564
494694589
938393580
1177405968
472277193
797386562
1445484846
612915694
3084280666
3114700888
744712937
1557161607
4251327910
3304891782
1397429122
4197868231
1085659927
3141709313
1624596693
284875888
2132439326
581706483
3023684931
1140631067
625155316
1494930007
920405964
1002611163
1680371859
3000133624
1779485358
2254174987
1201694678
1143073266
284816384
1954064180
273569682
1672202912
3169478072
1651158156
1002754402
1941763394
328543884
3472644882
1850296983
3823868096
1343449157
1003106215
2025027718
3782750289
1259205899
2636687297
1018760972
197042450
2822397073
777482593
2715982200
4144563453
4138260986
1593255600
3908984598
3016588479
130462996
2741898209
4003646574
2294724945
3444583694
3398897247
4048950125
105680016
3321417739
3566846475
973887498
2634574361
432484634
118040929
133185791
2291568024
526450835
660155574
1771771260
1746209061
3484731793
2683340484
3893282079
589705274
1515801701
2608967244
683902420
3441773770
156404201
1693954071
893811085
502626797
810204994
1907685364
911272729
1953707379
3058290543
16493062
3344795867
2527589886
1820439493
160254646
1244347491
1929819955
2417690283
405733341
786206254
2298608419
3991297307
594359011
3338989071
39384098
2248797829
2480227682
1913257422
1925984113
1282209415
3803721689
3230542261
2051534362
2571554833
248220858
2245771277
4046813946
3918444702
1287080919
4033526984
3335515851
3546887360
1189019237
2270473471
547843639
3326803136
39388351
3199470273
2136471651
3803851542
3177159987
2383965673
1459913171
2024704119
3515275059
4008003819
3615610221
3263573578
3076154768
122850845
2274519061
2428342309
3355722180
1525158977
1834405720
73133549
2605705620
1634954604
1491647440
3971357183
100817169
3291017222
1689469463
197973514
2998438062
1458298992
83263519
2525573070
552118106
3999080841
1542663941
332170418
3064380866
3072347417
1423721875
1497137265
1537880536
941483930
2124840372
986690265
2064008557
3865372046
1446219833
755953628
1960453947
4005050002
565919235
4210968011
3740779349
2745308864
761883559
1077496089
1503833369
1546149546
2208420573
1189510963
604569177
1757326781
3124982761
846100174
1332900475
3883829626
567159857
678151634
1670692679
1932551722
2074408335
3785387933
2670684519
3095935984
4190047277
2272608971
676856950
107618587
2885382879
1074969349
719782384
4195336720
4257960602
2681477227
1393559421
2275091964
1378435880
464138231
1898127721
1513822655
2918137721
2852248032
2499712813
491301849
3005364685
1210973596
593355469
1603536211
2439205012
769008745
584911534
2002268325
2886616197
4252602337
4097096891
1096682317
757005151
2685531438
2383441416
1532653921
1488350090
1505174506
3134452848
2065319100
2858221628
3202902053
2921014202
2943813611
4208043807
2785479041
3998376048
1674199720
2837441938
2050479265
2346782169
900037914
1877892845
1307901021
1943797701
899678916
2030746276
10672095
3699165475
1718364316
1362195043
4092639921
2941150673
1655998882
2498273478
1798222230
189476955
954536430
3336109191
3732829606
2063892340
1000616803
1400293245
1373893202
434470044
2559967741
3122575613
1145089191
1711758234
964083666
3385855197
827042642
2921691585
2838521450
2126633699
60843720
201804939
3571450111
357278321
1850281549
1981613456
3562977221
2783046437
1639325512
3202082999
3246442922
2952419995
1702218913
1884466441
2079113230
4197150643
3603412410
1660006310
1358275813
3706086454
3272612125
1220929234
4043144626
2485132154
3077205392
2735306809
1150345285
2064443680
2472496317
718909116
3985586791
2575796866
1648596841
3318255132
845897570
1310168561
3997801252
3805498376
750580081
1567848651
2198788590
993958023
2914352758
3070151076
3250402879
441413931
3276987731
751367803
3092143377
3820702151
824466312
1961901953
3898503644
4175795783
2015880174
447057233
3548761324
2185714067
715323747
3042403937
3218644225
2886189123
3745175705
2938815029
830974698
990329909
3220100014
1379503031
1083720975
1308113115
4047382797
2636120981
2202426128
538555488
147282481
35847237
4142013449
2126270067
3640117171
3550360115
3406904727
3320470331
4088530998
205377227
3218881538
822927090
2556421267
343866304
2103170841
2857280294
3768092267
1530071305
3125862192
1083646505
3261986515
1758538217
2679409427
2196462918
505597999
2643918848
1749769666
1224203126
184277635
2333005291
2927515691
12484221
3341098069
2477309417
2462060325
2654581646
3531160379
187108452
1683545959
3803594776
575353702
2097554963
4018040216
682279527
551537307
3286857872
839632191
3815925821
1284368327
1938322236
4254173245
3984006501
2562173942
263088656
3563182814
1211920683
1345359264
276908468
4121341018
165418793
2942630077
1950222924
2016944787
2800923760
1763614037
1413382899
2505829316
1158534986
3504507131
2285007084
391771806