3796198619
3462914715
301596480
767163962
3000139296
1006072735
3299192488
3219455625
628196522
3317071756
3581573366
1940276970
4185363476
749909024
3678592848
3424422763
312595180
4223538490
762142340
249479520
2996358952
113810336
3520964901
2124312067
2313142633
4019864079
1201993605
381384195
2773378440
1048767621
733475113
3644300657
3251806872
1590193103
3477589441
1243470477
3617551104
3428683410
1327834261
3160595492
1918429074
1716854188
3416612219
965221146
873879255
1328096707
3308023016
2060438929
2057020256
2960366375
3996729147
197731792
3062702098
2449885930
628261172
565782505
2049403990
1492203561
2165407188
81776329
1119064892
1769331385
38756500
106283716
566867595
3277734313
542886662
2049183053
2045832234
3760379058
3311274874
2903677519
2138681841
2001450989
2960527734
2465870627
2625261331
3226086679
4124287057
401926950
3537141025
396168487
2329090075
1001035419
3347358585
2561109141
3033940484
58639549
150802905
709373990
655367517
447086955
4236772856
2558158424
1144389004
1381027582
466840017
2343691134
4177589282
1526173538
2168508530
4047145327
4149197564
2825573222
1699726278
516456554
3211850329
660613459
3204492361
745174407
2053095502
4007268723
521527915
1082887969
2636195967
2401519861
425842212
527484013
1643258288
3437477725
2198439763
1530364407
3209916649
3602551707
3323788154
1058616395
2155446238
1904276407
2598177387
4058163407
967782782
2484514012
1286391226
599732226
919842794
4181327618
2779356753
3354371394
382717379
2481958657
484141985
1824761620
2452798155
18340245
2123022894
4018541422
367677430
3941964533
3293147735
1468927415
181054970
2305763619
2641184697
2930708049
1860262853
3385081333
1068778028
1972036736
2859884688
1123266224
2236690886
1811627159
3976768295
2233639994
2862193083
1552089860
352028688
1011037700
218870249
1465982063
3098951545
2785821726