2182432040
4219276447
1718296932
1411878413
404331727
2791812137
1901741690
1460791936
2781474946
1055911927
2656073115
1223692399
3702426448
3287177110
618306134
2160335774
3278229036
3292186617
1074206631
3514190505
2708886165
3996253726
1033720624
3508419216
2661743010
1538925038
618158367
3086035586
2500889420
3026881572
1470040930
1910048084
2476654099
1172383699
1851142535
3271330501
336036207
3791505698
56393666
1947477495
2148482908
4257998943
4079698001
4275408855
1291936007
2777529957
486711690
3982231860
524596715
1400203591
37732641
2274582421
4057812764
616958208
1411072005
148899850
1568050569
405860320
1108838893
3946957213
1517486084
4189246381
3453345770
691283828
3032488190
3224611788
170776960
2375989309
2508257964
3545359949
4227166134
2265754675
3982751015
2231914192
2228617774
487997299
701073166
3956659288
3861377531
1411601067
240114529
2599735593
889331836
3766289324
2208107535
2710414603
3313863419
2104949881
1361967394
3399799374
1872013582
2381791319
3736008626
4235082151
927981065
3976218370
1911537142
861477684
286130192
2309599466
72121121
901489562
2078936237
2660048378
1947452419
2785710585
4071035851
861042041
1972035987
1145232725
584938876
2748378935
2527208968
1030526255
4236664202
674993058
1097261437
201989364
502864583
3637366510
1717849292
3980154645
983624809
642290858
3217077210
2271625307
3279430625
2339722030
2514788697
945546919
3647812769
3365147058
3863137311
1340034105
3190965811
680960480
2272738932
4204739275
872353392
3947550816
374846318
2584959001
2066342092
3666762544
288700076
1685776113
3736043622
1620282358
3631403843
3118157105
3107016645
4233589274
2621301406
3377230425
442159693
4113825015
914328231
128597683
2023043638
456841658
437577713
855591102
3999846773
2023658613
3931738529
2937955825
1224089519
3040947546
1369622008
832038732
2204312403
2791420442
3472415146
2272305516
218381645
1850115070
2219765225
40817554
2385493765
239723582
1878540540
1865761525
3298743691
2133227476
29397065
1125292366
164807524
1476157339
2419547363
168072872
1115069587
230725655
478483548
2714882424
1264551883
2746635377
1979125169
426611712
3009213399
4215117241
1414357253
4017042520
1718410635
1297465091
2167606973
4256993633
3516424985
4270558268
1683543852
2223824630
1788794994
476863548
1986470689
2148358917
771724205
1814543520
2581586786
2516487652
1362929098
2804972096
4270588469
3284009272
2018757802
4073856985
2006817792
1019208758
4173450272
794388639
125120892
539715905
3091253080
1157287503
1578936173
942065886
108037772
2064564347
3754080480
7474542
876070178
1056850317
4280967125
1331653699
4011359849
1451750799
1994982825
2492223644
293457707
916865943
1631254885
2568756335
2981597927
191919485
3138004457
3964563378
3381223117
2977023597
3357648307
176554552
2611909928
3557246986
2922645851
1404807825
3233572968
3723355534
2936711232
4203056529
1462927905
881435119
100735547
938771916
3339403817
3348184272
3393390514
3157714705
230879544
3679084132
1385371347
1374715268
2285082877
386618868
1485705856
4278311116
2332834388
2014691868
3943672961
2568947800
1730367062
654617359
1757467168
2032143103
2246912480
1766617946
2623149441
4143905181
1070685037
3230388742
291467709
1145856923
3864135614
4059283411
2851725472
3873661233
1033885891
1940974832
3022642184
3927007340
849645356
2862903785
1079399935
637159805
3385768259
1815821986
2531089390
405025588
1307805632
2801015211
1634777122
66103801
1885509554
3329882174
2217202472
1508166406
2188043931
835683990
234424628
351676954
2158000160
2042727676
3812149776
2814201766
3718320307
1949301445
1732603392
3861954665
3461263591
2506216886
4249363438
746349366
3019647636
1760744630
4131447085
975511022
1434674901
2153154366
1808993263
4288580142
3760575890
954477888
2885964974
1860482635
96631957
1657033853
3966971108
409809881
3295942652
552971232
1042551888
2820989962
4046272174
2873850366
448316783
1961203612
3525685411
1248593100
3974848888
1872369885
800247748
2032486984
211259349
2961172022
162593464
2697050158
2894401407
2548838992
908407257
230660698
3523872171
2576742993
389559463
890994801
262108328
2216841850
1029308932
778893004
3206396800
2521419163
4153569297
1938110849
2071947181
1588156240
3685727050
3314013883
2156508682
434970474
2515446935
1666885715
3209017426
716751771
335933999
3431335236
2314562919
3964084014
3802290787
2241784416
3949671605
4036948520
2130242672
90914240
2951596054
2483357897
328525246
3041186863
801259700
2111731668
417144626
3685606480
4134143980
3820673205
114124673
538498005
729200882
558568970
430056063
1982519577
2755693836
2235076505
1504437417
2723323681
2349222015
937673298
1171501245
2855286710
3220030075
2188453665
5720531
2426784895
741677837
1300296338
170419457
1743568463
1130581437
4120101197
4221183481
2512609816
2801017492
1816733966
680219854
1258090228
1463516282
2760003516
473782777
1685417704
915965486
3760226257
4184139952
3000688138
2924658832
2999170356
2805243607
2813502865
3688323010
1524840739
945534662
3253353582
3666678648
848102045
2175973432
916181053
2696714989
297654447
3436308
2286076954
341173755
1217351167
683600150
2414970705
2927257636
4102537512
4002173014
1191696456
2543017427
1531271143
169404602
164806081
1596733404
1508704299
3889443849
3429741106
853291676
3088937003
813742782
3609325611
676830925
486319469
1585288299
2276927668
3106770774
2713239708
4076610106
419082358
3379284531
1726947515
3007651954
3149358782
3419756971
3365197361
670633394
4077246294
727137738
1158477938
2655414857
2581090291
1465411389
2171177839
2324191132
3281531253
55440149
2693012480
5445964
2070674248
1531765132
2862159853
1805550783
2251454641
512962287
1994941919
3107074862
944095082
365497352
843813014
3492979208
40360271
911920462
1386447528
437485831
3244923877
2502302339
4110093970
3824630618
548723195
2448285758
3331425392
313238609
2648357843
3681132362
1783488473
2433736968
1006881287
988951685
4171782744
2143580319
2224315310
1604214963
2887737389
2754637463
2043400771
3166905181
2261834098
886376051
1682256150
829644109
3851502526
2884412003
2074154815
2443108725
369813612
1411139071
2741650006
2065539417
2526948489
4274909935
3422518799
1914109001
3901962167
2912650226
3867796842
3788124111
2566203234
429763059
365067025
2278326128
927619767
891379395
2746205265
516209926
3540379066
939274706
3976692141
2547541394
3537459422
3619778727
1747959198
1205263330
717854609
519300196
389441605
1727389984
1958195618
2977783000
75290476
2764225253
2005996035
1945053278
349174943
3756657536
2196456827
1189497999
3519699602
3593206133
327934273
586657690
1653704705
2800932660
17499186
4075994593
2629564413
518203163
3417538383
3888199628
4246242662
814476862
665209829
725415905
696048218
2522159743
185778542
3938545868
2772015464
1477999730
718521703
3498874228
1630551796
2404966217
1693648039
2458268815
1426894868
3280910434
1609353177
4254111098
203121791
1309013563
2316315907
2310019654
2148353835
3872205854
4191867344
2326782733
4288509304
2210072600
1092336847
720449739
521735193
3087056472
2884776924
3815027349
158926526
3809854980
3662662486
2471613502
3668997216
3075566600
1689572767
1063441443
785783914
1547552515
2797874287
1945577828
1970782074
2240961117
4159732703
3936032495
1073089826
3994275313
1575058088
2179774644
2624380966
3571490561
121304026
1333205582
1588202587
2963123034
2875223305
782859587
2232667665
3491286416
2498808081
1840709192
1005380320
2996585202
3874178011
55101195
1591575172
1783624493
1907267785
2080728165
2856938334
3876367872
908029531
3808067054
171311317
4030807231
3164410853
3326128897
881286948
1159913581
3744053915
1175477196
127010284
3865608811
3517354051
4001982952
3727912545
818568302
4010073030
1379317368
2858649335
740805115
3501370883
1667355545
3671590140
2232987723
541670728
1569271724
3388175467
1445545439
636077361
2477424790
954752584
4186898643
2365109727
3072941815
3045569609
2651161897
1436497823
1247757586
3244896217
1970747265
1496318570
291420254
623018311
958226937
3764991074
113417265
1279950103
1932699573
1507329385
3983224633
1573590175
3651778234
453562346
3579541990
251650501
3790237959
3333066899
1548620810
2459488069
3474720772
641849583