1917233019
2763149699
1541273824
3059865296
3389995526
1553435301
220020226
2546650052
3944859868
3485490602
2743550261
2633845744
3228631773
1249633076
2572883250
919715879
3993024177
1421838202
3174285278
1221512520
2041428192
1901746247
727672003
4227548207
739811107
1432737259
3479949637
146176894
871096279
490710117
1541830202
497405210
2302371832
3884761582
446416166
752270368
1845409218
1431873942
3616518580
390184186
2668587230
3264007380
192618945
1786563140
1842068389
2765564105
1456957468
1021134595
647781746
4175629706
2522066807
1185908536
3358599671
1149452339
1927709177
420208161
4124117378
4260641203
848866180
4030596912
759857915
604803623
3660839880
1636557566
3887984499
2674195957
668371634
2430284687
2825460891
2773591484
3851224885
3936099390
1828353868
1333774058
3818640351
3565474449
3339961717
1730876525
3956894405
2623949623
2110947532
63007030
3808455738
3417605814
829393491
3259838886
575273040
2960123099
3330021370
4006342800
1502295944
17821898
975553143
2273825698
1637166427
3345998986
1498213303
941250265
1563665457
1987585395
1261652086
903236822
374707290
1436235791
183221149
2385989089
1259490177
1066119959
980622924
734426520
2264575443
3817215904
4256915151
232502204
327077005
1905111646
2412120098
3790754471
958757336
3132627905
1019811580
3627174418
624245760
1915643263
2583266611
2712201769
1602230567
1755792451
3060773617
2073047135
636333549
1096733643
3801013718
2535927518
3884197928
958760742
2233705308
1776172042
1935629156
3874621483
2073366876
2104300143
1955470541
3427387734
1836320965
3750353832
2876491073
1888455090
1962811828
261131152
4080420621
3513019204
4002595416
2410055906
1980034639
495011533
702673718
1290673739
662130789
3250659836
960573375
303637716
789583959
2607745711
2862376523
3054855996
2248528696
2541790827
972991906
1819159512
3163719130
1592422831
874488998
1184057000
2097461701
3843464375
935038033
2950796591
2255772162
3398907315
2595352324
3909381668
3841749560
2066865434
1143621881
2783248975
1087794458
2202403090
2379054097
2119754000
3870527785
3234926575
453421829
3409978421
3724204116
3317424989
3853204636
484511630
4288475847
2831585444
1773866233
189806373
3096230325
2788076279
828853488
2020040973
3568105671
2151260134
1585327343
545392485
878087494
1775487553
1729591866
2128467906
1937401720
22179298
1982561387
1497171469
843809414
1202509852
1493664277
368473940
1228694189
2665605007
2134220581
1048596481
335550358
84752108
887518532
2066858438
1589965226
1661119575
3581691801
3918789303
1805511931
3020358789
3050214892
3260709110
1618398398
1169173027
3439308658
883212542
2533110524
1446391595
3148599194
371857586
8752108
3340869639
2027308435
3042570152
2080040339
483295117
3782217890
257472259
1582088474
3768593148
64586303
2024861879
2706931842
1166642652
4119262864
686236529
3076603870
741709694
1861922981
2606000656
113027671
3686474462
3273973556
3506180937
1415172760
3707180124
1985629391
664756507
2859444992
778661438
22147281
1736578115
3025757197
3712105379
3931426243
3031546838
4181973738
331255557
1532368106
1899814679
3050365446
486514803
1915263231
3817900625
3385837945
761966004
1886644442
2217384116
545935380
3604082478
3929208831
1209829844