3972527163
2637520591
1963048360
2267707896
1143541700
707554291
2695442125
2602685605
1565982473
306591666
3886914541
2729248834
2487540894
602047182
1169219918
101522921
3057322609
2891469400
85615302
4054041259
502138460
2109283712
2951839716
3832605189
2145974690
3846044089
1773318709
3906026234
3993033515
2191066482
3648353535
735718067
673421514
2643198512
3912542418
243086151
1417930926
222760462
65120263
4272405901
3175317715
1766652508
3321360421
2412065559
737826775
512458597
4248428017
3501633866
1992870259
330974507
3415627414
1316229263
2098570677
2010235046
2154285965
1624242540
4185634787
2618334327
4050212386
3466160949
2895453265
2071939908
2663695957
3605338269
1190551860
3249428388
1034355419
2607878462
3699218932
4018682703
3162650481
589522966
387217358
4134762146
1584355324
776536451
112357858
788324474
2955564596
2910362816
3132445967
74547670
1880135527
1313777956
2170343113
262873354
3370256355
4119689742
3539057324
3325415707
4170871051
3385073058
4234354216
952032065
2912132479
900711718
1823049566
175103140
782961084
938356020
579365180
1211557447
3481204630
1708539611
431611399
3224960904
3634450372
3253617669
642099761
145048643
1773694950
3510553017
4269957666
2732252326
1114244043
361118670
1758036885
1910668128
521923935
2360397659
1481719051
1498744862
4143152075
1040873441
3906460851
1875515541
4108467752
734091481
1003497448
4255878145
3013850925
4096821687
568126798
2382064137
3957789914
2501852253
2258349000
3535044079
236648375
3284651174
25000866
627343979
1641280027
3400526539
2362269325
90145015
116740574
3954699948
2230271870
3281162255
1920986864
103359426
451162982
4061262680
3979464870
3056768653
703739354
1845057418
2794314735
833407492
110746000
1774149576