1132346964
3029832914
227489485
516049113
2018181555
3444097823
4147849227
103481404
451699967
2917067663
1625183271
347915
2770209573
1849748005
3162528569
818104170
1970507915
2653218411
3809357546
3325655696
4289423066
823204625
1415159224
1948760889
1897772978
1627754242
3381312176
3202561355
4120559326
2277519679
3610483353
3701861535
723179787
1147027077
1444671709
2375561583
3150010922
1909042080
2117391227
3406315845
116020034
2743112471
512331862
858235449
3223778517
3546399795
3785204366
983369483
3686954829
28119037
3170581694
374469091
3856793666
1145417117
2584748275
918435445
1064527281
991272751
1084953458
3785652442
2850029941
3662666488
834232253
3946134656
2211597896
2109432855
263294557
3354097908
966336605
3993555957
1032597668
1769370554
1139170927
3008630016
