1658012843
3152082983
3940820547
2803087023
2048859923
821017621
12216602
1672639183
1985322793
1735832805
1109401997
3640483788
2469371123
2658524539
2151504998
3165202883
1460378814
4036291138
2938448279
4024879784
3456539399
1424539841
562830646
2276511908
2638376440
1171381860
629801289
3133080977
599230272
3171135285
4267848764
682818536
3230928388
4275915764
552850882
1001317693
3797269117
2007209267
2234428892
9436654
4102657857
3708436394
850107101
1172007699
1742896388
3445956022
1179991491
2047893429
3277474564
2284702748
3668184699
2226833588
2649024986
2367697820
697613620
3758451764
1516802596
2396104550
2977095694
3490511718
2910049260
1113311870
3937599872
504208207
545940090
3611077466
3999153401
1742352393
2453513946
3197569171
3918705471
2538823832
3301256125
1611810575
2475942938
4251881208
411413717
432557258
974903754
69396683
1231678425
4048935147
3887588243
4079704983
2272064211
629684306
690908810
135163367
3065110787
138255404
3534007658
1741514677
475672258
101318751
2975273397
