330493455
3882768251
33152853
3805379940
1394485860
244917759
4163699817
1314743416
3659482326
100684112
142746922
2836892006
3614247915
1985014849
3365599446
1682124702
2508270806
1966127541
552387182
3272597536
3935021194
615216417
318381573
1331505273
800585805
1649856171
4288204571
2934218639
1356967479
241304514
1266334981
796588471
2787543747
1264097638
3087482366
4079297556
3608224407
502388114
504467665
4098948078
239946210
3013328431
1858738854
4241303804
3525570400
2210950109
2119355245
1380455690
2081143303
670892012
3112532766
2629014684
504035620
2122664750
2163108507
3184852349
2744151307
1913055012
611351089
3736136895
2578370506
186321275
4261554990
4033775453
4278243784
1697654953
1128867868
3877267432
280191768
4291227829
631157374
1342638886
3714194533
2436660598
3106125207
4263251067
884360915
3800504960
508799507
17686507
2469800076
2638375457
2295194627
697704866
498886385
4037295779
2111876572
526813717
3476639939
3092377782
2543884620
3698984463
3870406674
3565797701
516386737
1377349254
2081433519
