1199436240
4133036324
3712441346
2945348544
2490053315
2542589673
3716806943
3134883816
3763456773
3056021856
3896775719
3132985669
1392216202
2815792955
2361018533
520214093
274011962
3513402330
267328993
1088953902
1903578489
3824538822
1331864190
1874228842
139655104
2191118859
3893473840
3095201917
2727106624
878739583
3171422729
1254552236
2370295754
2854886389
2751278757
3982983204
1294081371
1790977960
1431621393
2339542244
1549122494
50603803
1376622486
2324340496
69405776
2483065376
3338189788
1200292048
3204177946
2184887185
2911515308
2436213056
3084795660
2278457197
847787450
3058990591
4274365319
2119671168
2829319382
4214225156
2651216451
4293889609
3567602278
1733782419
2883344015
724557544
1737817749
1443907089
3128276365
1860736504
2214873637
460776733
2618709079
673197698
3297514560
879689409
496056276
2089214527
1563507474
1886158534
3968845555
1478797106
3799949595
1807973962
2127509136
239769164
1254140829
2779060758
1497454033
3806711055
1990343207
4286899384
3304303221
3711661782
4124305660
4250664128
3622849445
3538953854
2490414387
2107567863
461544520
735493802
3468353730
1173574062
751820197
2640140275
2922108160
56140605
2919744375
928118779
4121930159
803360727
3132230284
3318661434
3072266960
534713248
2412096028
4140140422
1617975342
2247407635
418949698
1679218335
1325920645
2868417847
4072826233
819230003
36381892
482305818
4203283685
2361785316
4118147922
616963341
1715177223
717505377
496591411
2451592471
1253588651
1995565680
1092692995
346580599
1381999363
678692116
861671559
145683090
3855096533
818473892
574671227
3680752740
1379071282
2809435427
163545918
3575069661
564311945
1748594083
1177987354
1011012269
3251926337
155657953
117190068
3520865006
446087729
3726433798
2649742893
1327560607
302265087
1260620243
985371987
1095530923
1075660701
1649414414
1005267109
975888514
3035135864
4185404668
3853635284
843147666
274469143
1439882085
1072977049
1052424989
1512855815
150402007
3950633666
2106564771
1734553325
3322849840
1772786088
609245820
2511559971
3138503619
2281137319
4000866821
3410769556
3948416336
860680256
59111911
2778829483
159519823
2578638195
3701980757
1800722673
2253238847
3928145775
3019292540
3537521452
3182471797
3054191500
2022234172
2642397162
1840225575
1742054361
4218979020
138794485
1998539682
1009412351
2596851673
1932773261
2056755761
3056807895
4213773431
2186082163
2719897707
1788251364
2969085672
1567076260
207440849
1027273212
2471362238
865888635
2853995068
959876373
2670879994
4157028629
2304823783
1585966445
1263062638
3878444678
696220743
91816185
1948604753
942500449
1589749849
1565812026
2037956262
991620278
1750433777
3667535440
2003175033
2639056766
2686314587
4138304245
3458394919
3534055106