1401199149
1741655864
1449380128
2058204495
3587187620
202620557
2488418491
300715512
3134158193
3008908673
3197785493
2720927292
2120760841
2941212900
2589583575
3887862224
1497250036
4209879269
2697405329
3863654453
2869763910
3596710553
2576671067
3739680721
1678354576
2430013468
189005635
700539333
3648033220
2186158135
1574882300
4237754900
350300808
2213360928
2768772036
1844478219
4023973424
3825974715
75137321
2113781339
4238969973
3225577376
10799263
2203153619
3132556711
1741731162
551653288
2377672539
1481867624
3519427904
3595236963
1151995950
1017458664
31333785
22373908
2179261574
1154757301
1663204759
1643589669
4290592882
2237691458
