119658143
3346730030
3029120797
2767928374
1368039133
1636364685
126468071
3091890742
776624531
737290655
1729654484
2704548140
1033163554
425314205
2493698607
2806188936
2397931485
2124042108
2628649279
971038131
2249203909
1195058934
260804526
1426332550
916469043
1869125287
453408916
2031251262
238928314
137649962
950714271
1172875079
436550459
3540297040
688095570
3966849145
3756890002
740195312
3804075141
3919766621
2065422193
2798334286
521824613
3429444023
3111119017
4198951873
804657379
1382554892
2147666559
1245188610
1808919716
3684370071
316743972
3083121708
1162585606
3140412360
2454626954
1009909342
1397253581
4157879422
2776933650
4280728013
3205698883
724994878
2791020514
3774616093
2539333047
2488625774
3085478788
1653690625
2120342779
2662611170
878538619
556012514
504334058
3786853021
3076911821
1536580360
523329906
3676997269
3848747418
651892958
662667416
2756550769
1634617339
2308132674
4145343743
1278825088
593472346
1985659506
2377750243
1043486113
42039448
3538050143
3675972439
1292279226
452855771
3565754324
530539299
4051416775
214646752
1114998706
4065991597
654960671
4209338166
1577648843
3797335284
4017038848
2569405816
3170985695
3528568270
852561992
3727393137
2307089968
3833243797
1642754791
1352674395
363421489
451252892
3528189707
163754011
1392183366
2673211087
1809660826
970519420
3204156246
