1567562245
2448363151
2883979382
2809993425
3294085252
1226313498
3277480702
2692868316
85504310
2292914329
3017743552
2410434590
3538568539
1762371947
2998078984
3011237693
3681185609
1039730867
1562539924
1188097815
2714689934
2792289712
484952537
3936992143
1499363143
1340199096
3836952048
1531256302
1020922044
694352899
3208455217
562267493
3531951656
1105765862
2893245782
615593795
464827060
3148239342
4233910366
190936504
2737566191
1618208431
2612843583
3932382738
915159356
962953391
1522889880
2513389113
1478727182
4201524824
2121803799
4025592895
2442562847
494029293
3027548042
1284569765
2172166081
2151781028
3253257204
4230888920
3747252854
2734748406
6756475
2923951828
2074704060
1256707443
313527849
2357571213
3006105553
4177869749
269299604
3941893096
3662413846
2503903215
1772714957
1348902301
3652658157
3589782330
2144676916
1349289245
3655323210
3281875514
2551008918
2447015761
462453342
4011172101
2870013380
3194385398
2759940265
1153240591
1105924888
1362267692
927277007
3368803516
3747868791
1558476526
3935961887
3473759617
2979611569
807121137
3312347188
717126123
541241989
1548645478
3697415186
1280222084
1570646816
1193873668
3668106392
1193198981
3503980880
176663555
2807194922
1063391737
