1705901368
2523573944
3211218929
1531491613
3624440608
3049695988
1934082749
1536637946
4148383386
3705028389
760296511
374970210
3602211156
2231786079
246973025
3377352393
2175970553
33975653
1684614644
273912335
657086794
1318557834
2352461782
694865080
2924728900
3988492658
144623891
3553633408
1476433931
4029573990
756598665
2755519945
4229226685
3818745715
430819337
3471201627
2545457895
2356235803
2130955142
133529972
582648541
3590373025
4209051623
991865440
2629994516
1239372877
2303019158
840571011
2931325207
173678742
3638583878
3572127532
3197933780
2014087917
3397711238
3269823549
2748645300
1937898221
1755865627
2210270595
1033626172
3067623528
157415842
3820321527
2201988350
3432395771
3529049795
412644553
3784029665
2582349724
2979028712
3202747907
835757287
4056676805
3491586478
2232064436
614546440
3731981646
2327082388
1586620346
560013609
2673333492
4088863779
2452283897
1656866384
2013523308
3038147481
955120515
2060896704
2168141202
3622075276
2666101833
986399165
1743437646
2155330729
2127331211
4245296053
2774663511
2037948937
1821021306
1686812064
1097606002
1674213295
150344983
1853170622
2244667507
1298816855
2400559621
3100408827
3635569307
1598401096
3316067954
3458756755
2240378889
118812844
1637935000
