2881677931
3253978370
2676841756
556758977
2802889936
271744606
1057850386
109214973
1083393981
1812344735
4205204917
2520052951
3633564173
4162503095
3770457846
2598666736
3884045340
3565721029
2389569184
1435862376
1331670953
3810085145
3182269960
1653155479
4109620209
543858631
3199933232
1138807795
1667902178
1749150384
2786523350
3392133875
2363443414
1576593161
3461773555
2733799023
964546708
1740799209
4114205853
1595838043
2735678148
964220384
3756749065
2225332988
1887803976
2581209331
4228411658
840280559
516253533
31980352
3553057485
2283955686
3464683498
231123953
512960601
991353996
1024417980
3001545232
2629656628
3710538740
3285609467
47906346
2703042923
222886964
2380513317
1008235353
3969392237
3220574597
1912024067
1583122207
1155333859
603248256
3346276060
1258676930
2962224429
655671938
207571303
2682417558
875909624
79187673
1396795700
195582446
578067170
2988467371
2013226259
1194013312
1440751950
559031603
1099592526
2925447353
2607466864
3246936848
282010363
2572941697
4287784672
2862211835
3733843779
854174154
3476312177
3493602952
3184006006
4194900043
441697602
3799825335
33675118
3529619781
