1963049025
2789568192
3377409558
1284732496
3321635177
1741542047
2254335033
196610400
3068941263
2476266051
2900155136
1632775481
3394209428
3549819137
2004252877
3081654480
3816157823
4109962598
2239687723
714859630
895299657
2383303772
268576643
2885736754
990010517
2811049969
1144246375
975995974
1138050639
2585077932
633945657
547486719
2891833867
863186375
3246281278
2618996080
3576548971
1972797172
290575713
3750100157
382136325
1186138741
3456780518
2239261411
1275252471
4013680332
1194583268
3342089044
2790507274
1241169125
978316908
1375946583
2733936388
1124882143
3479679620
2696103704
437500835
302227386
1370662523
3172511188
3997575576
13432771
1966220850
1485894882
2368542932
1881228242
753369588
2047381761
4209255349
2598603549
2287008758
1643505303
554560862
4257800999
1157338040
4179507172
3136359246
524180427
3960769471
1562407863
2131619377
1580310683
2408560230
848307768
2994848572
3739138956
535620159
1190985864
4057627798
3697117826
3463122124
3718715966
962377900
3576412954
2578714444
3628241289
120653888
4290518782
2717998186
761415164
4229300649
