619824122
1592456632
2268747118
39194607
1147122263
2429160631
417825874
1033427012
1640339009
1394138286
2988914952
1052173153
540557076
2342845781
4289180664
1834383861
2530392020
1740242914
248847917
3474493638
3570393024
1511167879
2335621689
658526070
3195299740
3935372162
3900134612
3194017307
554818578
931512797
2532498044
2484905239
1036454034
965997527
2249410740
2596744933
636334667
293463539
1360806592
3479405797
3218736937
3691949895
2572919535
2583639777
4167593037
2481810439
16885599
457441272
836518326
3933029323
1991633530
1162623341
3510240771
2974422981
3663394811
1571876479
257944368
922829720
2446236104
2924531290
2436083844
1377846064
28762854
71922629
4080254806
2815840499
3355059620
3656431431
