2181794845
863866859
1837547649
2074765111
634596137
3982000826
3978628438
3671155064
1747691720
2394019685
1866124524
2964650971
4096732969
1798021068
983289383
3722870789
1765861017
687671527
2657030538
1188241339
4083196870
4180740594
1678334286
90121836
3724648738
2529154118
1911790735
4228165545
3839872394
4196844298
4081476003
731112496
3676564742
291070059
761035395
974917259
2403448822
3272381757
99174808
687420191
4217059358
240469354
2163074571
1273661590
2626864156
1588497623
464424211
3104508903
2255949187
3971431034
1779584818
3561992801
3919749164
963797404
107401872
4167781904
2204217303
4217345620
1538656357
4246933370
4018446411
2917580637
2454485490
2505676220
4084157874
2963140224
2534983958
2839978255
4105258853
2886899755
889398065
2851668679
