149332680
4116164724
418121038
3336886058
1234713233
293259119
881456878
599547968
2268218802
1980834713
1902080961
1000835809
1132752939
983063920
3208100983
3374596942
924075827
2030709417
2843251580
730386817
3732805837
1940775901
3296637109
3020039023
3399273448
400384596
1804213316
2709604831
2513645602
1390487062
3727141201
2741678612
2148946795
1500665876
61454775
892788357
559508084
633589029
520842043
916229969
2931208005
3192220705
2948904
4071219371
3264300437
314612492
1627634334
494247122
1042083952
2225869501
2455194169
1783857806
361889295
607784101
1586670693
3214212707
3246001964
1624990212
3356142333
974564603
690383617
302788316
3787967063
3219047177
2252229298
2503180247
3012233520
4139165042
2730143731
2939846557
3353829771
2688799747
900391765
2027382094
2054470568
4191938856
1770377330
2091991265
3977507952
1396838806
2249721322
1953931957
2109099312
2366804856
2060457670
1571780235
2110747799
1315441103
3193877768
498199419
3751875464
1788587156
1273815069
3113458210
3275262845
2593033035
389047734
1288105393
1542852526
1598545557
3078058372
2324737089
1057522208
313002501
1959319878
3082610556
589945559
4267609369
607153300
4080494723
2719944323
872732116
722148587
2500955819
3231840451
1835177131
513247176
3372268867
688032450