3483639350
3563704730
4189488983
465906994
1732559158
1168816048
3432839631
193377966
1179640394
1162029468
178558978
3791210108
4003553252
131989807
1795894001
3857498095
229847656
4191264005
4002850706
4188083583
1544862701
1764987267
676201436
1744609678
908800233
1314887411
519243282
2329003204
3127062031
3978284042
1648547152
737124337
897499354
1532986195
4131245416
2376560080
673941999
3673119369
4138265722
1258531469
3953338856
3134967079
1416649831
2823577636
2613415387
4116833618
1048715971
3808418483
2941068623
443077933
1919444228
3068969178
290799750
2715283284
1693099844
3405627391
1730288495
3547071497
3933040476
181591135
969935287
4086681686
2852480704
843772406
4106014306
447306883
61179517
3798765589
3593414587
453334344
4059536577
2402472315
3000114929
4202377961
1173699810
1976682417
3353921274
4001190004
1671295219
1663612568
1288774459
3040265301
1969297793
2075245171
1387917982
1040216742
1402494362
3113282408
2520028022
201620386
1679678871
2619942232
3333627230
117662915
2900603749
2908815414
2939030778
1994433831
3715314124
4191975821
321678304
4034086817
1354254015
813461411
1562273797
4168205321
2750426598
3059067726
4232153874
2105822813
209415368
2369549020
1481631566
560041590
2237256680
1568459750
2293633976
1434339055
3471622978
607090738
2174595647
3593831662
401580661
3408711880
352223904
3587774451
2564982498
