3937540524
2536046030
192496292
1800703648
4104583947
658512164
3180522047
2765207835
1872369932
673902483
4043713020
2352419411
639190137
2557838161
1815288903
1296816857
1289106971
3466057873
1982050965
1203901113
2201461290
3134167687
3076957850
510978702
831633347
1471342708
2868368312
2224276837
861393770
3207430747
1942400731
904266456
786442016
903439974
3591927966
3136716865
2788616618
235408708
4059354972
2538934593
4216630491
2958566726
945346331
2997193287
1032142599
661488167
1103068414
1174597046
680244172
3232857734
1593866801
3750135634
3105579195
1685177922
3936338519
1235048936
2357344246
2307574137
1493630566
4282836462
1658984777
474879687
907616998
3122293688
1031489615
2173929512
3877664851
4183834681
3470413816
2461313780
3874050917
39118905
4241845797
433170306
373507349
2349138726
898378201
3622862684
2139800226
119780090
3771854819
2290304541
2662253256
1871710266
4260625597
832541523
126054940
954897583
2515696861
1684880115
420763053
3715069492
2383591118
1971432017
805289488
3740902662
4013528477
100457677
736942339
2797553293
1909903998
2607810446
615979106
457205533
3407608556
2651635327
3754212378
1404513749
4155654197
1804142203
2470242494
846335755
976436335
1881523442
2240859281
1523834690
1596930046
1404581983
2550537598
4178850018
854995829
2725489308
469020806
4265205571
3086129577
3455009980
3810580265
3641975283
4088495854
4096993972
4219859642
1916303606
3350412499
1175835696
102863400
2704607464
3628089570
2934488203
3887676862
2136762908
1490165093
483032570
2318048149
2700105336
2008390875
1280269698
2211590189
1735154807
691840180
3184915141
513734285
3074983835
3997362771
3483308067
1457358947
3073769227
2040318254
3880417212
4236653984
2514427045
1468554056
4186568295
3038683953
1459949127
2696720471
2936734851
1391876323
2054419774
455247486
386401433
2165889757
1515229857
1111256399
299559621
3372888348
628822942
1938121034
1701386674
3639408003
1880520390
742468127
2254444358
701094546
3664002943
2879961609
527842272
586680347
3758973023
990960821
3040883516
3768775099
2654276127
3964212521
3829034837
1046261665
810341975
3961093209
1347192193
858653482
843360842
2221983057
2067041881
2482356910
2386022168
1593595871
2884035855
3530592441
1942689192
3072979263
3345324228
3038820032