3540388429
2134669916
4056235630
942540280
1245717813
2623591787
2980754120
2535912399
834935870
2404113444
3658774742
1618463267
655169385
797093750
2786480634
2301468845
1639082960
1208142813
3954935620
3513070864
3497010349
3917667361
3961606373
4138805505
2814130793
1708667797
2883572764
796109234
2066563373
3751874300
897200587
844913250
3683029858
753063949
1098091017
4109693190
4096026061
4198418587
3955259362
1635029800
671459184
4239408876
1083733613
4059242892
3039268197
1122290994
565904466
1094346786
1112434814
1946991969
3763231309
2747818730
1944719394
281424719
79029024
1730825725
831174933
469160788
1112181370
3839559781
3399916727
1630169560
1276754615
3069473897
2808679416
2961992400
4019537803
491815318
1992899015
199254481
3191924095
3624613262
633327281
3002116616
2172053476
1756893974
934083034
3196934928
1838997655
3040559385
3147481625
454760765
450617306
2185134393
3115179949
1373493225
2786528051
3386118536
3742674276
91841742
3648989460
2699899586
3322181368
2385127750
958527241
1302351861
887608203
151067713
3700556222
3178563277
476351196
1536606108
3012127744
223983377
777555963
195959133
2542824506
3999139034
2870662698
1608084322
2950263230
2906336518
3408298156
2464086138
1932837089
4205299364
1863473695
2877284623
1645874289
971778790
2180953015
3814063042
3001800339
400267130
922003395
1880271477
1157602062
187646036
3388766912
1985624717
4003358811
2579996956
3771646200
2741283258
3773916530
62572295
3188415605
1500473565
2506761544
167749614
4244106241
2345709230