2445087557
4021107328
1482392413
2984959060
2566015721
179837121
2325180307
213688802
736046930
1585906280
1382551038
2535533497
3568393495
3174516878
2461265696
1641150758
971300783
2419301379
1234038569
1634796349
1645487481
1671173871
2157980396
3487399174
1091178849
3529347368
2963989625
3452722765
2710366161
1382382688
12121729
1272606898
409284934
2317075118
2205406140
2657016463
4037464169
4224073936
963386570
993073394
2526584488
942708181
2659779971
2282780337
3893739325
3456794813
2901201683
3281404908
510527147
2467259503
1496486874
2660269738
3746849469
1013189719
1137630828
860477215
1964522661
2635903184
2915737516
344245228
3636425438
401836687
591328115
1237502482
1769097771
78620792
688722344
433406971
2067970352
3807615673
644172043
1132938836
1903498646
3144922436
3544578859
3081328773
3001359536
865897135
1930923442
1960792953
1992354092
636338548
3933497242
1743521915
3695190246
464930355
1818272073
3766593346
4026635658
1457801276
1388516260
150484969
3780559452
3067222956
1176022274
1629054343
3860453455
3326244040
4001125520
2757191305
2422167788
684615866
1248210533
1035650150
455323666
3690581105
177935801
187229837
555481873
3670060665
3328934038
3947925212
3924240460
1144669301
4175173541
3246894019
1613246723
991959162
2673331439
1870325730
554373348
3429874264
1667422438
2413696632
3604384730
578200789
2647827729
2543128724
1026821984
2627249873
4080101698
4173352979
1802121147
139983502
1278699927
2794524683
1659166581
2128958820
3707088493
2661577180
4124845453
2886032058
2312613319
3277402344
3200212652
4116626053
2581685364
1462159279
1390879066
1043435550
1469516937
2122306635
1226685688