2188483945
3099254647
1474139487
874081315
3771299352
3451451319
2387390049
2252365860
686957103
2750134287
1627538061
1652256208
4078072290
3921737822
4154069685
574598086
938088220
2816721185
2836774780
3634160306
1901647194
3945423784
90937340
493664982
2589994692
460566682
1462574097
2807386921
29111630
361644336
4186338344
2230114705
2438281235
2624102383
873231187
2876836316
3457895403
776474959
3886234805
3652327006
3101806196
1323058024
1669247277
2589699996
1093975364
94375603
1532307627
2608919181
2515502171
1255960741
2879192403
