4247699199
631351454
1603742455
387038916
2301158883
223019781
573067880
3298270468
3818375362
1383975377
3863595093
1102786964
1923244264
4255580717
2606737263
4244501992
2412099923
4272319709
2990778299
2949414719
941404171
4044667965
3243274951
2105474224
3813512476
963637547
1774308904
2342790955
2489185716
974332601
3673860354
1320832988
3141588833
609620619
285860357
2507750920
1500770866
3036580097
2528795281
3060397301
1112354282
468007753
1176985802
266438771
1650164022
4099229378
3469102761
1809865528
651621004
2552176365
3427018186
1243072655
2130390940
3753854828
2038555412
3021633686
2410941349
1637786472
870259519
2727311416
2285883269
649673787
2488129731
2447929116
600091632
3034989814
2105888182
3713530259
238225043
1499686942
220607834
2189168417
1536020048
189487290
84125256
3173833778
4283984822
3162163803
3443322966
3717566834
3048006131
1934514345
2824854111
3565008483
518553315
1492207398
1647303625
1042459909
1612132860
2519275051
4180397184
2281391222
303589994
450628770
425868884
2518603308
2698922356
2395529557
1132872182
536894712
264938291
