1854519666
2568760247
2815088489
2964337268
2791496341
2051891811
2045763180
3111547569
1579949553
3436450780
3255909022
1937770090
128938876
1923371439
2901129741
850464749
2759869734
1803310589
3391163961
355301943
4091143111
1839509687
2997960776
577081642
365735604
2070601827
3777046414
3021499908
4108563560
3953950544
2829892200
302944425
3977716717
2686170739
3149128693
1808383397
2472575092
2034782497
425692271
372984613
1389792106
3474142393
616883165
3821598800
4229346299
3672784768
3912269016
721373975
2074547332
2063354387
4010022623
3635403642
3310319965
987603417
1117728865
3142605044
1899298461
2958152741
537849174
4091636020
3008132637
3424654541
2653135257
4191837197
561978657
4071379391
2207387915
3243751374
3937804600
1659932544
4223228432
1005447772
2737069771
1013205104
3558600356
3151637292
348792238
2257320235
1011820421
3514853254
3421310600
118486593
3278736246
754612462
3997099322
353776319
896742390
1905689551
1670416593
2597366700
3949389243
1535882845
3637912451
888693132
960500479
1880756597
3593838279
4204649000
2731676951
2515245187
2596056503
618901067
2670469178
623744998
2801020779
1413813580
2606743287
637796298
3119361352
526301493
3415843858
3803423756
2631240681
1653026712
770264025
472044560
657500610
4072910881
42060840
3091934630
2573936913
4271633728
1562056390
1380155417
2175561001
624103655
2555336655
3815048811
3514469237
218709012
3828141053
942957106
3873526713
34309094
3960640675
147585380
2073165968
2194059131
977963098
2203587544
2055746760
4117527779
1942850758
3335120313
189892846
2102567392
3384293090
309338416
1975718844
3803604344
604370779
4093180384
3296578132
3512005335
4175096646
3985568166
1265682227
1644505872
2638161619
977751076
1520016769
4100106846
717169009
1776107395
4286608684
764343687
493250398
2804749553
3449754497
1521399966
1421958253
3284921109
2498048539
4125675202
2292521611
508614821
3876932982
2661539146
2566883776
3598498299
3963335253
1467697982
2578193659
3342680331
442343377
3185415967
3535287840
3302748093
270307386
1262041056
3050955950
489617613
2073381885
3327220718
1450227065
1213754709
1798936601
748521831
2405927399
4276875097
2634584810
1226923218
3155199970
905672625
1374980465
3112459367
3549720705
2936448991