2918705412
1643001872
4033318492
4289570761
4274500577
4011842222
1780582955
305663419
3037951578
2079477150
3994499992
2576024010
3522463785
3188548802
742453314
3276961386
3804234960
1098155645
2265366787
439290966
280123047
888964540
3554661908
400772605
3276639106
718239127
825532872
4076996734
4134409746
3640976776
1243496463
1538331466
278763145
787261300
415844317
3855908587
764227737
1952078654
1320954391
2899042049
1201541216
170656056
51749178
3650970353
69011334
2955471392
2623450611
4199528623
2141503263
3665011796
329690859
2595704430
3156815054
2601982391
2568307649
72055018
3395758404
3245757325
2625806304
42213583
1299526449
2148418431
2316190358
3176131465
1443662513
1527260392
1218471959
390263442
196624008
3360712438
3086625588
4031362099
1283019501
3527159733
88948520
1921239770
278838750
1660415247
3082987342
1044490379
47812712
437863587
3928531817
4261499420
2099741691
797117255
520943475
4240679785
659832247
2067378595
979222057
839619928
3347000357
203751812
1235481527
1376093867
3849228597
1140680261
2278674858
4157192214
900458863
2618549005
4247998464
3622253895
1931357173
3795004347
3722258816
1684274914
3236071567
505464720
2808911950
1462506631
3637842890
2659807123
1999505088
167695970
2261638827
1657717556
162587512
2041351953
579721040
3497611938
2254934351
36543449
3872652977
556957463
3824092787
3567430787
3103149361
1513115656
4288943413
381108203
4026336937
234068221
3015995807
2099625261
1937864938
986417084
3192401525
1079011508
1755670867
1791937708
30890566
2266120800
1623769732
1474038321
2554745410
163862927
3327739703
1633775948
4197843220
3998593138
2563485251
1717306485
522598383
2188424245
3858873
962859824
1265019122
3709203974
2803377844
1599804753
3361861466
2600069806
713334277
17322294
2982718607
524162953
2300068986
684774977
4282147366
3286585614
875017099
1245212387
141236856
880447543
4287523621
2171720149
2403960792
341793792
867614337
3917736671
197091555
298472293
673832306
3173967253
2316717109
2909842437
1616222882
1243151384
1998360935
1639537311
3259645278
2439826067
1490242436
768454024
2845434926
90222317
2947373366
1923522263
1334769133
4137924505
4204971880
8506368
3325172144
2331613821
1857008297
3869855397
3525367356
4210434906
76057669
2230715390
3207871133