3287035364
3093116559
623657596
4013980682
2043851449
2646149778
133485224
1625969647
1067295057
2690382515
486351633
785112963
1315837061
4112373128
667383297
624346348
1066352777
2488065999
3290989137
1229184506
1569128806
168997267
3014058396
3161139746
3419152366
3879103618
3121018720
3661541610
1009593018
1439691481
3253375592
3911169661
777472709
1688071369
1967320965
524171773
1690354584
3336935181
252106799
935126982
676940522
240999268
466483392
2756507824
976795347
195289119
874576482
2125019241
1637965095
106654273
2512018873
2811078147
2364946647
3682555218
1178606606
3055000603
1769178622
3606226536
1094633464
1966188757
3091218524
417257636
207113949
1252493590
674027131
2160774204
1569102099
334897070
862764753
1393142455
949327264
1414033376
2419988913
797164693
527011775
1492268586
3381024961
2233402809
2919642509
892142
1634377041
