3739456605
1325332580
2406098268
2706354925
1452347380
327351958
1197515240
3540851057
1530149256
1751720291
4066137878
58593624
1610851685
952588473
2800904976
3888541146
1440910542
2928574911
2280816051
3920994794
3752342027
3232992447
3271273725
569385919
1471337233
707423401
2116068109
336872733
1324949425
358113404
3591167866
2200022084
249799142
774307999
384187439
1327927012
618251491
1394497331
1317231194
4113623537
4106044589
1589391388
1854765513
1259315019
285143795
94683863
4264451106
2311564725
351923715
3691772950
24438151
3857810783
2640633327
1012192457
1894233710
1679384999
4150003707
