1030109326
3938341893
3605198116
3817204454
3003807854
1406202291
1764415856
3250200839
2852241040
3226838925
2926143824
2061438125
2425742822
849968708
1140676225
3856125162
1579658707
2553653591
3513456845
3278049358
52167195
2196829171
3504389680
2475162475
4237086478
3887209210
3437822140
3428512790
1359117871
3388178865
3890787835
3532212307
247179315
2917703899
1354035338
3675931413
3407472895
1511820359
2346104861
3472339772
3034202315
916930367
3489340328
3911544833
3289753610
1256682859
3737846941
3977164554
3269950542
480041599
3449644472
1537225843
822732053
295732524
566709848
2415871170
633507669
4260755343
863097710
2256107947
1564411126
1117662766
1708151000
4288578867
2929751448
3482280698
1706818478
3749471849
2118469278
1921820710
4247272481
2907759381
3653062554
3845487366
2373302405
3233895742
4248477324
3605405041
2651420824
1412480005
3759461561
652701309
2631305305
976278180
829056685
635376638
2514902709
2809376483
4148695801
4186412547
4036833651
3223340657
3208468242
3049345923
208015888
4072532445
1183125454
2103989045
4218875412
3841950765
4134027066
1974235045
1937540327
1595474057
2079937532
830904848
180318529
3888973572
4222899173
496319367
3208830418
2887955768
2651020553
2782130434
3628282622
2687282359
2116845740
2894366066
3827141372
3176554898
2841722572
3664196717
2705748514
869240768
2909734018
2124373322
2133881853
1464886594
2373543157
3624141513
3872973471
3094715374
1775967441
2819460694
3735628763
3266949043
1267216113
1262282677
2441376154
677808452
674839765
635739909
1642094795
2921935227
3800271608
1951291807
2186748168
3687613520
1486621311
1578033192
3054706326
1929006554
3029405709
541823987
1958864625
1865710991
3987018113
3129431039
2075276786
1864152999
237331990
393016000
2882358794
1630056863
1332643956
2268278815
3873055778
3255391185
1082870978
129638311
663337978
2703413495
3069939319
521067912
64663772
3805383764
2398454131
4252191583
280630303
1803821066
1157331200
3617393445
4235890787
529220600
177443095
518949345
445875248
2234739957
2165112038
3551507321
1114600505
420043162
1706587130
2099049015
938742121
2164004841
573449342
3330391082
1753497539
660412865
892209058
820690247
4169479919
3221850799
868690823
2734192554
1576435358
3869507562
868017482