255935198
1300288934
1517293635
714316374
2811450714
2733246792
2138178298
1178462077
90483722
3014170292
4141380911
4158706221
1533781404
4098178257
609917733
78921956
3513313157
1970601832
3410353737
1616387751
110493132
413013714
207223716
3312217946
3529489916
600652777
2203015975
4096450754
792634352
3178403571
3195262065
3934258516
3223831525
1634993289
3331236490
3387415630
190504369
3352460345
3221370326
3582985191
4007860045
1806968293
1560694012
2193586888
506485168
1621431722
1875345732
1904058710
622838095
1834900313
1363441051
1932039654
3329855474
4142422712
3880644390
3249319820
31947025
942538243
803384320
4232702870
