3328240438
2360231257
3804388220
2096053998
2098042361
974531172
1158368147
2790668736
2754311055
623727470
1150558680
4283264072
1307742788
1948924221
100376377
1563505001
2553791849
3438062170
4002361801
1321620842
1799399355
3923345439
1587618318
4179427640
3741259123
828685153
3038036948
3287564625
549824055
864585275
3879613854
106145506
1375151713
3259519728
811760763
1911386660
201079858
3554567295
728841480
2444303322
1248893512
109554971
1590017562
2498392783
359707935
4112309038
3795415042
41604471
3480097541
951724265
2200178067
580556862
2859931628
4029035597
3411871243
3225794908
4230536014
1142569132
186998503
1332461925
2416926293
1339489847
3612830123
2293229771
3124303916
3760275340
1913950773
2044495783
1256919107
2549434230
3526854572
4207368864
1835821157
699286546
338265800
2389149508
3114937520
2104026744
469339893
668366791
2132103386
4263200619
1854685104
3855862692
1151010819
518624991
3100109978
3997953039
1863846537
318287282
896087863
2839252851
2508335628
724067784
2640968165
3885736100
1596845589
46846111
1196087758
1993251711
1701466227
5001597
3304071294
3083943301
2902707885
1679776797
3800237770
916736172
405875616
1964585274
847538049
1972340390
3327582103
3192415671
23019034
4275441055
230500417
1767280009
3512011912
1000587175
2610108590
2967689786
2226539102
2000498794
3341005431
3401589633
1978635318
944250110
1334267019
3158633800
3667519046
1050981403
3853003991
1218857001
676897881
1751404551
1995228271
3822667679
3188682657
3730029186
139474105
1222146341
1447816480
3432679077
560466148
4205752110
444819608
596387073
3734698697
1064046024
2724097494
2974891252
2747953580
2868066096
2233240599
1263233762
788588148
1543949814
826667150
2777183198
203105624
1745353806
2577726048
666596226
3817290228
2638993767
1819695195
1674171008
1384163637
446684759
834016033
3338507388
3539725180
4202276055
3710826536
2838243031
2207166510
302904984
1428260156
1406859124
1669537057
4261553072
1578876884
2931470354
3980619492
2092940828
3186684238
1502662603
3199122007
3017097572
942054207
3453587317
3671801154
4106833776
3835071811
1393862887
3405656842
2397972422
2882721873
3701762434
3811640801
3710352176
1191293716
3509243558
1190689671
3709507322
3742060943
3618091328
4002043549
422518461
388099230
4086057617
525487029
2530229284
4208207372
3944453594
2100506748
409998485
208982246
123621521
2756130139
3893643560
1559233371
4976650
3329286423
1102331445
2283734661
3664126071
3463426130
2259026442
2576563257
1576002416
2488512554
1936227256
2036610447
1552107443
4245084297
1477161968
1261010843
932314665
2217013025
1198675957
860689547
66269678
3484797608
656937150
3287323222
2166775999
3969230315
1477183676
1818923128
3425084873
4114947244
6811139
551700791
82220984
2652025456
3473336988
2284267132
221576522
2907558045
3382733245
265185447
2780335200
47169130
1650064611
2333905325
2066691542
4039507822
1819214676
2631119276
1064390140
1255427430
760041890
2077722061
3897756326
1640295644
3979447711
3368784119
2406274152
1470849417
3459771348
3296615463
406888676
4189201606
3030218305
1115954615
4140618251
1659862833
3960696538
3594446589
2808311658
2676532087
462741547
1154958263
350129525
3601024289
599174339
2701760748
3049277399
3671032348
2849284807
2039423853
3555489985
190592792
2534720605
1482478118
687906155
645772237
1886685353
1628719183
1815982566
492214749
4062026641
2334729970
3538622566
3985738236
4195626008
1523148835
1224572672
2282619712
2767321118
1642199601
501629006
2741520476
1585991812
496668604
2119669845
180096317
2385983643
982314792
4260679569
3331328155
2990918711
3306397566
608063231
4144912249
93388275
1128326423
1201705460
3071079561
2786697765
3045729622
132157568
457702203
4061829347
3956222345
785128000
3191535964
949910564
3361097236
5592983
131846434
3769459004
3678439460
2326666276
52777890
976067180
3538082350
836093337
2164055498
3115997858
2720363404
3792169135
889642478
3354594394
2461408612
1994745919
1973865421
1809011215
3974400633
3375922165
2803233272
4010584984
2780191078
2616242259
3306357360
588823798
3584006731
1081712850
769650686
1637317569
2317232031
284644002
327890423
2331594649
1171238677
2101698010
1513570988
1516975112
2527381306
1513015515
1075624
4153823716
319545537
986812522
3079146123
1410452428
4248859676
355884012
3935272148
506700924
4014612148
2258167354
4258694601
3681249093
2182830725
3806783407
4022851522
4293793701
2032765479
456996620
1041051803
3536293677
1936653289
2234695327
46859651
1831040727
2534600599
1995413201
416551555
3888217133
168026278
3888103041
4073110556
358716455
3361457664
2371791818
1334345456
2671007404
1916313562
3172797367
3550136416
2077103427
1401946530
458731464
3959080757
2476689260
864146436
123202803
3150229590
1371970923
1663334263
1570426388
53350104
2572042654
1277730534
3612882661
3570483482
2698942011
268463547
3186683402
2937139946
1163751699
3428975359
787378284
4154033789
877378601
3556006804
4254223699
596701669
2181653431
4222350405
2175730007
2755755005
1050685735
2552792283
930530546
2356951695
126947809
2248224181
2835934019
2385478489
3187736745
250001330
3839754525
2413756280
2880458311
2812611116
1570023187
2337554289
3152579805
781633837
2080386622
4099596921
3679145335
4031428662
2412275891
3242558441
193681610
2201014348
169105022
2131636479
1456536236
3469685166
1574902187
3740027079
199453918
3151513204
3012029353
1527464750
2944059942
2685563645
359312073
4236059148
1775698010
3204397550
2248411
2913907393
4169080846
3784233019
1931275719
247343547
542929035
3106396700
2003271599
2056046550
688456186
1478063380
313696980
3101384776
1566975344
2232300788
182605070
2536587986
1739835988
255546865
1288341278
962530423
2783293241
24976670
2113283322
1999537392
2168645221
960609880
3458045834
799455633
1646229181
408784813
1248392648
3145668016
3041602483
734177366
3400435563
3947865442
2317851593