2934919464
1028804468
3643296727
76288274
1943351800
677272768
3947227056
1717741546
3013060693
749468525
3194923930
3644903071
4083817827
100094178
2899910151
3619539825
529200564
258925601
2070461938
1902033774
392327353
3411661774
1105722315
1714380543
60650168
2022444012
1500066712
1621843044
2550727080
1083838873
59506385
1286492118
3909884952
4043541273
1454721724
2353359394
1141102604
1921633392
3794093311
63519032
2291041665
3536431851
4121870746
1595811216
1396428657
2839690124
1845905324
3571264321
1673282015
2325706445
2030954246
2381152242
1640853227
425685797
1961267235
3140561022
2046712799
3168948919
2585219231
1313363625
3583527402
2029365955
3482258660
1020668741
102421223
737502849
1615476636
3967001671
3433467906
1309942872
2036589825
2719295423
1146080050
1587079675
2700017778
1272175604
409901532
3125908379
2591338217
3327848084
192558714
1546428292
2251469839
4143453071
2001148689
819987229
1751532675
800546013
3378493335
1136879150
3195427714
3288683088
1575035375
777399232
