1269941173
1163303424
796850885
524823935
3799991072
4178975738
992641720
914065372
4213591251
381002889
816846563
2055439923
4188120599
108056383
3733410251
1256738840
4199155858
4012874062
609785622
3811490609
3046177399
2820643334
753956756
4179565969
4067161804
1696429501
2613443723
4177583278
1832645025
1023400907
498791675
2793262242
1572484213
1480609869
695425650
2764439762
1028779624
2154399803
2254503923
1598608337
671563130
1449266205
1107989458
1459333232
3434645727
732726291
1213022366
555236975
2349868015
3495460616
778293715
1287696096
3086403806
2189233880
563750515
2989526506
1743970516
2111414921
3552411009
4242985302
2525675424
1385716445
4024683701
1966957337
983288048
4118549120
1545417237
2014349161
337966335
3322779188
4109071576
3330231846
4050739507
3864752405
1304586674
3520861990
63443512
775996006
882168489
1903888910
1064549940
2640200435
1047217740
3266490411
8469562
1766709987
3263239464
4268932406
2798810798
5129574
2228944774
1304716655
926455171
882194333
1310199708
3613478572
3326141530
51315710
4267827938
2711763157
1886007402
206183567
1021459386
3313454474
3076373637
1097820465
783866520
3546801980
3387803758
3711755734
3039613036
2783250366
1380591651
1494917589
1142641588
1895945003
2769455759
1550989871
2171279119
2244294411
4054638184
260532686
4037357021
4093504592
1651903878
1403774063
374813767
41789088
920138823
3637724765
2771151510
764392740
737572140
3253954774
3741255618
3437075547
3077702230
597951919
391988178
1638740516
2310243123
2021098595
2658897506
4061392216
670681138
2587615803
493054021
1967850329
1203076008
2195838611
3796215126
1413180365
221771964
2247752968
1329078190
512443137
3947446900
2093877948
3833455630
1441248785
2790729543
222758562
2166413981
337871381
1763170825
503116845
1585329352
467187750
4120185551
3136489740
3261312508
385737775
3589172171
1505090744
1580891619
611380510
533839241
1781088147
1531843790
420613731
3534388767
2992557286
1507231291
2895348523
422703746
102429168
4036669860
661834711
2821035165
1337585185
2147272891
3790538056
3622341116
71463770
3878579400
84075799
1216440183
1863546552
573982923
574086129
3504526402
3817033757
3446929005
943171580
783841927
755801341
790116633
2837600759
1766005949
1365089553
4075844698
2805225010
3858585899
897427502
1889461253
2463528445
3279884813
106686165
4026761053
1563333526
1446819233
4243498409
3967921105
3494714007
4139164347
4130093236
1989120619
4159367005
3633880753
860807556
506752891
1473519405
2464089034
4269265580
2364880435
212894920
3778523103
2312479140
3953871143
1769439647
1122852755
4153322468
2476231405
4178108753
615400170
3197632295
463958535
666670484
3000131119
3166002287