569542728
3793259245
2465051292
1266821661
2356124364
2392505974
2611387454
1660674967
1076256913
1581537477
103020324
4244160468
957129667
2813515430
4136898866
2440458509
2805405364
2420386789
220408293
1071187761
1735103275
3547890317
1234989375
2466471350
965357741
957356339
4070393360
979590718
599721805
2740642490
2616601854
3201254071
3257983522
2457899510
2743252327
2295234146
3946329014
1228745836
2038156265
2454839623
614199600
798683705
3293770930
455575785
3444976342
3045656259
218266114
935140058
4004426100
1780587117
641371624
3726461784
4177776001
3066936230
2007942794
1207817324
1538417268
3489582355
1064405203
47300462
885035175
2249008285
2595941063
4227068068
708204083
3514435963
1793943359
3546006594
2511780329
1401299632
218674170
243282812
953405006
3857671115
873748662
4011637374
2242242036
844934579
1365807943
2455753058
4110629284
4037219848
1578539946
3288281717
3632214437
1120192384
3554250512
444412731
2858617122
3933090698
1861127724
593125357
2429974493
411569026
3680193155
1768553302
3604901194
683222470
4123612635
2996906843
3170037678
453579034
2017005295
214238210
3708768539
3688992854
1685906308
942361379
2127916728
608572607
897599013
3727468866
962756458
1244837482
365533034
1064120368
1818234771
61938580
959348040