2827290310
3563890159
3817210289
2311434629
2045709790
334938456
307422685
3157386644
3943898522
2096476561
1453690950
1469666519
462716970
4021745108
3696356243
3134136115
2226592394
3874186424
2734887187
1500279497
2160929179
3267462337
1721605744
2419705119
3164056571
453578341
4032694932
3143268490
2384004222
3082619449
3575136085
3279094732
984453625
807746409
2793234649
2203360081
3409809154
211068440
4184093252
4061918837
2377528060
3053945320
2832613142
3998844688
1333436414
1292167572
3226789845
571932732
2872052054
1673717289
3724139997
2197884314
3818325746
2107439420
4237181471
1056332031
4025778629
1244109125
2967661945
1219854604
3490674655
3076327700
4173923252
2920418471
518783191
2774388020
1842245595
359455260
1791213545
86047468
456929996
2157491929
1663155565
3306403599
1059338905
3153294633
2520561969
40721160
2032041361
3966898288
3930055076
3354034076
1153607176
3827231200
3702901763
3268040872
1473935958
1350812212
4111059829
692689371
1807122465
3692420702
1992309907
3466396862
3287387270
2357190483
1523695877
402155338
2516324189
2153108998
859372805
1924057167
3359527469
2533064453
