1845409663
4115312991
535277231
1328000872
2710070107
3658768212
2060459197
1650829950
818811103
773201458
322987878
3026484290
451149016
1033255559
3056663958
3296793783
2028948356
3997890724
3676097619
3534493015
3079258613
3387338153
346187371
1089155625
3555497463
2831334021
1589246892
3035732105
853354291
1567366707
3751684650
1774354892
51426327
370840605
1892152781
1859374404
2474156535
1227319034
1748244837
2102725190
1255268868
2605946695
4236491099
2672448
1655023923
263490787
38278491
155813738
359283141
458372368
61022105
3542808773
1320440304
