1601095517
1757649315
4073337363
2961692446
1045656478
266038222
1870516836
942222212
783798503
1015559930
986292074
823178295
2910341638
2834931475
2381407357
2720451644
2837998341
3749037430
1976813541
2288509433
548117277
56193867
477936858
3164291814
3217722486
139195265
4291095247
3948400561
1136877738
1600999038
282117031
1050195490
2241136781
1022286982
4163688757
803244826
2570475234
2749926644
4019551309
3129039630
82425654
836284114
847239093
987922216
3907699245
587960323
850430500
2874655236
1827163307
2816186761
1569025368
874217510
2791671907
4000890847
2480572989
2415286698
451819789
2550631338
4166664381
3641011653
3419935337
3629150737
2821159772
818430860
1314590169
364145137
74483848
1598929734
2101118875
2631073340
57220457
3205919000
3673867026
431777657
2300982235
2128671113
1664124357
1668448227
1662036790
688217749
1184260821
585109872
4037429887
3360769143
1452884443
76209263
1583010249
1002833229
2704060173
1628169211
2408753559
1109731014
3084043771
2267163271
3716783555
2499981170
899789805
3851146815
3369130635
3044476098
3599755348
