2764698228
327764356
1119730606
4062779959
2541779935
611966242
1808521577
2490308218
790952241
612584883
2902195113
753422708
2104544233
2289132484
515795152
3147726323
2213962597
3532163853
3593290543
4187512447
2482085052
3724206289
4100980738
2010496017
1888974092
1551487248
3963026366
1172363622
1012277999
3830490140
250457773
3473322643
2855844301
3169478891
2034671908
3199826911
305687980
895474890
2317401437
3918991749
2258681317
1439487009
1051505450
1997257795
3206159239
3206192550
3864944899
2451598116
2375594375
3431434846
4186212219
2071376181
908909620
1280443495
383832436
3056025858
2654499169
754514584
1308088776
154918708
4084988496
3730464296
