1802139150
3232584954
3860245079
2050133706
4155586772
3594890255
2719284108
2467477804
3511294652
516314847
3859072690
1106261802
731673366
1796705285
2551807630
2048196060
2627628850
3995329174
4021410756
2716291320
1515272391
2676076669
2926873462
2498843974
2120479075
232258480
2476955507
3483710226
2977254277
2398850098
2786550501
3043634720
1160352333
2682219993
1871059439
1648381542
2031441470
3838215020
359098380
3438147571
3581603654
1567478812
3612950222
1394156003
2958255664
1788852982
2998188960
3224599876
1530985507
1760464546
1937302373
1495089303
1459056280
504756205
642246337
2758102939
1325190381
4166839877
1127760231
2371140264
4244780385
2776467572
1619987533
4243486294
1933251232
1689790616
4239754074
425834508
2220821525
976387762
727459649
4198166855
4284258280
171857419
1714542016
3746950515
2711986942
3588383632
2714622578
3173613878
2175893792
3293630453
1808836775
1523326919
1700115701
1051959970
3773899613
270179233
1086013385
582479375
4014317226
3828812961
4029317759
487322859
1335456357
1718688954
1477185589
1183354000
1772191827
339797078
2935053755
2536085240
1835928637
3876984982
3623252460
3793474269
770808933
237667931
2239490265
3250606799
1942074072
4190658017
1033748952
1720521113
3533716399
348340348
1517114535
1203294576
314026566
3523537962
1989472708
1162025815
3754339006
3285305984
15145163
1132580372
1064593985
3276675306
1622223586
1284840179
1461451560
3947988161
1888182747
3938504892
3944409390
1348722122
2578954087
3978279694
1057937350
3489654673
1259890261
2267358666
479528262
672580648
873371317
3848212921
3594997587
3357394156
2911985892
2834687457
939853500
4080105619
1202003016
1162169713
1726858025
974720212
2739154061
538196610
2403074606
2864562193
582309506
3788798043
1865524821
3013958841
2197394113
2789195601
3719587430
3718640303
3074924424
1311678367
177497355
3305292405
1334592929
1911145295
800811355
1236650712
703099953
1986319179
1691572551
1721415754
441465224
3927288433
4071793365
2954329701
150785697
2607543173
886380628
1470787559
1264657035
4289612529
1169845988
3252069831
1840041036
3147041717
2654683705
4186896145
1637934281
558061511
3921540672