3482927688
1271873446
834158035
3061178604
2701221979
474041508
3191046617
1395831905
3152025553
2963948746
3699200078
1830589306
3194934689
4030383322
1055108612
1494286504
3714786209
933488266
1149580218
2161072516
3896324273
2508506175
3149129046
3018377547
1980640584
2234132819
1272919139
1868843051
1520795414
2202416847
3870215602
615057258
440357436
220671774
3378745186
457442136
3367959204
529242506
1412310674
1571311448
1296676078
1538770157
326976334
1731590454
4124636345
3981756314
2922124157
2812487090
1880851464
2783728843
723160104
3712338817
3307249214
3240044490
2747822459
3752770401
974528058
2649854813
1307222267
4200112936
2489828213
2784778360
3069216670
2271089488
4190473616
859161864
1997177503
1832740850
516469208
708835063
2752180833
2015364298
2117495413
2199802071
1234569895
2173532003
2827382926
2764159887
3189894875
2279928371
1620554761
2291896074
3845591769
88238976
3819412723
3463382543
3791996475
3860528593
1839721385
1325351538
2348082334
2324996321
1631368954
157808155
3697991876
2159424193
3882253751
4052043641
2704809205
2494741116
1958523982
3790395166
2045898914
737679991
399046235
1041811872
4157162807
2832611705
