4086451015
3740483124
106294940
2254007102
1750380053
1529731143
3537780853
4004261812
3036202331
1366766563
652233466
1629115126
2351310551
3316840235
380645923
3741812155
1140772742
2263188147
2811274615
2476561048
1207377189
3264327932
530030597
2081879493
230147802
3541015556
760331519
3148885142
830429602
94355828
703484702
2560469240
973695655
1151596297
2278158095
189553560
1515799078
2782490330
1791568500
2253687861
495625160
1326519718
2435655288
1757447384
2995446331
164860004
3076904618
1271542485
1680409940
181849440
