3236837686
2139992750
2627070763
1316410363
4213999671
2977341016
4058547297
4198730992
2088618377
1892610869
3021004944
424792302
54102114
2257825093
675795826
4155255134
4242542352
4238260127
2891255815
2302367497
2837160303
810715868
834356989
1186884253
1475183346
4270171646
2275278667
3946075581
3253820816
2474820318
2721966740
1169058515
1646914119
167981069
291422344
88448072
3204663613
2860267048
1205009277
1869458491
1737778966
2532663577
3916424292
398519735
441861324
1346868595
2874993643
762545504
3894149320
2495346407
3168227142
1911892917
354571166
1154797963
1173460614
1733988614
1329827140
2204902588
843326314
2984641877
279394098
2709747956
1489758596
3293814011
3776376995
1173158930
1896528307
2646963006
4148324942
4195455354
4078858678
1032597155
365390872
2113761294
3031272561
2470168868
3441633250
1634281526
1797043536
1946755516
1119601899
3481707570
85699474
3648254937
3525223706
357808539
1471739798
3182398399
4034327609
4168980540
516668944
2089391960
2184678938
309892393
2673359537
199171327
3918044680
981470424
2426728957
1051815266
2364953815
915129566
3898174998
4041079521
3688320012
1931479108
395082459
3490295833
3798021615
3333111088
754827144
3818747061
1432537489
775701539
2272027410
2351387040
1359878804
