2469804136
2057723856
1854152218
2808566032
3355693295
486805951
2512199872
4248254394
4270909648
685116761
3895965854
3829945880
1138069050
3234149790
3801798125
3320540496
4277830864
2013628469
16969769
3133851496
2843032081
303529697
1202339355
2279681478
127188970
1671031850
721232966
2776980917
2494589934
261633508
1543540090
3977249049
1480886684
686506833
2972785207
2826631552
1073525688
4023498444
3391974349
2235133068
298326076
8468138
4247889975
2740101205
3450593986
284158971
3721299378
2547670216
3188628545
3544169391
922232537
2731794686
1848625574
2148204508
2735210182
2265350062
507434379
1169507066
3824684137
3018948721
3972774480
2940254968
3332035921
3172993342
3645353816
3635952395
3040777346
443057268
4133665888
1248252731
1775197100
2793180682
3228107607
83701552
2682435949
3372148995
2586502086
3979508181
284051548
3169854220
287558460
2574037516
1921716121
1690271590
1802319857
1270036965
2192336810
797864262
3133302680
4209636066
1004752476
1969556398
1964474722
1800364324
2183497629
1486823315
2655611865
3026425825
1668275400
1324152179
2715237815
351701367
2882164882
3179007049
1283852903
2642232555
4020338875
2000975728
1819703298
259580565
2755412739
38738728
1215177599
3989829863
1466127174
1680972177
1127147811
1124462905
3988599568
1003135054
2162418484
3190906864
3461998676
631161113
3008030804
2628533667
93923911
815246453
3205603140
1034848017
3698114931
998672424
259567882
1832522250
2663537657
1774804045
4061120511
209463880
3967862840
1275215836
2666087399
590367452
1318905182
4021556707
3815591501
1026291428
2333261278
2208120465
542586347
1880130222
992145950
1549662651
2679657620
3438427651
651303005
4213678822
2589508149
473794632
211286687
3913007314
3906737584
811232996
399320048
1631128512
2031447340
445010193
117268485
1417521123
598434860
1145233268
4050764381
1252314907
1786393570
1509798925
1711010432
1560372369
3906209172
2660555431
3486297585
3095066793
776044011
899927629
2244684453
515838305
3466619351
2953467971
2844507049
2742172762
1839815095
3294197258
4237984808
3903098619
3016107813
1274897218
1060258379
1253475111
1822022572
1168977601
2312347960
2906939396
1139820306
2864753979
2408065525
1385059788
1912823828
951493698
33086297
3527302727
2635766207
111043599
2759782218
1059498705
1585597039
1119604054
3968364186
2570914568
477201265
3684772815
2993157084
3352049940
3499015956
179328140
28062962
2475130105
829791648
4078711230
185881541
486609080
689995495
1676324437
3832112520
642661131
2716592870
1755629944
3781130384
414150033
198995217
3564853949
132248585
1096625677
4029201723
2802404897
1310779901
1777914384
2369046684
309224584
1305062444
535400051
4042302213
725368664
3878967861
4038709081
1986035299
3946857247
3486762653
431629089
2054542675
2645330451
540715028
2864697961
3922011351
3231151973
3697023089
2668937451
2481256122
1907408215
2923770276
3908158303
3748171981
586441576
1341961927
1014259231
3393039154
3283288861
3667138710
4233265158
2126879796
4065556026
2128635459
3719574413
2129383554
1797641937
2133516422
2715717528
4266883071
3622376820
1467629775
3480566099
4174488938
1116659287