2065046112
2374285897
114786545
674679455
3523756534
528446055
3171467874
440632283
3945478108
833850990
4017426798
3458521244
3554135408
3929203986
1100698491
3511692034
2034611413
2103842134
1004683666
2560539883
1235495664
2077651037
1468405491
2563181921
4032553182
999793054
3079161019
2075807035
2080517922
1887077553
4227086220
3529741805
333789678
969358703
1441057530
3981279217
941751841
2852959280
16733504
1821876328
73098583
2324733335
3581222664
1711268360
2858000836
3405184642
553030573
2976628851
947931471
1071527088
3063649654
3977723707
1291208304
98492818
1094022441
4157969700
2499091257
2169364800
94551257
165089822
13890422
360486172
677705860
1330061030
4067214513
1167535251
2810146704
2384010034
3504835621
3043919889
242796689
2364461819
3752792631
3863404082
732764224
2293325332
1794746098
350655019
84191755
1247415691