1192125146
521693890
3117294257
2471713924
291790759
2684542731
86558344
1451955752
3371730485
1433618224
4217585362
1284932898
3445606311
1250543758
372978874
1830849274
3890641095
892618078
4147461731
2196006370
1012433023
2153053922
2698346014
2774580575
2240532939
1604932632
3116221
3872677216
1245643541
3603221446
3173712442
3292400778
825873126
1182782990
4066949522
3213331070
1142324989
4235371847
1375921169
575208864
2338673674
2837323324
2426852287
3004199881
914803669
1122272160
935880846
3560908007
592058681
2486808976
3763609523
301052522
412631631
753151993
2041749025
788892950
1348256846
461929360
2179292408
2715819004
711460240
162532156
1232820490
3834618767
2548137336
4088077054
1665805592
3571345536
3498055724
291885013
1440768265
2879819443
2290825745
2635906724
3388374911
4277804213
2916970471
2986314856
1646753327
736993215
3067519589
1842386996
236868539
531958506
1789456258
2669210780
3821299934
3110192060
435819228
248514685
4214840954
3102283940
3325985266
360848756
1895508704
464530228
3911349406
491214730
4198394514
2300010228
4232118206
1772008533
4280872517
3336719260
2872215729
1922390763
1275759271
1623724302
3536287208
1350640376
2720398375
1435984660
3124792071
3446671844
2924626812
815957992
2901503282
3973349501
3715615806
3106721397
1449028430
3770094446
3697739798
932456219
3328778285
3672728083
1048609715
2038695113
2966688787
3594037818
1414874079
2225889975
3235337441
2623704193
2429687718
1313402585
237803892
1960224363
4218857365
2101697344
1802846677
3540764159
2511639721
2444383186
2798781316
2138390020
3848271426
1824321417
3861984946
2585579445
3963230410
3351626402
1726387731
1650055940
417315934
4236278837
528231528
1280563668
3183013070
1831753174
1339388286
1286462716
215204767
672322432
4140036001
2497114507
1558456726
1638275721
2736318399
3779977337
270081816
80299222
3815388770
4126035210
2281653163
3854153223
3331026343
3740198971
1366020101
118096211
2817958818
4090024536
2829626652
3277190330
4213046775
2119304423
956032955
909698429
1214923031
3673660126
1102047635
1463600006
2580212013
1820401894
2379796100
1193757708
1791318504
515606890
3592138414
2981004962
1674074449
3772362308
2606889209
1691294542
4206945414
3243839162
1025063712
3783690198
1975854848
1386881061
3760049644
1931370782
2599464437
2759699932
167796009
3336467997
1088511509
1695536245
3866738182
2540216366
1541596650
4099653540
75732932
394883670
3234126889
1162013269
2982600109
2106380562
1325829251
2150686216
748328569
2053471717
2799892774
3700233966
1775257893
2594844248
4013431590
3279426656
837039793
1217463157
348807303
2520846168
1385935122
193983172
1222766703
3837882301
679804374
3838712387
1702959024
2050923705
4001378887
634999418
2686667268
2721640615
2202475619
2263561081
803006159
2932051420
1304547180
3885500095
4250536143
2162400442
2299987389
3531761765
360914104
1130252046
3417246284
1987139830
699299515
3212877561
3625003767
1555126428
2436703346
479436404
2808368853
3163504955
2837513025
3489180596
3438210510
4193431670
675554072
1721503970
1050054001
3612684286
3417528864
783730950
2240896493
2269508618
1379612758
3175838654
256402465
3747432959
2135128646
3329778668
3395737966
2904616857
910864502
2845343845
3266548202
4067327980
4264660461
272717481
4289204970
918820349
9737544
1923088024
4048336860
1837269183
1677176731
1113434279
4133311988
464560580
2908311699
1070273985
1689300669
2126499422
936182112
520291114
187164527
1282104219
128807459
3854944513
854636990
2240536949
3864367885
2405903561
1981364130
1690866032
2603151675
1676720502
2581389575
532528233
3317870188
3087726527
2510845676
2690212102
3070381934
1426512272
2730060342
3155011136
1286647601
2060557473
1051942625
3206809806
3821737356
2196973237
3575305186
2326041194
2332904159
794246756
990096611
1317490893
3213408724
2907114833
716163576
2365926766
674405448
442322755
2133264184
1545713482
3889596829
3474091178
1448195726
953345578
4195690926
3105081743
1835542230
187156223
2723064425
1141686298
2417902405
2731635165
4236789837
2784365304
2427586303
4221774145
1587726232
3721679506
2621693578
1887514868
206452552
1374196757
1845227705
181879624
808293637
1187395406
176074015
74382303
1289360001
3609927302
2418754628
3851535498
4042734334
3069789460
3106371548
1757712030
1091688459
1151317974
2486703482
610420953
3596494635
639774922
1293591864
3050533113
1510223849
722875317
1125895149
3161351121
1269315628
2915675873
1548739526
3166280355
901421801
1217265657
794348969
695362023
3892569901
3985561081
606356062
372368688
1978929348