3328240438
2096053998
1158368147
623727470
4283264072
100376377
1321620842
3923345439
4179427640
3741259123
3287564625
3879613854
1375151713
3259519728
811760763
201079858
3554567295
2444303322
1590017562
359707935
4112309038
41604471
3480097541
580556862
4029035597
3411871243
3225794908
1339489847
3124303916
2044495783
3526854572
699286546
3114937520
3855862692
1151010819
518624991
3997953039
1863846537
896087863
2839252851
2640968165
3885736100
1596845589
1993251711
5001597
3083943301
2902707885
1679776797
3800237770
916736172
405875616
1964585274
3327582103
23019034
4275441055
1767280009
2610108590
2000498794
3341005431
944250110
1334267019
3158633800
3853003991
1218857001
676897881
1751404551
1995228271
3822667679
139474105
1222146341
1447816480
3432679077
560466148
4205752110
444819608
1064046024
2868066096
1263233762
788588148
826667150
1745353806
3817290228
1819695195
1674171008
834016033
3539725180
2838243031
2207166510
1428260156
1669537057
1578876884
3980619492
1502662603
3199122007
3453587317
4106833776
3405656842
2397972422
2882721873
3811640801
1191293716
3709507322
422518461
525487029
2530229284
3944453594
2100506748
409998485
208982246
123621521
4976650
3329286423
1552107443
1261010843
2217013025
1198675957
66269678
3484797608
2166775999
3969230315
1818923128
4114947244
6811139
551700791
82220984
3473336988
2284267132
221576522
2907558045
2780335200
47169130
2333905325
2066691542
2631119276
1255427430
2077722061
3897756326
1470849417
406888676
3030218305
1115954615
1659862833
3960696538
2808311658
350129525
599174339
3049277399
3671032348
3555489985
190592792
645772237
1886685353
1628719183
1815982566
492214749
2334729970
3538622566
3985738236
4195626008
2767321118
1642199601
2741520476
1585991812
2385983643
2990918711
608063231
1128326423
3045729622
3956222345
3191535964
949910564
3361097236
131846434
3678439460
3538082350
3115997858
2720363404
3792169135
3354594394
1973865421
3375922165
2780191078
588823798
284644002
327890423
2331594649
1171238677
2101698010
1513570988
1075624
3079146123
3935272148
4014612148
4258694601
2182830725
4022851522
1041051803
3536293677
1936653289
2234695327
46859651
1831040727
2534600599
168026278
358716455
2371791818
2671007404
1916313562
3550136416
2077103427
1401946530
458731464
3959080757
864146436
123202803
1371970923
1663334263
53350104
2572042654
3612882661
2698942011
268463547
3186683402
2937139946
787378284
4154033789
3556006804
4254223699
2181653431
4222350405
2175730007
1050685735
2356951695
2835934019
2385478489
3187736745
250001330
3839754525
2413756280
2812611116
781633837
3679145335
2412275891
193681610
2201014348
169105022
3469685166
1574902187
3151513204
3012029353
1527464750
2685563645
359312073
4236059148
3204397550
2913907393
3784233019
1931275719
542929035
2056046550
313696980
3101384776
1566975344
182605070
1739835988
255546865
1288341278
2783293241
24976670
2113283322
2168645221
3458045834
408784813
3041602483
734177366
2317851593