2457041856
3688675995
2660025087
1292216228
3288635780
105973986
1413896047
2329721088
1170118146
2693841718
4043507712
3037140760
2803510372
2645381948
787728041
357574805
4223919181
2205673213
1233567644
2826056732
210037922
217213062
1244869020
2735321387
2438235293
375448982
867720226
600586232
3236076011
819027664
1050809777
3074833910
981081549
1725231691
543706832
46285461
1060392242
3334236331
1126276488
681735860
1294366508
3060829817
107889878
2093446891
1199435877
1635587578
602736185
125178368
3962338044
1698877107
490530796
2146554264
1900522568
1930906850
648854881
3457569202
4199124697
3008010779
467437627
3935175329
2479285393
3958515200
3178211138
997520284
4215401551
2711919420
61366698
2750931689
2970976726
852853607
2100277602
687309109
3197497533
349583019
2780427758
4206767054
4094855296
4256211851
3940166354
397470567
2003894939
2403387796
2606794853
363859224
