1364456864
994734359
2243552913
2111502978
3125070958
2279383030
2543409366
3364561240
2003499934
839264736
360416577
3293720515
2383849651
1093420396
731342103
4213656045
1400373629
458951115
687444065
2294246094
1587774451
348515162
1201803429
2456060323
3011507451
2693929429
424423988
3922961639
2458439440
960142969
1738213837
2723674140
2156201615
732507780
965137345
1336794068
1013378470
3612761375
160044450
2661574770
2211669113
2573730630
1736604857
1124445811
2598426496
3474911460
227844311
243137966
4256227210
836177682
4167677994
3835840935
2022725785
3048561768
4016194497
3184821076
3294335944
2951885171
129944189
