3004548555
2056626479
4031822879
3893960262
100019857
2837659456
309377089
3797679865
2919832115
3075620882
827006399
1041191809
1157625915
1727472377
1065707733
3953091247
3081782507
167327266
4260059295
3247549109
76228510
691340339
2224306975
3475395975
2154384987
3184541131
1406895980
2052611648
792718796
1488932149
1524414562
2653678633
2544819633
2316614037
243497991
2711757661
1132467816
228753113
2382878600
2852647384
3871267205
554330129
3645568062
333310292
2585480655
1207072367
2088288431
1128609556
97436647
3531606894
3044530509
571698519
526651239
2602884154
2360417
2093227567
452687412
2908646947
963985552
844632542
2154427870
2509364069
3554171135
729756379
220934975
135522590
1429102418
2129803497
2352283839
934787977
4122783219
2728820961
3006222890
1995499212
431980266
1798522824
2053671944
679484192
4022597055
2668386197
787761884
563448028
3598486171
2525270338
4251878491
899330917
3442077199
581583382
2848729260
693497988
3153029779
764614351
1488868688
3223220328
1986029287
3350031803
203592990
572553008
2485398165
2331147734
711169537
3725806571
3140169505
3203701118
3717814789
1291938911
3057850052
62987968
2696105073
2296644045
1458712265
1539428640
4215308379
3015901946
1034163208
4209734844
1597617919
3196646415
2060741401
2739695360
39527462
2623685882
1130518393
3369855025
1451943530
4137913340
3709096070
2968956558
628643117
39228951
2370037728
92834639
3670728124
472383299
2985964143
3892243536
3496670939
1772639491
3279523187
3040407062
3328016358
304623059
922858510
2303471337
1696148917
3872334844
3655546073
4272400282
3326378118
525347047
1215144280
551187113
10579989
3595071962
221824963
3558946233
2273967674
4060551678
3621112753
1754972090
2759072674
724393898
4226125595
187692133
3523158620
3235263669
3362662561
3940037046
2272167934
4220923861
3307996746
1687598781
2114725513
3806582178
1710355659
1519448772
386728072
1539193409
3407687231
3926428567
2140258713
1580310847
4268017121
1527090147
2373633707
839839433
232895956
3328651515
1993270227
1777754032
4210626925
2935463219
3090723914
2646475925
616614042
4027093194
2533229736
4293335606
3721915719
2654480963
20364295
2967608886
1524395452
2236540454
3835558090
2745826407
2347442764
1530316293
2457643550
3783050173
1940967103
1618241460
559690712
3780900970
3487118133
54709701
31782428
1341098364
958245460
3751114981
1742850793
4061409462
1805779835
101503623
2844581192
2822215627
189224558
456385870
2161340921
28606847
2063796965
2184541473