1296524169
4283081498
3114394713
1007498855
3237687661
3526303949
1403246807
358847010
3475610139
681846770
748515423
2045172358
1185169462
628395711
2478519420
1804796430
2126932087
946502984
3293633235
2630161461
1222679414
2478648041
3565789513
4169463458
3571110629
520150705
2924711542
1498150402
2170459426
2653915527
4208609448
2083075290
1759397383
640756819
3042133609
1081190052
3890269399
3147330227
1631813393
2239407791
2665766764
2338999331
2141287021
2754353000
629091632
783122260
2071401482
1270441682
2032844750
3016009166
951360385
2341687687
2864371645
2759703042
586941814
1314248101
4266840485
3838405835
2800036811
3671399411
4186970437
3353086554
509522055
1614977507
3690883103
3504776475
647515827
3063490028
3814495134
1323228084
3466239070
3930290151
2290968512
1896694403
1838701536
4057021009
2352592452
2726032428
3885178224
2679297923
959482471
2101517733
2256332102
1314367452
4271782607
3436445481
3037959727
589400751
3005328175
3250365653
922595021
957127444
1265731034
2215881312
3192038435
1581626269
3389178778
2562325489
1712455433
1391229157
2633818081
751172410
330203280
1174075082
2027801070
3320324659
438075940
3514745905
2662975953
711546410
926164560
2166696992
4075396918
1840541611
2592508226
2555310609
2991049085
1085412630
494484884
3191345244
2815283602
3194471385
1264747929
3458069130
3577001022
1055538501
1049359599
3131727782
2630813139
447699712
1550312733
3221503536
903435913
1007860829
141683910
4232643166
2642527428
759607915
2110250364
4119025932
4135610202
2778419907
2957400634
92849958
3551984614
3456091963
4081408272
1308162397
1888005161
1302471756
1561101415
4118699397
747832851
1737625671
3747718660
2003675499
2324603129
2442425622
3254785966
4282214873
1905391804
15615379
2497642313
1387731706
815917379
963832017
4183421276
1684104743
2034035533
1156171394
3249330058
2291321788
1276385885
1998355496
2402758304
159197353
2107295632
3913622147
4136893739
1226347506
1844400035