1207817221
2433139935
745320484
1238566018
3118726315
2616709535
2672526060
782491766
3768572558
3776100888
3631690185
2535774766
3334849890
565290936
1734541856
289058383
3088592156
1376001493
3900503988
2812745632
3840331125
112404722
1413363487
176687315
3088195067
3780165783
2067410340
2538602315
4046943425
4176551394
171706824
2485698596
1966802689
1565557891
1991933586
2554555362
124815921
496990125
4217004506
4008756662
1305520004
4281621834
171445277
2971775905
3289868472
1766888639
1450113839
3438011580
3284585632
2479596900
3167854724
1933575797
3740303589
3129535107
2707343109
2938694096
1442447264
2174647248
527582287
1665924962
2096796581
1047392646
2637730838
4028829732
300327783
3854130264
3745159988
231978312
1343006106
3420237106
3157721949
4206180895
490192206
4079310965
2256730406
3607684650
3747003804
2108853765
3140093493
4269337716
30261433
3970416598
253650456
2038840723
3686366032
453277882
2069233784
1237467576
3793982526
871920840
1744948377
648736934
400538621
1140286900
3379316622
3909591540
484841181
3187731435
3076262332
3686077264
3907887275
1357697388
1758697101
1030063461
1731859365
209035477
311651283
2958715091
707944200
1844300337
3008432699
3904978628
2542406669
1147795747
785371004
1173654952
2267869901
3876574218
245058417
1657852308
699110286
4234376667
147639828
1028933697
1281794085
422891178
4050788105
3723675441
2718830141
2837927932
2280057971
348081915
3567015223
1573007147
2900172856
3375628687
3506110928
462825880
760711725
3850637024
1417892469
1101541053
2000026758
1408979658
3271994233
3306869241
2519608029
2712630280
3692142939
156480145
3036652927
2244387300
4180057833
973560470
2684097849
823252155
662551760
352090250
2711266377
1647409454
538315457
1706872799
214169247
4131413281
753881579
1463964164
3376020765
814610786
3058803600
2795910180
265102389
2256446371
1864029386
1138104739
61924181
2883993792
3169973816
270734294
1637683911
2305215825
2579469474
1216674686
3757430777
4023575938
1523395534
1868559523
3339718124
2517617287
2622552962
3680744485
1315095587
3207883757
3055842152
2988180880
604071119
3531054346
1241289474
2050772562
2458590306
2884383012
3107660053
814668825
4278465734
2730602358
3899910247
4104141135
1243160188
709762855
86063289
4058857325
282954927
1004724788
1053951350
2208511505
155466012
3749551568
138475759
333504888