3552991385
312296413
2201840978
3399503455
2015367417
26943815
3952640224
2865575033
4204558184
1672648686
1706781901
3314034833
4078724653
1118220240
24332235
913188575
58061898
1098953039
3138743649
3790923109
263835790
4243007318
1398316038
3545529727
1220882827
3801538060
1293338592
2547967535
2868680311
4116488557
3193697935
3912289788
3350641164
1588474918
2284684013
4053413760
3855545302
3505294090
3799716469
4149080563
762307730
908576463
1772379126
2595235336
43994339
1655724423
3845962683
1076202468
469083787
1524400615
3505189982
3121618551
1037938059
225245616
4085418518
3981343941
1363989469
3712063223
2237043330
412827292
141394794
2108574526
3740156544
3121643582
272056144
3268327711
2688522375
2630243008
