2932131425
1900739789
309482265
398607048
1515183537
3800477622
954836662
3955621765
3067344531
549124371
3299448049
954002691
1831792073
1002450549
1502894147
2731576214
4145461613
3217862986
800852386
658423770
4205516209
3812009153
1040199790
787556466
894789641
666984260
1845339192
3801358162
2291301171
1095761502
3938447608
189533489
2292690745
2868260980
690788969
1562301527
164263658
2677331207
2250715411
2786103536
3193401433
4253665499
3632577360
1972968339
3038717564
2340496058
2393248655
1971451721
3675960648
621973389
610958990
3938064415
3232135031
872731806
1424127565
494204035
1829251588
3180577199
3640119512
1091268187
4096026978
757897771
1732340980
1966731212
4257323927
3573425801
2343557506
720765474
2540222911
1655051864
441931579
1954989869
4112901327
3951424805
4254021143
1513148226
2495934978
2083928
1493488975
3268029454
1706696503
3740705132
2787755440
4202954911
1940516855
2307820271
260072054
2986862281
524499777
3285910571
2481591133
3594186836
3878659085
4085885712
2641362009
2652143731
26144574
2862731034
2740726225
212094624
3918436172
1992635942
3195946621
2673540965
3264949619
2145617783
3806742192
1623307481
80620376
2839975294
1596890571
2172023530
650532294
2847677560
3078247422
3804374644
2302093071
2412623099
812282036
273393297
3533896315
1728688286
4164364479
2236598529
3230217602
1886703505
3474877383
3093631016
3056714608
1033627870
886673180
2608979449
2289947046
83618551
3959448259
211641572
286149745
2071087355
2856296960
2048679284
1478246561
661236501
3190153308
3247096357
380443419
1721247301