3252743706
2280967161
1453785142
2376210620
1343072064
2752919534
581813603
257981349
3433396691
1816284515
627464200
758291224
4216363425
4004635282
2525919561
894081129
3325639238
481237850
3308036015
1051436432
4270452407
1051677467
3778531885
3443817330
1742869500
1131828376
3710025486
1787721250
3262722007
1571246764
499901320
1834634747
1559232017
3760571520
2179602002
1749068379
985483985
1456422706
914913052
3173406227
3059589696
3925074016
1425329330
114183103
125380171
2327232631
2894752305
1423052728
3834614240
204767912
2747858117
3676209061
3434011006
7729089
1821972485
3119966042
2496871815
1630641933
1483735852
2458252692
240581207
3509654045
1009346911
4181455430
3896609240
2761071538
3051969550
1357601223
633504602
2045889966
491688346
3536125534
4001014936
853766128
411973593
1431629355
1733240357
823055402
2234895799
3232596198
1023676113
1735882634
2871108375
1980522927
1325506820
2643763302
2420545774
164210898
3122680573
225809179
1183788298
2376602925
837410816
1423136270
691489272
2221459110
2345493077
1203922211
950528978
289132012
2937106219
966563115
2925196746
3732877794
826940294
2752375838
1819079712
1083430667
1146160792
2673094732
558063120
2035454772
3645993870
3072592689
1388165757
2117449465
4244371738
2956927910
327413448
3612267915
1772213487
2170914127
3181731123
1604139994
2481894747
599639469
3743042550
2073405099
1467742733
3962904956
3622676527
2033819407
1465208246
2611971742
494018745
1948329147
1439584376
212732312
1378528461
696985973
1840218521
4026589303
2005708667
4073785706
2316932880
2604236701
2688249682
128318201
3867167100
45830390
2637146657
1608881141
539909992
590968753
3641585216
649301432
1517664722
3508297194
2177759762
3665328971
1960452618
587047181
826300988
2386569294
3355211810
2937284046
1691254321
3425149357
3132667193
1983059594
3875656533
2241691375
1424747026
3220651331
3384949263
1612872279
4070855635
2228249428
1413590240
2337084588
1640523881
252786360
4197243005
3176836875
2679683074
2025048503
371894990
3083145202
3683331992
3637463943
1183491133
1890770917
2275674819
1793024192
1937391407
776648168
4229860326
1347841499
1101655913
3429153311
3702037897
787797574
276494532
1250360224
3363830567
3874483140
4044151892
3020345584
1921337946
3230847103
22610559
2214529572
2616594748
2463773429
2881312237
60304944
3472977948
1195408350
3798688864
1854162212
3069045097
486278076
3789305668
4054632653
230749555
3955220723
495761345
2903253988
2146765020
4090970850
4186670095
588406669
817995449
1263491907
2300353906
1123825840
3447005299
281969503
4287812611
3258538775
245193329
3496042427
1323502584
659480171
2154190389
2984567445
200570866
2732997158
2991054036
368509459
2225255465
4078704505
2042563189
153107837
4127445845
2288080071
1816433034
4153134074
192166615
3950794779
710833141
4815380
2500490421
181625325
1378269907
106283443
3920399144
1326721803
3788760128
1253372645
2734015154
3029859919
500743636
2356826627
2713595763
672970757
1841329288
3547908092
952687283
2864224181
2635493559
4199472321
3238747558
183865116
3365097152
1961211746
1769452616
589558406
2840682828
2114769423
1190721393
407723873
2897872127
3540472427
2704645874
2273734480
3178378411
565190332
2219067948
2626329821
1595374910
1209359939
2723777330
553077467
4212498822
4070164524
3365686094
1869679048
3530057092
899569862
4285397839
2603918924
3271382691
419110824
1763477695
3043702562
4028780383
2850228679
1349815100
4283476592
4040683341
425294379
542451033
3544075285
1081704857
3542754524
944366018
1095941457
230648810
2798218641
2601431895
1708615710
211629612
188944831
2777034751
2727780217
3502675502
4142216755
1728701841
2752110211
1107225986
305907239
1087984720
836649926
3620423918