3646650018
1042354396
2213717377
1869785962
483619479
365719969
1067392085
2788503622
3098485966
2409242413
4099998851
3852191828
1017496651
2555347122
2968245488
2473224944
861936867
896383675
3018534312
1296413617
2932088010
4045216823
155617762
89912921
2473748997
3956187424
3703933456
4216203274
2760066007
1260551244
3842849898
214748512
210756770
1998923415
2270877474
3869080136
2113692644
809136388
1328620179
4175546228
1737073824
3342608681
1971337244
976883650
627354645
191971308
655375463
826190158
3172876211
319781994
3446800045
3904148074
3545147996
1649586845
3925763048
4068712156
942116750
3304214279
3941260989
1090108860
1802640700
2114217686
502294327
278956400
3184849796
3946798426
4255630191
3123259798
652896639
255662014
59354554
2006827686
444698403
569591531
1714361043
1843018131
1724591596
3060092959
3106092862
4118961992
3916924037
2430430871
2774293554
3632654911
1037543115
3946824625
475173196
2953301499
2034210345
4227535360
3330349463
1538772562
1015140220
3143181707
530383095
2745396045
1191109087
1701901837
486179646
1762499649
579614578
1350207562
334183619
466998763
1558914774
2505205867
2421772764
2630566694
1209028987
3168723401
2097014520
2573883586
3642932955
2790954915
1565920515
210303371
401584078
3253086087
3695147559
1685623703
253846093
1184363009
3530627323
3947332358
669332198
1298294254
141843695
3300778249
1905119066
4197916018
625125895
2593961698
577026737
2615348427
133033039
1803541554
4007484360
1350966481
2756788280
2119263321
1312331095
3204492319
435891500
742506577
3165977001
2610542773
1225244046
1407451824
1338807682
749796870
1566024653
1902195542
3889854253
3584681783
3949076777
1109766659
3633072131
1311345276
2739660000
3082121627
649284424
58499308
951498564
765086863
2686286662
2536314647
1884444124
371005345
63247677
1939993009
2361154734
2717281441
1676783360
1129053159
1274921562
4173927329
3595701904
3231272767
3727546074
1479622758
2019968724
2959880608
2201740711
1671688469
1118027929
2837315308
2249431538
2212167548
3309042948
3153433559
3021998150
3227390170
3641385873
3074904963
1427007894
2680431497
2980806194
1166140476
1826036702
2469154101
2704351469
2957577427
146653010
2347205389
1247773138
314824703
1176730867
813167076
3930222105
845579059
1339158938
918953451
3627078457
1694182949
319982144
3914887525
2496277797
945221328
386409375
238594908
2380822540
2145623807
2795043554
3777088008
2518846145
2251873391
4070435127
3649174945
1549067270
229009705
2820676641
1734755440
1586692925
3711510567
2228278378
2390823582
2684527916
538936591
3046843499
395007486
4257886935
2768571221
1139943489
3976415571
309685427
1830460407
1181933853
1250120880
1368627312
1305300423
2509143816
4208032547
3699103841
2126275779
2594226786
1786472408
3955197428
1761510973
3589648562
2345179439
4127399582
20528011
1802614526
3289540251
2172915870
3193981596
1690347591
2490322832
3863155529
883393061
3357077756
2894616034
1991404849
204809966
3871160497
3086702669
2797904963
2317681507
1739293353
4149361226
4269150828
1501409714
1133977485
3278510273
625728922
1972125918
321579353
2524312175
3225072643
2445101231
102901742
1456868747
2955778398
3535620735
4026513113
3650660629
2895288433
3609262803
674417642
583062430
2593872882
824706454
695753385
1347632031
3137790218
3037694454
3409336711
985513580
3179337318
1254263521
4180702604
2711481011
2835779498
281210707
3254447368
2782275056
3830700886
2629315558
3795174331
368041296
306936959
944373090
3348984755
1227512406
4080233821
216389968
1615534030
2865960552
2422294852
2667987935
3813596914
344918281
3933052802
901086452
2705137473
2805573302
2002807907
3713958690
1851836188
2363024855
4115800166
2570323444
1513263145
4220759219
68866495
2065842916
260692169
1819604595
3741510744
2262063473
1224919013
2770086274
1339392424
3413169635
2587192144
3763776248
892980494
1694885688
76968258
3068983643
492272736
528620928
2595857395
570272530
4103578154
1474154680
3620281239
2083266446
3176525959
1071443396
4287484975
1524836414
2699679623
299204100
2530354408
1620543073
4030278184
916594470
2977937747
3366970828
574499918
2135533797
1226949103
1101036869
1330208925
2312718706
1231591679
3007587465
2672343131
3054106919
2303549933
1960385984
3770990927
2496209985
1049566006
1478737362
1071220560
694587895
3865692835
266782020
2932929283
4294461494
1345939345
3191402006
1121996623
2254380985
3055180791
2188443116
338380614
2994777583
3111908838
909335452
2572650932
2829281689
3744190467
1267988577
2839468076
297468139
2536019242
4285747576
3577863250
3623495893
1717470494
2305760528
1113262536
3280125608
2182165796
3417345880
1249307276
2341812939
2244983682
4159671817
3992195889
3147879437
3284504079
3261376527
4113790072
3086333568
1313759179
2149470210
3623973793
674396981
4077791260
1653665671
4124800275
3950319459
997619589
2390491650
158790647
939745217
2380643278
1844633075
1114022192
4152332086
4081959427
3918156521
1648104538
570771290
3753891902
3584026896
1670287263
4100202189
1106774289
2800323654
1478528563
4044683956
11665479
4191901680
2325826271
3677022706
2308804751
2882879044
1816656830
1111291971
2894367349
1921835431
430699055
653337337
1489837674
1357570640
2976287641
1182113207
3200762626
3260427099
1421437710
1844874507
2939516252
3129159320
1741210504
33873173
1178843262
863233902
2636128506
2349512932
2945240382
2401993632
2850845201
1551149958
3306350454
2373513551
513827528
1117658329
1508240315
574137679
2768831387
481740822
989092091
3864440873