3063543050
2825614231
3229172157
1388988473
2401784612
1741347690
1838125240
1548242581
3161040632
2083472820
108128414
3275566559
1182054515
2472038231
3755606017
3398689431
2894412809
42143314
2344732197
373617320
3390327441
2151016014
3783316466
4061324710
3444029339
1937189318
3721958659
3987667955
646775803
2755579715
1386389498
851868468
4170467475
1012261824
3748465663
2225361401
1154231670
2182769212
2373718888
758713445
445325350
4124854350
2979020712
498914070
1815900990
4069378409
3946549036
2246282013
3607026520
485538589
3837384726
1566874617
3072490529
406742791
2044908765
2308347831
2753926803
3610831125
2405780404
2559238800
1813782735
1391331240
4077256552
3982984250
1380802224
61137720
2605999501
20019726
2433055501
2433906193
1311982637
3738782631
433367550
3543282236
1083233625
2819297732
3779020586
1959836013
4263733695
1952803661
824051620
306153979
3291029123
199409010
4168357234
1170068139
1411905116
1410593347
311939757
3141501529
4057862936
715013031
3918289635
3377968832
1590112654
3914674706
1579487657
2286250451
3534151233
2690363923
4062856062
125826233
2932455766
805605821
1607851885
1623511680
777942202
1128700068
3520670467
3162451582
1501086744
3286111369
3065212053
2252561779
3023225465
517610776
3635533910
2019699099
1557735506
2207848303
3009847945
3686568657
3904473089
2616980401
3603497514
1294555998
750332459
4256055793
1001686286
1343074961
3034638414
26757198
2204508824
3089921626
642747265
3587279212
3889872204
806552675
1887588551
3488011667
2592835302
109955421
2029281301
2435417984
1745230900
2637344966
578440189
4129857528
72635732
3256067520
646773436
638743741
713216858
3555176327
3439633369
1737924481
463173543
2260466473
3380259755
2862636185
4160722043
2989677086
297379762
1134722449
2048276585
540487536
1988692928
3681918895
218579523
1178697895
704742732
3828564939
2885536046
1058923871
783300336
2225794655
1311043051
2643134747
1690527608
2018540829
1659411987
3489272741
3380807301