1973907548
153185332
3545884001
2165656035
2941127816
3687760788
470847646
2598082083
3241095293
1353937967
2564375013
3570706911
3095461090
1143974244
1553404330
3702305257
1612652064
2535066593
2522226022
2860374745
2415827053
1901636234
2902406365
4242409874
587679822
397897275
3606580098
2514316781
466290317
130466059
444904160
2804215346
234706595
1585245517
2765970645
748313529
2518832371
1000321508
198563175
1885848931
3074292298
2920219679
1475442624
3886570908
3265418900
2205087838
2608515345
2063490997
648428759
3446649706
2606691096
2995166704
2016544574
2965312698
1569940442
1604653793
1327263140
2150122084
4228969938
2858542294
999549843
3078914272
3333709572
1473683795
1088851644
3129000048
2376999134
2709176912
3256903664
3247860014
2327968147
1173942934
2200048249
3754359924
1265823746
569393112
2920219800
2560182780
3212096017
1550287193
305256710
1128087641
1972658780
3676485370
3335674935
3670760687
1959913637
467507253
652869970
2184905545
1091653599
235712332
1086771092
1251920042
3052431716
1860985535
3252226092
1632445069
2369834651
3961533833
4172564938
3500613755
3681477748
2830954943
1331231100
3671783209
154433029
4159145639
429173468
2110664593
1619896851
75559645
1513538928
2779461264
1328594794
2944832777
2091146637
2327129430
1973566021
3801473944
201166090
3335951565
2120420944
3557064271
2507150680
2312025737
279063293
2100794607
3495852174
2208295060
2337560877
2825246160
2059699157
2628286307
2835678707
3037513921
1869082356
2824303758
3529889627
3014098977
1264635293
4147606165
2387616189
339318138
4102909371
1718003080
2875769516
2008784860
3865563298
3061758800
2692991210
3023274592
408132322
401891283
2035412886
601588305
2506994545
699701908
1075479259
383235062
3027502789
2103105009
3319311392
1588517425
1883897402
2127205274
2304803084
6393865
3852209672
1825593339
239832704
1735125997
1860895886
1526280139
3191932925
2326417809
3917996987
399732269
3796506279
2658685463
1921770220
1584142411
3753798483