1358337199
3584575992
2073510340
902270253
770150456
1298082112
640232495
500855432
4214331253
3733239775
3944957967
670635147
1674359043
4085579135
1917583757
2143827050
108330340
277645562
1434867805
1402178740
155930124
208237443
3949478952
4228478378
1094078361
1101724099
604874151
349739953
3033299772
3093307346
1822514758
3461840218
506763488
1397104543
1958172650
2253836912
1325431123
3647452960
3480592821
1227382004
55024536
167557276
1657435779
2724496222
4269527033
854739487
2136350712
4069169897
3387032687
3762676244
1724980620
3729905910
1249611916
1109835049
79585616
3447097628
83115372
1048284284
3926484820
1739839649
1990625752
168522274
2734929530
1420683202
3482427576
1838916279
2870404535
1869446644
2589972040
1900294292
2489268601
3176721491
3058198208
820691676
3815524628
4118035575
3448824368
1173064884
1613441837
4278331623
2222042668
2242915771
1802075926
