3658150775
95834412
260003607
2311106056
2468044374
355546891
2849163356
35639778
3995645207
4270447402
1358487645
425639972
2434083120
3435773904
2160603903
1698366024
2559196429
2119016723
3443331842
104424507
4008098578
110874375
345838927
2580401605
1614894112
2123165008
3848202478
1370800244
126736159
1267656822
2644493842
4059695577
1008349674
917674072
3823135508
1828950609
2455853393
993134847
2033936434
105083411
1154967947
65264022
2033269688
3043701591
341903862
1166151370
3413420339
699793706
683330220
3034550528
4010257934
593084036
912970464
730135724
2878681780
3864356433
479258838
1088276611
89037231
3065574161
2171868926
4136973220
1087360313
2215033092
618308699
1081351861
3386890434
1322211404
3587839194
739468080
1367155084
800880375
301410349
540609830
2316925673
1736747306
3571235278
4098211240
4204250013
2024950454
515390228
2488258400
2720040140
2687841532
4285064957
2764649136
1103200538
536546009
2304870047
1418882483
2553730128
3113014522
1086373856
2504904693
1960068221
525507237
984554079
2525574160
577788433
3446608696
2647214334
222518257
1454269629
3005962899
2745619579
4187835589
1947178229
1912816938
3374399436
4266489443
3503199531
2365595045
