3393990262
1705284627
4023635406
4194497198
367239833
95830459
333099366
372859277
2918519936
4169540390
2932521903
4217113481
1741451633
3658886341
4158777266
429869042
3281642523
4041961501
2070324310
481193694
2447677957
938693962
3977048590
2209805339
1308894462
2547666830
3647012840
1752068186
941067699
214622190
779950164
51934193
3286855859
4151490402
1067628320
3852882146
1809086523
3558107033
2074235841
2133810622
2055938525
2560451968
3905827853
3797129439
3741964130
2111032792
1387983502
433911020
562007671
4071634865
3942913728
1016664069
1039494197
3931189491
1290323189
589247063
4068410903
767885548
4030988192
944642081
119613623
