2809019670
4201506271
453404661
190856158
3697609441
2262087296
1680847563
854061423
2164299746
193550957
1348107829
2120414956
934556780
2697267187
998070916
2378177553
1790998813
1743031363
4086783201
1446554527
915746481
504687278
2681535370
3340948233
4146117852
1973669687
59921215
1606175458
428442641
1849983290
1208326993
1204908577
2259559020
1247520335
1926718831
219699481
3444849922
3367377523
3070115527
700005220
1402521957
1627705127
3872582124
2029557404
1805460227
2320540395
129529152
3141101673
3920445887
2656032110
2475290908
4002945781
398005271
107979255
815198340
4137596107
2756314218
3489099314
1781898324
3854283591
135100560
2823590583
319723393
2459487727
1744384776
1468160877
1196709881
2116996949
4122903562
2620315553
3316491696
4207807124
4043483304
32593365
