3330861362
1972658648
1348915328
4052107034
2635946118
1433276076
3075616180
461247732
3658180989
4193337510
3293260377
2087662761
1187862770
179420004
3993667542
2505260265
3157280640
2117119919
3903997825
2784703100
1193446768
3632787456
4192407545
3565774294
3165570729
618224826
2654119194
1100247038
2109270498
3156263513
1324733002
1215581348
3453670512
503415950
2391388970
2224806129
2621210653
3195929580
1620000596
2443237198
3332157769
1659587976
1495504417
923948336
3593823020
3687206988
3787954828
2112590172
865076506
3089075061
360725631
95188887
2167199346
2723597225
1042870378
141207480
198240601
993068929
4166634027
2662831543
1687632864
453148334
314927251
3787600856
3729941066
4293865848
3211179661
1956130313
3155199923
3250253031
2569752991
1275871276
3609588453
4266910106
2291002864
889977525
434664420
768078406
3260730052
336585933
4173682302
2515052369
3057691834
1495312443
912321297
2418067252
6239287
3050818173
415216872
803128529
3263568888
2257875644
971928007
3728940375
2053466042
2535341775
1679903253
2313268042
1040319207
3136144594
2285854248
3058634940
3230966086
3678963891
1452954124
3922000431
1276381592
248249087
2553792391
1086489816
4107986471
3602234502
1132871990
712671686
3342521788
1642776095
3279893606
2510880577
3960151334
1248731305
3540555489
3018112097
1191428360
1420479179
1912648869
543188591
678287556
1499408083
2365132427
3160064072
3640270425
3141867153
2189308432
2508829177
4150177129
2955662946
815153131
2836299232
3191516723
92269571
67920635
3095626994
2144936132
1986966552
3880948992
2517398796
854286377
3293254608
4002228814
2610155907
2684534849
4163490354
1203559254
825307266
755632043
380193843
1284969531
581942148
4093965629
1555493637
3632755313
3250322163
2759253352
1891665130
128639277
3683755453
665943606
2420038236
1134595253
2432979849
1626135053
4009386009
586352883
2150450165
1587959123
1104201886
2587530000
2076078498
3882559856
4120926656
2221002020
211024848
3409326445
2610972013
3828778796
1682200758
1623550275
1004863135
2778771797
281216952
3479784498
3057733266
2141136738
2192571973
604399469
3036346940