3427760980
1274538798
1120704173
2198101018
2457231291
784809264
3776627739
3196812436
2375983578
2388444108
3145762733
3177659220
2540894918
725068643
586945069
3941162863
2492104321
3647485234
2941072910
3608206068
1757010480
2253324982
3071882678
2645017470
3241846604
2728232444
3025759124
1240800421
1795582696
3537258001
3856078132
3686337603
2507050749
2521370431
1895310985
2026539179
3023683693
94275547
1929640337
4074633909
2600142285
3949142629
1455243384
2586054132
213671445
2652840070
3083495066
3096050123
3867809993
2322849524
2016526470
1371272422
3671727811
4225603185
2193304948
4060004132
3655197107
969269316
435174883
3100792
237584439
634960901
1410943791
1606887293
4076856690
1880067257
3411787987
4098020636
3182102546
3417204174
1822689522
1516033524
1201517753
347600897
1670554758
3683747876
3600820081
3920758868
2130116366
462234730
2824224694
221753145
2304032784
839337654
386894455
638545148
2715211812
1082689880
2025847271
2192716050
1183175150
570701464
2038299598
1093402982
2851446218
2615446166
3688490334
1970455657
1168990195
148272553
2563472489
900316823
1442408564
3899321438
3492655364
1811813550
4164221122
1447192320
2324422823
1897585805
