1410238968
1483086671
4114996415
3662662217
202194241
2502956277
1726584187
4227160727
2111581571
2705617304
2399420047
3539477008
2274482244
1575291574
1604066669
712235728
1669142930
2317052514
3516134978
1730579664
18179402
1688606358
633399064
18410040
2620559272
3469947856
4109263332
1772855521
1735181149
1951402126
3901577824
3884007531
3827148720
1237382522
833680699
3787677596
478441845
2326372097
216233328
1370614039
1053170866
2170203358
2513664377
3242810839
2296435166
1162948164
3562671721
2461719241
1704076667
3961512602
2512182399
1709977371
1435122602
3941462134
1859255319
1691146018
1097084980
923849621
3153847595
1655554397
2909631184
183743445
3764441415
3295633255
2532740606
1956569004
2643346705
3278717201
3599210044
3621603942
1674666302
4206029845
2481598621
3324261556
2420530322
2906116859
127755185
4178338225
498827277
1869586315
4044751761
2580966288
1493266344
3123541229
3331647024
2758043862
531959393
1573421778
4284651787
1401287900
3649001349
1741302278
769643164
3848548311
2758660533
4154380843
2284985676
3964169815
1543242034
547530147
1666220763
902445764
4079511546
2805389147
3680791239
396328518
2405044108
703365660
3945517022
576581385
2953452310
3500882598
2464804272
2804301089
1810074775
2067542960
2963982788
506878041
2684996562
2568616165
4041622014
1309625592
