2893186108
1317288716
2343869758
1281381981
1519352698
1484752482
3270664157
4252868187
291840629
2822905926
3586567369
4077360539
287207678
154202477
3505292608
3699880273
3944551447
3430051942
279134685
1616227493
2123209719
1188086314
3892139514
4251172124
287130503
2062149367
4048175682
3092449017
3709755118
771531646
1785753939
1158914772
2276852292
65201311
732619324
2350159135
3758530989
3525938550
2008712968
3901138509
3812805961
3083840911
983897274
3784284732
3418682557
2110144732
2999422870
1380138244
3870565865
4144688358
3824538176
3878712409
2962733464
2350816742
3778803269
1708047317
60830925
2843281268
2545296221
2328142967
489448908
3294198296
2148696034
2883275152
546917972
3875559437
1539003628
467918441
821311239
1511190586
2813838034
829450295
3449156443
2041756622
449663690
3797001595
3497462078
862276624
4266328545
3897195613
1217499386
1829776454
1651385058
2582691958
1457625346
627023317
2234745573
3682210051
1668358437
2047348177
2653552239
1458031190
2394979396
120549888
166052004
4024533326
1258573916
1045461928
703676489
3884393186
1971369529
3004457354
1963051789
1987508227
1929682722
1748880477
3694757586
1755349624
2659792274
3896257589
