2127132544
3968127806
2046068370
2207734107
4254726080
2385531942
2649193976
3170662932
415147886
3683684638
3273257022
893380927
1782978346
1923424093
1044473382
3453900421
1682635223
1355972347
1597224872
2120739763
3199648326
153342577
3052493473
1848701856
1687196542
1394447735
3899755168
2505070403
1574142080
1483202945
4112257599
341429660
1218127294
1861165362
1402426170
1219320119
576822012
3815137164
2079096965
2908750788
999906929
2312005295
3598417612
2158461739
2343643401
2506924441
2608192537
2969344043
1992661559
2151003619
2871687041
3415755134
1529338854
840899241
2252399249
308492358
3256647583
3149437250
2263074166
415737123
1873376555
191399890
2339129532
3074563439
2410882412
1320274071
4022473580
2055893778
850136635
1547570400
396201470
417742646
1757249879
4136320284
3859119485
1737856359
3138040833
3280821034
1782604149
2302375886
2049588180
1944790368
2396537152
1294356122
3631541952
3717309533
723871479
