477889492
3875163199
1360327625
552603094
2307291170
569719202
3222324132
1759220640
3230118953
3018797386
1874942360
1462143518
994895604
4248057660
4244955919
4143961278
3667909005
1131952238
858898356
4286462556
2363371354
3789703402
4269237516
2459633273
530049770
3591897352
1794058473
3340533661
3237489696
3438142591
1321315468
3767923995
1864972418
60631346
642007877
2983609849
2765648629
3090455942
1026414340
975474468
1686424359
4231801329
1994079037
1783744874
3033969249
802698631
1654602806
2712870554
1400266513
3325064811
2419146796
3995994199
2911862926
4196014599
2579432005
2974521258
