55923905
3989898642
1175739129
2017482522
839265098
1089584154
1886069542
2004144651
2102282505
2298740155
957158433
1968165
3048258519
2076894772
3733695541
2021400449
2956460855
2425963090
1936078312
1866467496
2732866996
3785255381
2231377859
4269002678
1146371829
2811206502
3810595643
1179090793
3267205899
2461490790
1529639099
2239484493
3860518055
483009234
1788305089
2874035672
1752351916
1495039671
381164999
2152658095
2022369538
2965487240
4036016207
3933060352
2245659632
1808925654
1602894548
2073310841
2591121478
2116324058
2726825878
2808329118
2799746111
3261214873
604253074
2274341148
2404570030
1071867830
3302468853
421146318
134856900
3331612439
2867988132
4130333495
494333824
843540563
1319131056
4022144406
3358381178
2874757304
2113789650
3836369622
3407013446
3054275738
2031686227
3397353184
2060432276
829514318
2214042735
738944116
307779837
87606160
4273074068
1448300782
2449585053
3970119197
1380957200
3953548155
3983007042
2744750525
3406995648
2866150025
228477243
3619868576
966265255
2787047749
3708728310
3364682564
1771261202
451880380
698590573
3327149893
561163735
418549532
911401930
1522159695
2556956800
2419692084
1841430834
3020114410
3159079430
563112776
11154560
3202642347
1949562369
1308306564
3340011629
345261005
176715591
