3494388978
1551588243
4147714214
3940582513
118655159
515365022
2662537457
428488002
2841086994
3135745148
847019485
1415594736
3694938873
3413498161
3346421786
4051180516
3892945777
3241409667
826136917
1893024611
569763911
2373929046
1714658731
2218896379
628400676
3948039544
607205914
1735301233
2801309201
3058040583
4026929767
901169206
3297308617
3034361791
197700420
3290604334
3257118347
1360302326
2183170270
3449194972
4162534814
966342933
2091875695
3760820673
2583916
3460693537
1309097896
3551354507
822178520
4121609719
1284063666
3846287108
1878432011
2419699645
2953180256
876317578
2842769923
2649985335
2999344705
1549867945
4188213405
1160063476
1996403715
934738690
3537318784
1869073166
3421823530
2890152535
3932056996
1836183196
1717440874
1943719374
281714703
2757143673
2185503161
2066062218
924672456
1832214852
1139595551
4068982781
2208719263
993206263
1867783632
2573712182
4180138571
4095592475
702071213
1053879776
3429131121
751043303
351209339
2346167903
1695317729
496597872
3635972648
737241528
