2725630212
1819088387
2761281035
4024507746
2194276851
1347083688
1238566018
3048108445
2616709535
2949639631
4267492486
616040575
2672526060
2962107170
3776100888
2806273650
1920451454
3631690185
1667483563
3169021036
918924163
3334849890
495355735
565290936
2335141576
1915908120
1781103699
3319281390
2135781133
1277498243
297107452
1376001493
3017972131
789385294
225941681
2812745632
112404722
1773114248
1413363487
176687315
2378395245
3088195067
3929671984
2989936060
2711820480
2930476209
5571269
154098184
2887442127
2067410340
1757572684
549491053
1778882263
1429922085
3452092887
627276693
4176551394
3435294036
2725352423
3980932221
2540822987
352713454
1966802689
2016374794
1812886880
1565557891
1802891452
1119251276
2554555362
124815921
4202216477
496990125
3924815068
4152542965
2598331264
37684310
4217004506
4008756662
1305520004
4281621834
548488843
844693609
3917992293
171445277
563722671
2829806663
2588629624
1820050374
3728980667
2971775905
79126622
2910289059
3289868472
1766888639
1450113839
2479596900
160901776
1916289395
1074017187
2177606084
3732674021
429188055
3740303589
1750675317
1322459312
3871237561
1665924962
2161457445
4162101164
3512491433
2682781396
2096796581
3752916706
1727910698
3654656725
2395857471
1153488987
3250546691
1820483647
176105602
3815504348
1517365757
1893336521
184411200
3686491470
683275635
3712059018
1047392646
4028829732
3656218388
286532761
1825874344
3720228702
4008477779
3726230735
690265072
3108934366
14024284
2164817319
300327783
1048669729
3301869996
54678833
3854130264
581753629
202824511
1835824489
2828341086
1417361487
3745159988
1343006106
2889648077
3157721949
4144419224
1047432991
4209271510
2256730406
3607684650
4127398667
1919278715
481334014
876651060
1907023102
3531144744
1430467796
2047043639
2636156309
3747003804
3956860989
4028020242
2625637500
314189947
2451461987
3785918528
4220423810
1681153198
4212493876
1614524863
130847590
451167884
2108853765
3500167538
145161405
4044470018
3140093493
3092750163
3649713661
3904916552
3173393733
3389162365
4269337716
3027410125
3294382612
3598965041
3970416598
1667270914
2355790131
909636893
416586835
2284853116
454518675
1381893625
1216110599
1456433558
3637385410
3686366032
1237467576
2527186213
2577187039
3793982526
871920840
1767166918
1744948377
400538621
3216262199
2977925297
1140286900
3379316622
1457334844
2492073711
2019285937
1978899265
2297392515
1304258349
2495168496
968809307
3790535630
3983892209
3037527622
1024970460
1863869696
3329994983
2399690146
484841181
3187731435
3686077264
2334205252
1758697101
2361145099
3156743288
3880992519
1610679615
1844300337
3071648196
1588435642
177805044
3099792470
3337041425
1507884447
3924712793
3904978628
2542406669
1019778676
1147795747
1382832326
607863700
4095360173
785371004
1173654952
2267869901
115974340
819704912
228037503
1008198361
3876574218
245058417
920956953
4054223432
1589002288
680334016
699110286
283855418
2253256279
604921887
147639828
2745392373
2962712054
2904749181
4249383245
3031376803
3720279157
2685256567
124434712
4096846129
1596175423
116780176
145254799
1862665771
718661226
3802025581
4050788105
225989107
3723675441
3393901613
1858540066
2718830141
2837927932
1054028471
1864553573
804055043
2522027486
2642120081
3189128077
1002469036
2280057971
3489131355
4289815951
1224724298
3097319030
176286602
1855882446
3773728414
2855226169
1690868578
4249762533
348081915
2618750647
3375628687
1355677107
2214887913
1344445401
3509879829
3506110928
3039462169
387628682
4224961208
911656469
3983729515
98163447
1317185707
760711725
3850637024
1417892469
595628859
2157979774
3876013020
3374354435
2345851228
1101541053
1579375758
909085429
3725998634
2858359577
2000026758
2224119339
224913482
1290439329
3787140299
2898892961
2783214855
3668690156
3672970755
3271994233
2519608029
3692142939
851521745
3058556863
2618663870
2253574668
3685755234
156480145
2244387300
2483613415
337340317
3147081886
4180057833
2684097849
4061083944
2209699634
662551760
3615702298
3433693225
336147164
1647409454
18991526
3691973174
40013625
1287114081
2949283886
1706872799
3284402654
1980604542
703325927
3638864354
241164589
214169247
3400387142
753881579
3543835942
2738406885
3497488207
2659192139
1463964164
2921110834
1092443310
1012453862
1787440887
2191793125
571605775
1752245197
2695225495
1665532981
2728632418
3664348962
566593613
3949686508
322175956
2075391255
3376020765
1252313945
2143557513
3058803600
265102389
3228218073
920035202
2256446371
2527766854
577346424
2028476600
1864029386
1524471286
3169973816
173315313
2393507022
2543741951
473395935
894989800
270734294
3522256224
3942917382
4240414918
3203946912
2276166541
2716151970
2579469474
3757430777
1900224820
1719784674
4023575938
2788451022
3318822255
2590020896
1868559523
1866053858
3024660957
4154211993
2517617287
1871929606
2565596482
3308420961
3594348564
1842737722
3851360037
4242639968
1666680991
876589155
278318546
660838695
2651221789
4143205622
237315096
2622552962
588748567
1315095587
3061287739
3207883757
1101549464
81617596
1782142347
2245414365
1164734476
549325771
3055842152
2988180880
3531054346
1801899655
1426127047
2381755557
991102483
965608768
4065035461
2877423578
4152525611
2239819612
479760164
3807087678
2622599856
4235442991
776487602
711519002
3375374481
2387518255
2050772562
2458590306
2884383012
962181528
3886264800
3978784299
1762630770
2106383765
814668825
1669425824
3978707527
4278465734
2090344188
2292938145
2031661110
751006313
2730602358
2138806795
1477397617
634264419
4070091470
705624886
1243160188
1627444417
1484067621
2951370438
86063289
4111904005
1053951350
155466012
1298212944
2235876354
1427926699
3099297637
2728278816
3528503204
2050096195
3204838400
2361884143
3749551568
696238230
1131057183
333504888