2605393980
3339071579
3268712406
820330320
1035885371
4035150261
3602178665
2741958742
190448916
2016874659
2616329686
2268526121
351040971
2578284859
1739749848
2191542533
1146243885
1342391501
1775982248
3186096985
3037136981
3380597925
2336757389
2695263776
3129985496
2194703378
1708581679
3391479610
2878807711
2556535384
2738555032
3002908721
3056478159
3181363969
3160493289
255421807
1056195762
4001297923
1819591179
162189142
1763468062
3660978848
3047437309
714905884
4002816137
1233375644
54858418
2336707971
3460398523
3743505458
2499989613
970247989
3367866434
1909381575
2834097507
837067391
2737757990
3579510468
4094224942
98767214
2643624634
2505080734
3211036717
2173744021
4174150535
3710371028
2196927645
2676081223
2709036716
1110547105
1258832497
2012898065
2298009518
1818597703
909456407
867541618
1976893062
2068042525
3888467482
1777313416
1442191579
160197626
1990313998
2085919504
3253234803
4069435065
3773131438
3082159852
3941881739
1024987911
3521092800
4234440496
304144763
320356001
1134452734
2109698156
1832776562
292867713
3384725664
3031535728
2690237005
2319974702
3236688320
4096137307
1548111641
3524751501
2708170973
3130219625
3203311657
869970928
1220992498
4226042686
4100522535
907493336
3308254008
2523636956
828919097
1732216377
1582621119
3383162712
3754484798
2057357503
1097650570
946099218
1661093295
275274885
1636089399
2222317668
4204863050
252351342
2732132875
2503886003
2828245191
3913493288
2854898087
4142820025
3972419662
1010248727
3849860995
3567920991
2766365647
3636194503
3868234758
2029164133
2938834272
408220892
3050814269
1250103890
754534121
1456986453
2891387249
3137405125
3160125961
3525350604
2663202658
1482937999
590189617
1259610986
1937168517
2458527668
3543350033
2107316129
4116800733
2983288561
1754453800
2736417712
2230643477
2086991179
3953653082
3117488194
3517550649
3569404772
2016595900
2941730831
3420865320
2687354271
1554768411
2382924537
390896138
1167095300
403742621
2176752023
388557676
1586412825
1335163502
3571002781
1641987780
2315485813
2617343965
2865269997
4291573581
3951756664
641140208
2000524439
3467868852
1368296747
2912579457
2442967729
187549287
3079545339
1114558016
2511467424
2684978516
1239742917
2260352432
2700625079
3557002591
3213635543
3006218339
2793288943
3241884403
3511265891
934554515
433897532
3297940913
3832528354
814109533
3694858844
545253797
3605204361
2705176908
2940195022
283352780
2430154674
256662240
2257194682
3692241523
1416875043
4247307391
1676907650
1851321475
3064068967
3333447829
4000860501
734027222
3500784484
2725364615
2566516407
570117327
2247510423
2090023944
2027611068
3616511435
1744159606
180170732
3886924774
1296069154
2422513620
664245471
915481775
2355937601
1143798494
2890244878
2530036641
2523899966
144295675
3104502055
2219052122
2832786811
1207243887
2923010937
2702739154
1506105611
602698127
1156069220
3936237744
4035327566
1197412688
411231387
3359932680
128518996
2770983591
2290843726
1879640546
1451591853
1391247176
3455517415
3252392963
822832804
1810423976
677133347
1952116373
1625895955
2220803647
3322541868
878625965
1791549159
285436611
2431365101
3674420475
2314833104
1437009952
2914512937
1984635903
2275978495
919639192
3347377317
803608638
335754581
3546310589
268558967
3783218865
491960505
3232688276
4200251074
3030096761
3965135333
322494728
2970363177
3544391600
3146870311
979569008
4113113509
256932727
3146744596
2748545904
2015449439
533768597
2392720188
1007355567
1747666406
1511689358
2203959563
2845504741
983230649
3657691419
987963715
3961243937
1499936324
2068573593
1624783802
1204442627
1645492215
887648716
259472750
4257344979
3999652072
2624350493
317227867
197696179
1213202665
2103073815
3378394555
2914331250
79452707
94633253
1327500315
2984426193
2590705944
2398235660
4053513446
2445098648
1386413085
2264577740
3585261198
1557922669
782020636
165062325
1282539175
2361376239
339063405
3927902309
1797017057
1476815500
2688092694
1308302031
1859439236
1930215812
3466774645
1825545583
1596925093
3260084820
1357892885
3304333374
80622590
2600489934
304513508
784539676
214213471
1656324541
2912869952
1309345236
1397179728
2750337173
3272885780
2530543741
3926179404
3823884448
3989046782
152734644
720501870
562916708
4203492151
1242399414
3613781355
704983008
3104266173
2912139782
2416996667
1404782055
4243889181
249739287
1335478127
3628115250
2642266941
1838282665
841914846
3633885986
2605422974
2726825439
3892447802
1671679887
3330670979
1598080606
1393972390
3626883083
2414988154
994370236
2113786421
2668856263
3999422444