1798504701
4094120579
219226316
1819880757
2592739582
103925631
1154890472
2885841009
4018487261
3403272194
1103686436
576947479
2132022483
3149277896
1762986611
2281353345
1468082191
3846622304
3720203120
831093567
1431587820
2749931750
3664728663
3960261084
2371842635
2262933167
3125408146
3262440543
759689770
577622474
1140040017
963509044
3956942717
1933969452
287952374
4260373650
4137761284
3672705720
3635316398
1495436982
683478689
1918785620
2335990519
1307558499
1290232935
2412289086
2862321180
1417167738
3085109962
432318102
3006007392
3235046789
2699942013
4217852580
3888130088
410033520
3468127524
2151300818
4056276037
3988548827
1769633809
2624128054
741029950
11739242
3328638355
2809688737
3316145518
118154768
2777728736
1133334388
1092040884
3960994061
4211753660
