4058355819
2692439148
1379909856
2147325340
1831847808
2965232580
1970813983
171970665
404484066
3170019606
1840583174
2177807052
697780429
2987099719
2654994369
4082778619
145768354
2865201278
1792998445
2196422447
2472743755
2610948296
793740848
115891285
3699454161
1075866235
2476312190
1812560258
4248257490
1780848883
1011618287
2840341862
1908697574
4245131835
2600760709
645752465
2131943795
1922517870
473741495
102580726
2105684204
4233515208
346707120
1335806556
4059545876
3488386443
3230907861
1579891403
3761783003
2851296426
2759694316
908707744
2574628709
659645953
2553699817
453856172
1447129878
3365751047
3822554786
3032369753
978024253
1203957075
1734027775
2239705931
2913249867
4007695084
2239533072
2164363048
344372414
3090455223
2108936879
162087118
2479736902
3702691248
1358532039
768404035
3802228512
836772377
872744298
3693480483
4114357255
596604745
4034958199
3691962060
3956482834
790439178
524308477
1944132709
4091143020
88665446
4200782890
3006863789
343429248
946866703
