3038328013
2230935523
3527848632
1477750214
664011068
3643703952
3252755500
2168766998
1527058723
4113346021
1485020477
3076903298
3761163057
1406917782
1937525385
1229094881
499930967
1823758943
2647708686
2210002038
2111507038
3866204486
2501354762
3107387274
1081215601
3162167887
3808880672
3354467870
3746872010
2208479957
2787402303
1708767968
134515069
2951463812
3450021224
1846173911
3397538585
1768166458
3285289316
3233340979
1529121222
77344893
915766425
3106440140
198193118
4261490257
3799651325
2616486010
1539261618
3631548866
3456522074
1241100136
3405117291
272414998
4035383562
3991961347
267173153
836122276
3883570306
4239438817
172031822
686697033
2993931812
2765183220
2891477902
4048846184
3343988044
3358745736
1818122820
3280236289
1730573208
2008112425
4211658577
711932060
2442261964
95024249
157357374
1497257283
859397886
3568208979
2820579883
2755824042
218512510
3425939355
1605072708
94281692
2782068647
91052102
2719372090
1508789131
1843256835
1985340069
344077731
728536385
3884838834
4182403706
1024816573
1510043406
3668811236
3088903046
358894740
2772133931
1815200402
2824161749
2520601380
1704783265
490000104
3646268920
1425780708
2427209515
1455386043
2157186163
3398825605
2049647037