3899354656
2807050453
301646637
4210387005
3027215300
506503923
3240840829
1626303702
3049818457
2875027625
1565530057
3938685865
594952839
2882658368
913762362
4134247152
3977860883
4192411853
3003792454
2359494542
1425819974
732373627
886076728
2689385540
2011506881
2121542260
1967829773
1909963413
399230612
1496602923
2687987105
2222285359
1105126466
2675226799
131015065
3363069015
582082324
1656136034
2528483680
1309875615
2576075725
4164101597
4144985897
1568315444
617297755
677258814
2039451222
638202757
191622063
3526297105
942854545
3552555254
2501499539
588526991
2888896855
2214761350
2496001285
3159576473
2846469591
3523224537
1842844367
2234042187
1581613253
325919262
2545103019
3885474226
562310139
2796072333
1488564982
2796276859
2864039941
2736101840
294295311
2062905205
2701402119
1437792902
1171491906
3497894060
2538674799
2397227098
1383857997
1522537502
1162148238
4141272261
204713382
3469621589
4197700859
2250236646
3835548634
29618623
2088149636
3506911897
2336012155
3030899232
4079448579
1548400250
2459328760
1412521895
1531507527
2979198280
