2236424892
1827061941
395056515
963306354
1652977453
21660317
3077542286
2249870338
443102480
23556203
4154498476
2500054514
402555
1589452806
3829473477
1467216025
3345320670
3149872295
688764424
3195868617
341215843
4128437284
712346520
4248922112
2259426003
1122226472
1514985648
2659683661
3935846931
2807413421
2107059
3836250837
3599686671
2632751024
308646373
2973655143
464744452
1773827182
1082259387
477357481
4208674313
2232215650
2462104854
1703306700
3877169766
2718391814
1206318563
2300619970
3562272435
3724663965
197498594
1798722380
2622824506
97462402
1948897800
2968838037
625409704
3263596192
3244129295
4265865360
2744334306
276704616
1179560279
2121846732
765202346
75796163
1682129194
3955243377
25343354
1412724022
4002101594
2850946695
2661514193
4230961226
3476092321
336741843
4077577006
641459898
4072945767
3888660902
3949962010
92178796
2290822637
1447300807
1000737002
3110872387
2222660441
215339708
3715395045
3824037488
2727595139
1139608519
2422370312
2485888727
3442641252
2988272888
346869601
2844831079
577895367
32619105
768044042
836268906
1438491128
926827470
3696988465
3565077376
307780982
1298510374
2912538198
976152015
1028550114
4091003350
165467616
1215727213
3998056408
1216159481
3555140455
1594268826
3207417232
959470994
2723721395
359478272
791659707
2171976025
1806026708
246262132
3912052101
3338862970
3156653144
3726461440
3916916549
1380095319
1465110566
561725326
3614678004
2899950107
1233250349
2580079804
967712239
976671882
315812462
530578847
3463071688
2830904524
2114934665
2273305786
4198521068
368742691
3145351845
1926673481
1324933523
1909577695
3279343653
1234726151
976998668
2360048734
2497695296
2450978455
541169561
2278670579
4273699782
798154508
962725234
107022447