2410275595
588938871
3580815262
3550250955
2930489949
392708586
1750030370
814848334
1928395226
274874141
2894931652
3678607699
680476389
3597324691
3997788468
1920617404
5623720
2127728750
1098468424
3659206940
1944216135
3358801314
1043971946
2123299122
3976124321
322414948
531204429
2739047526
2404766010
2900813642
2532887908
1346380548
2552577148
1131501777
1100442888
2983102352
549729063
3777119340
3705241762
1976407433
305193598
1454659382
2215423238
913544846
332077052
1932508643
1490027162
1423357157
3404195953
1775425466
2199825430
2265029061
2108123419
1738671665
963718820
3568172842
900745311
1140287831
3737997321
3612986153
1875864519
1478267103
1886206712
1501147183
3867800676
2303109039
1245665065
1471119288
831005578
2008806624
4237816706
4050141599
1449834735
1012860948
2224788304
2718117272
564017730
3315485742
651797643
438159472
2873468212
4052422728
3770345776
3293521131
3121955668
1841821963
3271079187
2051592790
2627974071
2969499424
1137654023
462210760
4147628234
1967545889
426820982
4223996728
2346564094
939464122
671852387
7131687
1653232625
1049219313
3623102620
1641525400
2188239654
349414802
3576764316
3102566941
3304711300
1636081711
4128730311
1794293317
1659387029
2194347731
3615044920
3870924356
4197038983
2310302698
3756008261
4071103968
2464090691
1264487004
3551493420
417571050
1290595897
2786367894
3046527962
2502515193
2274290605
4193937046
1457678808
258501724
1454517235
3193478065
935563742
1934142492
2088973743
1484810757
3558599288
931752390
1430500665
3062384195
2144399325
4216483718
1330965150
591292971
432476135
3393514559
1954005167
2651932776
417427019
1502102347
3886274573
2673488007
1525321087
2901318465
1998821140
1611158810
3212398968
1342311773
2241010161
3435401867
175474723
1673202723
2116664674
93622087
840839873
2797865751
2008738586
218348417
2036452706
3515555242
2101007805
171925327
1442111468
1844426481
3684936698
747796833
1299857198
3103720654
3868964378
1496641845
2278584948
2824161571
2751706878
3127461369
2508274552