1218517673
1588204602
2469320767
1240441979
102165287
778754900
2391711822
2339521364
1293441678
1889367775
3675829308
848380831
3362672721
3338865359
3652073242
372683836
94007946
2767508290
2720176810
3029432751
228479252
2051851410
2338106830
512740685
60892376
1356879723
4004827140
3966876701
4181023938
3804813415
1148522410
1050539799
3164161191
1919761223
2597533727
3323427853
1730913781
1684330054
2405574180
1131595629
1409961748
3584709484
1243244275
2906902179
677305869
1427754742
3406886804
2772670481
597172341
3201198522
3303487812
2009983955
1977053190
838744319
250023876
3855703898
2261760400
829951111
2298767115
4132483768
455214312
3421469547
2835797812
3685155212
3742931258
1401990966
3757141736
2068117729
2919359357
2213826402
3660649964
1589382210
2777903720
1098962890
3541900807
18520949
108501816
533115929
2550814276
3768022860
889594543
2297376688
2465413941
4223687164
3152467356
121632224
36274703
139851845
188607867
2157265227
3305301665
3045854012
2876300754
1401457495
2195565271
874914784
2392096151
1843616124
2380090075
2438048046
1644261704
1106622351
3493277412
3693180826
3320220204
593034792
2884707767
1725660316
4153431715
1166717099
4045222897
3382665957
1419038358
1014660754
2356705302
1418442042
2116846542
534594158