403779434
1542710845
1774891995
1039062205
4070309477
3302261857
1655149355
1129941944
1904727076
206358446
1383729155
1031029098
77607786
1534748237
1498049917
2809991754
3770691351
3371106521
3173590506
2450446428
3488890710
2956087160
3494755762
276544538
3349461275
988630792
4079134697
662156945
3107822079
2277027851
1496829189
504321793
3188105029
1649553135
1888146570
451634797
2836686365
2710962117
4152851217
3815046171
3818929270
3922897041
399864666
2999733922
2071513184
3658899386
2474314408
2678128283
3772279224
593372015
249199700
3914413022
2152107544
3759259731
2392836800
2667250529
3598099131
1035091789
3800785919
731840942
403461300
1103907398
69379848
22917576
2642126726
2446736277
1026592251
1482555965
2714536502
412236158
3349746690
4278360857
3276367275
352132971
641177642
243440183
2216379823
682735459
2120683540
3967411221
3163210239
1858725315
25879270
3322090585
4166356180
1416119897
3642384010
153560304
1081166798
3807029522
120737708
