1473561962
1467771492
331419945
3656877843
3738930890
3140561439
3629529999
2322688794
3474206444
473082004
2084053076
2119392066
3483367842
1224590072
387510222
3719973308
2284727295
1123936668
3414072930
2495158704
349385152
1363475187
1251842448
1614157775
104973620
4132831652
2912131163
1227739484
2362242736
4118308675
2796860054
1101902339
1071918054
585802100
4174682215
2572528608
2586610254
3606332913
888365967
1671854051
2442800779
205815460
3917123795
4041592664
2310692943
3355943255
2680925137
118100203
4007163809
958093310
3411084081
3220793972
2988680622
2725877486
1726505259
1727525436
2397294068
22124981
1085340015
3733095737
243042919
2381271788
3222155552
1860454047
439023903
17894917
257544468
4007217940
1984604444
3278564183
2303432956
457622722
658634793
2705168140
3590356148
2915424724
1631167832
866142088
2807825636
2626694079
3017036035
3506638334
665296473
390385031
1891165722
2029126824
3767320214
3650419737
2167242654
1004330568
1315318776
831079618
3680902858
1796224733
717288503
305656028
3757261873
4214222556
1970424777
146269988
4169335976
190600382
1466508893
905306135
2061474538
1325750272
89995690
1292561721
1080488619
4196012641
1579575317
1902280886
3010155888
3622793966
3506910718
3139690823
1071798496
1417416170
2227985960
192120134
1999795428
2965124888
1756463585
4043888061
65074134
3813503340
2583648628
624046343
2901260951
3565488465
688504921
2375495631
3620744119
456071867
1508740858
1348235375
750007819
1193781449
943012041
257886322
2050591886
2407468922
2107375859
107208264
386522650
1803724871
3908193705
1638595039
115463250
3813741303
40141159
981835489
3847192690
2900541998
2545446471
3429584459
421171647
2720557465
3568318884
3925887350
1995494590
658822757
1761841307
3671074186
1151555837
3742901194
2262855003
800183397
1156342440
4006062060
3050235616
603462004
920122053
2612234448
1195003440
185585290
3990489292
4069785150
223779999
3243618906
3841862679
2950250121
3234252792
1109486961
2648200214
1390916054
1574819950
4092536713
2948491181
371045991
3874713276
3780795708
1267607865
1107047523
3644783055
3742134936
4041481188
601482033
3137341360
3034057584
1583810256
4158683060
445155210
4291075235
1714565698
2463142084
1957887054
3777233534
2559463943
2220325317
1479218479
1949140207
539235329
2345548137
2169750770
2505046120
1464242567