1003058539
43556942
556112727
3576677893
278348585
1822462433
121407632
4194349308
952424353
2081898561
2204523207
388053300
2163483917
3668836164
2084311394
168189829
2494980603
1650757420
4002263120
485584837
556317539
3315724982
3815282505
2397587608
823451665
880679747
3265843284
1967488933
962348119
1326706758
711416431
920369605
1675860691
3507477191
1205183651
279465306
1344082802
2884850519
2790526836
2493595777
2727750219
2685693969
1834017567
4050558386
2598978180
1815889539
773226672
2453656724
290843878
2061301159
1752385996
2481281943
3692944056
500131863
1986560793
3129975444
2642565375
2807750091
1242241568
2504194654
1280018690
