788556722
2832484991
851415817
245754246
1505562133
2514518300
3277663663
3744727019
1651333954
1138441666
2400639931
994508398
3627760830
4284092957
649388807
2008027898
1751124003
2847279812
2353867509
1734606014
2281198800
2228831795
2294159234
2988193295
1352572964
3914389369
602527959
1055045235
3049127674
1464765924
4159497455
1478397748
1059187392
1508819328
4289792893
588506035
2299422813
2222653904
581177859
2393658103
944592064
3215393788
750068173
4210798629
1556037906
3551506286
39134607
3897848221
1937097951
404038481
2099268732
2978973445
1352447391
2457228174
2861047140
2272891859
755255137
657983977
49784798
58475587
