4168773445
124308324
3647362606
3814453039
812451493
1314626628
238106876
3366163882
3381586709
4246730606
3074966791
1778494976
3478035704
3438288778
923245020
4173479251
3400647393
4208063595
1875593736
2431840139
2290536441
1240929587
1095835051
1064083071
153742711
1424162968
4012778283
1744578195
3130710304
1910370871
828190324
1164836367
132902485
174155400
1209698255
772886975
990571705
3956488752
2396182260
117117543
2087943581
77999071
2158970597
948656627
2609503980
1772760698
1894826294
385091225
1482582235
568572769
228466072
73435674
3006231845
2439782921
402566617
1203779181
2879656749
2728062497
1463267457
814797310
1038754971
3369434361
739522507
827303079
1736630020
2558844089
3795978947
1952937422
2992462090
3049600821
3845107895
718036321
3679452909
1882263811
3489432480
2879673381
2795456900
3056038046
4165215858
2843350161
2812765811
4061525209
3277285878
290366185
563011471
3798572830
1504619236
3980246730
2215618110
3642500747
4006515069
1770051036
3021941681
3186070527
1804702416
1258339457
1163908052
3278550096
2043078572
911080783
2072514995
2761359703
765447943
549881164
437326940
2473645414
3555912582
1577144996
2833493544
2063374960
1508123247
1423361018
3277478975
1344543595
2213714191
1110825196
3204204215
3473868270
2378986816
280520950
3324172128
829678973
2404411510
1412627322
2713990451
3274077325
2558289690
1684181798
3249132317
63263796
3327097335
277934137
2199524065
829057941
1374224486
1226608912
3184000934
234903047
3489567035
200655179
1854485039
2292142972
4236112666
52188180
3407154374
3801174892
3301398041
862374009
3763579377
2030487138
31767228
2488959086
539676358
2576850800
3818063786
2230295926
2604260738
74936649
1781911408
2240384983
3416344
2011142901
311513119
1887951885
3007065014
3886567649
2505071265
1590206398
2789326019
143965211
4066100202
3300267875
1002398782
2366348243
245042052
3937224407
98919901
2578218438