1501747082
1243777566
3264118821
1180041832
2701993288
4237839454
2107898964
3271648728
1608285075
1038327791
310079901
2562154864
26277316
2360074848
2624079431
2517510191
1752441344
2810089307
2028878139
1760756412
1901488925
2137688427
1583823990
732012812
128809204
1031196242
1747516141
1329001031
3254888888
993340427
2304568459
450209955
3663287741
3185229849
3583159944
691605657
1056111408
306369675
2608824030
1178694830
1917759412
3736569662
2761022958
3322658901
2757709602
2760087249
345852328
803898221
3691922943
2980059917
