893022949
3233084344
1952845034
941812100
1305829554
2957311583
3083611538
1417770935
2184546935
2319993726
2465302458
3215607603
3317642341
578569886
3326619952
3775889122
709042927
1576327407
2430621291
1944322616
465383477
639617583
4102314028
4125419599
4051905251
2354518387
3753868840
469425497
1166421976
1078410676
3173635506
2001089686
3337932328
3396113336
2307539359
2207302764
4225742320
2765295399
1142049520
1177301175
1041882392
1515944146
3447069945
3820460054
2713082639
429766008
2719491363
1636384915
2785806219
775039931
3495724781
1974562308
1303401580
1482802656
1147108335
3970778164
2202352007
3554415200
3511411812
3552644649
299436224
564095827
1382449501
77564066
125445914
471894187
209615120
3085273909
957660152
1768900636
3189751034
3554029736
706964558
2013892912
777620139
416473746
1021840682
655467319
3131558608
189855056
60546499
2792524448
305740045
264452431
1427020456
1876719680
4042304805
2776796187
1463377631
2771567324
1983110713
3872788473
4138904847
947913358
1137684520
339332422
3017949022
