1827089455
3205177516
1126521815
2208378789
2796875719
2611908792
3492416123
2406355736
1268639786
664622398
2974058817
1454899519
390840055
674861374
568052205
3679776022
3380225212
706699212
1022529883
704104899
1090807529
3456500266
353748087
1222608002
128448408
2195300992
3523376588
4127996368
868639845
1599985432
1964377910
905930346
4235503230
1026160692
4277276541
2597140252
1450980870
3147544840
2357788257
559094798
765710714
3165457126
74633433
1038058521
582307776
3443521578
1284648267
826671183
1449951484
1992535780
736388091
2680187260
2542953440
1761706118
2407306330
856419261
3154167095
4262713402
989599438
3698876667
3481549717
1576900191
2210568943
2674387262
1945102011
2816074832
603350086
2981304989
2119942167
1577551184
3875455473
4181614723
2140286331
3244466606
3095147248
1076376299
4210717044
3050602586
3994340868
987943779
3308731988
3160231186
1221226643
590500095
3309986430
4149450137
3165845268
1645212235
564646147
440055014
1746949595
2528136760
715107888
2981607836
2648026656
444591602
14220024
2094551553
1883226075
2401387454
1822525267
3186646369
1105044049
79616599
2306089952
1716711938
1516606103
3587523292
740474559
17044872
1546408389
