3624970960
1102422668
2555089723
3248177258
3877871097
2361619918
3225457311
3550748617
789618175
2973552373
4169564231
1087593578
1541594932
2881461625
1417797982
1142793136
330733596
2780401899
3257492867
98864261
4274492738
3730887904
3996972960
3880116167
2383620094
525507576
1322183410
3675273100
3294388364
3037833533
3929309616
1513552157
240746116
3312540930
3125370943
388640513
1059852549
2454128638
3820071499
3100736913
1412129531
2389756356
824550923
243142771
1103315850
1724971121
2162217802
2729977722
2771785042
2703962983
1127989557
4256606657
711570885
1612220514
3386465857
3131306009
1158153943
300588060
1849021206
544819064
1388101294
637043260
2261875015
2029446339
3082360973
1341956564
