3571534216
2368621369
2467092496
255741137
2179362847
696342197
70480377
715642141
3327047082
3900465179
3510548474
3145434863
3950603054
3138232905
1313151133
594910467
3067123376
3409570000
1387509622
2842863275
1431587361
870307597
2853600296
2241511022
2387145700
3183723201
2489076248
1755944490
2103448788
2646885764
690134043
3564382338
1952311894
3007790078
2342955487
2562706369
1207590975
3664977743
412389313
2327341444
1729402848
6889782
4291413096
634584655
4012697003
1578756943
3511391668
186659811
2409522457
4084245363
3212291394
3416056508
2419170225
1771744568
56935114
2741667583
1403916162
2800305682
2199621123
3394007832
1705390122
3527659516
2415442463
1661522962
2183597559
2691599574
1151719308
445787500
3475966459
383819105
1219029975
1272939312
3935808445
3202151372
3820125247
2451163135
456864746
2418867162
157593723
2180706242
1467255813
1079280989
206847680
1161282711
1867564070
345122850
2557165536
822193973
1207823744
1858758234
2916266011
916879995
2616123067
2396459254
758725214
426938686
3512998994
3796437748
764274369
685653273
3823190749
2649917040
2493703229
3032434616
2586979863
3349167761
2274316453
436619960
2885786775
3407198342
391289844
583773847
468092507
1666212066
118811279
1211430865
1852685534
2469011700
3352187797
2905231577
2480987396
479006260
1806767791
3740431564
2098821242
1204298204
3987962678
189549077
4071751711
930885683
2022801838
3684591278
2925532109
1220391913
271532038
3650244982
2936255089
1537355903
1844565028
938316363
996813278
341248964
1252717683
3928156297
544243469
2250388834
2409116854
4261128603
2470801597
1396153253
2661846727
456771888
3669947485
1778190172
2049318766
2692589030
4211411448
1395536463
3147123829
4102734460
3258888211
2165694696
3384918522
1203366085
2592487045
3446471127
280577373
3285151037
3656000192
213938594
1699369428
2895024480
2456294557
1319142333
1659898476
3712122456
3626091441
3674600725
4058096921
1975118982