3640148519
812508572
3147129758
3790158506
3005845064
240384496
2431714035
3832166009
3686560129
2676344613
2564433472
285200675
4067868913
248441260
457824489
2569509178
1340962361
3384060361
3200789241
1002427829
1644851846
2580537398
3246100012
1241345893
3341363845
1012216952
4263072685
2108887186
314143564
2291706609
2591094091
2905198452
561334009
4176779356
3037061140
1853835577
2686631010
1876911134
2597217256
4048057567
1103864229
811708130
667857739
186871158
608681800
901457357
2483829094
3305537717
1655753328
3070624661
2274513378
152693750
4037385645
551183937
2131960360
2377317972
1174020796
2725294932
3967545192
2649718209
2775776070
1711079988
871381356
4035402516
4269214806
1088212844
2180727690
364658623
3296821950
3126347639
424277452
2645723140
125753044
3475079249
3408266910
1213371699
3289010690
3484994051
4197855397
1407047562
777803273
65276565
774820223
2584954909
844490858
3665741976
784366883
603779694
877351728
3125323350
4264022624
2184901883
1109783680
2307074508
4212589150
2484906199
3149831296
1085351090
429462258
706265670
2840934965
2445886277
3543515264
4270538238
1612508570
1581296171
663454383
3846423531
1934942345
3842487256
576910408
2035321781
3667680493
1208042240
626106223
2982792963
3724921076
3492852078
2430274285
4084228008
2885010600
1885388795
3265785392
146371305
3593936262
311168013
475563438
1219891372
3241501070
3894556009
603656914
3209778551
1011387586
3715256889
3628723220
3756158865
2107405255
875376148
1318587925
342385884
3689593999
1474714251
2693929785
2940814676
1420163377
3035542702
1357523690
1767838863
4014301184
714844295
1079251675
2551368297
1550154944
586766288
2152111125
2162791806
1901963726
932382894
794742574
1169096927
2794778019
634819061
35575935
3422868199
2244805801
2540800743
2236585230
2672924754
1892400849
3289836974
2713795663
3993893153
279636491
4161229403
3859443835
1702846750
3384711961
574815457
4778746
719545920
416161078
14551196
4071178141
3440613594
719162144
1946391493
2827412005
2563257803
1742015426
1163442288
1143249672
2231554720
1107617670
3842442848
3315526918
1365057836
322815242
851013911
2072533649
2703174296
1207137195
3722195745
1688881308
1628562416
825970473
599571486
2479179652
1389838164
854066108
3763743768
776279700
1538901580
4082139274
1475570853
3871511482
3542622351
852024743
2628488674
566364962
909083565
4292702838
3920932964
3608058962
3432890381
3759361875
343293573
3722312420
1916772689
3117555563
2105108436
3070644050
3578104151
403832916
4255875957
2634562893
2486748683
700058680
2728026855
4222886287
1506867137
1474701271
1196302189
1839823630
2860415346
1642917163
1194888840
212463223
2708638222
1763839332
528860413
3615634595
1990770890
769824655
3544697831
2397755698
3525834398
492877353
258033108
1684391077
572248583
2908992194
2900555272
4292920950
1720497623
3721217898
4890128
3588782187
2722378444
1696178633
988586072
2497629860
2691962654
3230659611
2239080064
1258819967
2083167241
136814675
2791204365
3106068338
875446497
2198752272
312669407
1190554007
1122425626
2129087044
3883561522
679024382
3988648156
871217891
3163075514
1516837376
4211471072
2989515453
596372418
2922191348
366871817
1273570844
3904971500
144073620
3856434841
2210010228
2727975823
4156389785
2173783573
1858284100
1813236117
1392386944
323591296
2287001648
1106974733
1942668932
4182360095
723238380
1046046297
3010096015
1373791976
1110170517
3028633952
3927332376
3872841436
3176878800
2163890959
4059499694
1828038580
322310994
455229610
3087963486
2025497589
2589739407
4240691641
16796956
1328374811
1874998870
3500977185
2339000982
1221631246
1678644207
565974196
3849367752
2474060490
2861095089
4258635878
2876148273
1960719266
2339819101
294682993
1488779707
1673622030
3065043236
2044689659
3941096641
1263060448
4222424379
3900376254
3713604080
203624868
1073160160
3806188808
2423785006
1352255670
468437003
640468650
2114768726
2022145889
2108812937
230828543
2217509272
2359121546
4033028119
3276139160
3009044667
4074983155
1342159953
2012732618
1691405950
823259646
2817167054
3418856502
3162251367
31550263
3423711517
1278677164
1054892686
1886662376
1941676939
87053069
1785180730
3314831839
75100201
1611434587
2481467448
396715229
2901990547
1845571877
4103747332
2107879845
3919750244
3278809039
2672874162
2249247579
2451741391
3681470381
3084540926
1010362719
4136881267
332618721
296880717
3910316434
4290569578
2482534443
3282857355
2669310615
2284543939
1337266145
1795019972
2212665455
181097336
3970063068
1715268182
2894730403
4228083930
3925241284
662328029
1317255498
884459905
816609891
2990471505
963940136
2498073427
3723920569
1172536559
4216661086
942725111
409651661
2242063758
2622393117
402981321