2371053460
147467862
1081934312
948391844
1693000487
852822004
2686249086
1099038662
2449853271
50040011
1359024384
2345798711
3449683788
2892994088
4097542399
1600287233
4261992506
2499088935
3448010022
2174413366
669212930
283808298
1165263924
2032811753
568194994
2932677418
3069368344
3474036712
629488741
2950872736
3883500422
3837690717
2584179036
9768876
879296917
3773693710
3444272239
2894793095
2671365421
678743154
961328130
2463426099
761908213
1789238544
269938022
1620145801
2505599797
70624738
3460480428
1738366770
3936872524
1373892271
592611904
481243949
1638640556
499459867
2814503241
1833292517
3577058446
233715572
2774543767
2686931532
2067832261
3163636320
3422062069
2301655302
578059406
4199571054
3093955885
1127234150
1024296542
2860658954
1590176816
439101032
2785715945
3551431189
3228790154
4188711399
242593973
1932764525
1634228933
658377535
3389771160
1695459115
2266202463
2674434673
3058076883
879923941
1240972009
959511938
2187939043
663070226
1715960766
2403546438
3450782649
2340024903
2101766577
1420658539
1493595584
2122796510
962643611
3098570327
3348240177
