1651324387
1665374050
1529682202
3086532526
137712735
686420420
245377774
4216973833
3801756690
1126368884
3949389149
3314220627
2366183668
3265876919
216947145
23374992
2105274697
383603788
3288392326
1582003370
1905414715
4204181537
1550606590
2493578419
958451972
1315311514
499603549
1054555779
2569040307
3696818942
2532775668
1952092266
4162790136
1663750233
924907111
3716344602
767184140
914935525
2832266695
1690516375
1992167111
2885420933
1515666542
2027272736
2846762649
3405971314
3263623469
4275557468
3976647652
3573570492
4064395708
3007691825
3537394422
4144496754
1781815108
973543772
1362183029
2037152237
3498899335
3418901781
2572442240
2326338017
1535196232
3477396365
2998377906
4053692927
1764838456
1548100754
2291267148
1506743911
1097632588
2980578192
2304000959
1725897692
1008158112
892107359
3749100338
2384294983
2825742539
3540763517
1464280642
3178059767
1046725204
3664183913
860349974
3114856562
2893883479
1607977670
2335528492
3978485794
1439808766
3958406697
3274247056
2084579356
3059191245
1265512127
515487615
781067292
3304410413
2212467811
397618769
3029211643
2977092082
1908822626
2593972400
890850597
1843957355
