356544896
1827096937
3668390747
2704033909
1536742441
2278502535
3829020695
4169520087
3597107358
2153621091
2895429985
174178398
3852771541
2990679474
607599077
464425410
1995975037
2184120364
3392648867
3099097141
74105310
1192922095
1709023201
1807655474
3647319794
1835360072
2279569566
225088279
4167211938
1962169567
3073023419
84240859
881860885
552751049
3323840759
2009120355
2706179373
3386286854
901895505
11618822
158310054
2419852730
365727992
393086600
3787818700
1368688084
115102700
976469322
845952068
1487268950
1380131209
2453141720
1647517146
1048479852
4081645973
4084803674
3498809104
3942762514
394311662
4260848885
2437259951
3954292684
4186058269
182492506
55074297
2158464410
202881860
4205904236
3889568473
4186937444
401204632
4139983631
2343738527
3406424340
88208024
1919347025
2724315177
1280607758
3519343667
231383529
2575156839
288797765
1270842371
1614966289
4125542886
794902675
235393319
1465480638
2295475236
535502904
3373981945
1924757020
3531012590
2370188347
1561471339