291502748
3330529783
1330866155
1424259133
3772953280
3281953107
1659823811
3373474967
1240791707
2094651563
444795540
2975927076
2529672844
3600930612
2125132635
691722545
3597258975
3068334708
4177412199
962625138
2067689606
1163805184
4223242549
1357417340
1721219689
2375939462
2875779334
1992532744
4249971725
718984026
4159354338
1500650524
3564692755
1894233171
4158332249
2214066981
616971965
1832072156
1717518258
3271087342
4088955732
3653441154
4195877637
1896329682
2714104161
563025074
810394574
1630299177
1920681804
684155815
3800620131
598742649
2511248438
3743541120
2582629011
3834773581
1541639244
56360439
2748675192
2117327571
1231737988
2493577902
3185929095
1632465618
2563880689
1153004578
996901396
962822209
3052789767
825131914
2096237425
836521712
1692296751
1538450788
3227089079
1012764437
520222303
3951850030
3545086158
2105606413
1128487394
1972258072
2567539642
4143261252
4074402372
2382234213
3207979936
1019046458
3220197502
2895652391
2798195452
3499243773
1179647766
2405341315
1583925919
4002212074
632706812
1896921890
1659978465
3461888440
3117499132
4277342346
649712944
3232580267
2344254931
3893915885
163396515
1132710474
2345385388
558554522
1827458346
3764287823
3333142103
2229830117
587624648
3092155987