783210694
227362262
2073896126
4097966589
1234866231
3090699481
3522578757
1081061304
1083733034
3673193500
1311375674
815119795
3505551612
2307343776
2171892496
4058800606
3700115211
2177904401
3277104073
680566191
1730370673
4119476439
3181242301
1186662658
4053732161
486580694
2403491367
3022313188
2378787903
600224023
1605514977
2126115302
1258383927
2820118126
2024006832
3581886351
3054087359
3840752131
3057160131
1224048071
1046962497
2994226194
165449972
4097433635
1409701630
4041887049
1831634587
4139522049
2706623264
1172936549
2009179608
2541552201
2229971727
3468953560
2594501998
2264103281
4146459499
755618548
192222639
2206916056
942115382
3376226515
345854477
3177574799
2745053904
1333978724
1312465488
4273353260
3604598288
4201422283
2603590146
2019364893
2220469876
2036651659
1055470325
3597129972
2393069679
2328379817
916096945
2866716731
1751649790
3827138673
1190593847
1100949241
3654055286
1537137613
1094345769
1338058403
3565307948
1654170875
2825002182
211752469
3219912036
209004782
814627814
707062379
2492371034
1364320630
3234792382
1034103934
2715586850
668938709
242316133
3662554995
764461609
1852572164
2816231601
2150288568
3090851904
126569869
1524898817
3715791621
1065947017
1969314705
924984086
2633693483
527955991
960638639
1529927168
268279487
2964402057
1969704003
2942190673
4159738725
2865787179
2312220929
1142098377
567887039
3326895480
4068662943
2792932423
1948345318
1198941758
108721569
501698922
1606354352
1794441462
3399240355
4242492119
1176648214
1980557800
2285631537
1036902402
3519657199
640674071
1075087555
743133652
1369408516
3940178658
1770310013
2646516977
3914949334
1107081235
4213586293
1913835591
23903638
1142979402
3587877096
484146138
1395123495
897901615
2030975458
1798917372
1008226908
831655184
1520532564
1378259405
1624297047
3578020370
2521013080
2785432343
4050030448
2146472493
1450695922
922062050
2699449261
2326547179
3164643704
4279739589
1656233030
1782959415
1798580780
2412859189
1773991293
1484351344
3990595130
4226392220
174784446
2748243304
999680825
3898182990
3354352235
84603926
1820453643
549454256
2391704306
725430925
4059480286
2215032034
1366221907
1474860414
2773920582
2254311897
2942228035
3862709444
290708545
3450338879
1140794005
1958158121
3282174903
805130803
3078526559
1197499137
3022659384
329769029
309579127
2832050261
2005957764
1998852761
2084015655
411952000
1364444654
2143597340
2391725042
2747335211
2154474051
1866149559
13405501
2457070780
3550532337
2480135756
8202072
4136205138
2101728562
2268388783
2928168589
550303856
3387702673
1452799650
3445435542
3578309114
231269440
467066830
3853955186
3125228722
403276838
2663072817
90302089
1609327505
4266872133
2841745486
3678099324
1624400016
2224573227
693395637
422960268
33627884
3846885514
1441394171
2120986902
3013715981
2629989752
551363667
1444717584
4059579677
205286055
2492758403
2454930077
3699637716
3017330921
2619219413
1018971357
3119401431
4237474994
1518660572
2417020499
3045745632
3504768838
2461954786
8977258
2274368364
1284701724
198161951
3519113478
2140003741
1400323210
4109497751
1217973683
1148844165
4288583078
887880759
3247215525
3568779585
4050107689
1376650524
4260866191
4246241453
2265587598
3995971082
3334639367
2177409417
3661390387
1553272598
4102124936
3375737944
776884325
3619490511
446803866
1272072673
1050610241
1215822683
2563783040
3914459885
115690197
1492149824
2543729952
3053904832
2174038958
3767747243
3345979257
887994989
1558052781
1926492118
1270678624
3196587626
1762578902
685593372
165451466
971446939
1330086704
3111841042
4084870640
1291481151
3411626989
1892699541
3930116698
4214080039
304303305
253308832
3744613118
2306630210
3258544492
1255356218
628594295
3646545095
4136136722
4015075887
708839860
3038762655
649984433
4149936808
2991210497
3991040107
954560618
2935726034
3519226704
1266490815
1389534010
209902312
891143394
3103102346
1806591004
20436659
2920551687
4108452385
2584859053
3069497875
3838006729
1074460869
2469732269
3523544700
2701888047
953401501
945088964
319041552
1694493991
289838698
411699372
2465178434