3929965005
2689840148
3319302271
3010074185
142803786
229080489
3075049583
2374512017
2168287811
2538034387
883620411
1441736118
2448458758
4108989932
1605156852
4158689445
1177039673
615256589
3215355866
2053014687
2391685412
167493076
1863656559
2805274400
1268302262
2082964182
4263755294
1330413734
4000889400
3171920584
1460952163
2105377810
4077184088
1544421833
999159118
2308716408
2604514853
198651543
1462794276
4246476920
2028349718
206753383
2116441016
3953528651
617970858
4008437301
2637732284
2423601338
49639038
1456631426
3385283460
2622195963
2839681892
72036631
4191352871
3831466048
1086291664
1465832343
2093364246
2139990543
561207389
1240637115
125033267
1654874887
798641100
883646515
2103951953
1070910514
3726395145
1755193345
2172956745
1203532117
2361189669
3881330039
3321976322
1064036887
3722977731
3256880833
2753411019
1209878293
3827314657
2693235913
95027656
1620581466
1049748211
713219524
3817797588
1787688660
682100400
18411355
972349862
2566761203
2995977825
1157656205
2445670354
1136344019
1318354059
4182104181
214774336
3710848288
1492903346
3567574109
3887531313
2036848429
1513145052
3322551856
1857115055
287930743
3894482
1460444135
4127420341
1562702799
730433111
817709948
1925649839
3632939646
4034960081
252021988
1875069911
761286275
3724261394
449340936
4145961618
2194070624
2266304048
18089982
2160697431
3886993446
1442780823
3878977603
1784713438
1711274505
1891654325
2353095689
1757278819
405431244
4202887912
1365676607
211879467
4254084477
1263534924
287361567
1510948387
3471151072
4054003640
3392428199
1695867946
2212928147