3389183652
2724447974
959763465
1374506908
3317563058
2080725144
3315123116
3785699444
572636900
2514817829
3689594190
356316773
3285545432
3237593755
1200183920
1927637322
2267754959
2448431667
3781302327
1855863950
1611200577
3735359872
992535499
2931559465
804481913
883308919
3152354794
337846823
1398041587
1735023247
464910677
3984493866
4214682668
1321452913
3773791577
1421263466
1504922691
3917056234
3731859527
3107206299
3911911761
1689119103
3964795278
954110090
3729708336
36812904
4088359968
581592008
2940013650
1761963933
856445718
2662662187
461953612
2568148954
232066295
3787470444
2606779103
3435270981
3445979057
2927113326
2109554602
1014641659