329174387
3957163174
3062146525
2566786601
1131709345
3883693953
3584712782
862946989
1336131956
3659280530
423321705
1898345944
446490033
639608424
2532056911
2446988793
2073182947
3285282577
4052435033
2652211712
1370883203
1784666242
762493029
1856276563
1050112461
3871464705
1678146123
1868462295
2346587884
509082548
4211120435
426301063
1226829370
1260852648
1827292475
1525554622
4219271798
3896011113
3900667920
3247667254
1168162341
1376815370
3035295120
32021256
3889505874
363283800
4204261264
602272208
194070050
2655964286
1290843029
208327423
3537975981
3893865793
2622137359
3163404190
2059949539
2430264748
1437437060
1527962785
1137412972
3585342114
2585223746
7229728
3903349147
744191760
1152913295
2759299715
2409097478
1884000005
2339061093
1195128249
1264468438
3787450816
3811803365
476689948
2057758988
134521612
475951351
4133109780
869954892
4170643762
2217906936
2657711116
1353598974
274720298
1789941213
1150321098
2509718840
3670028936
2329441284
3442728264
3016863994
2717647669
2006876530
501348399
2973134962
4059909525
2589749810
1697104566
2309972356
2786315158
3255524553
2408759913
1320666014
1109676314
1841526971
262441688
391730714
3727875712
23825806
3803966391
1553809484
3287795032
2708882409
3149804406
2327056346
1703183581
3082895925
3383015313
2491055524
1095689607
3816001008
1469677853
2326267295
