2003147764
1741815529
2765005238
362729326
938696825
3784704439
2277869774
3060216218
1036562733
579895810
2465719497
1922316930
880641850
278031967
2870989060
3000424447
1628531449
4263125532
3491025989
1736560679
2604478743
4022917530
1055929064
2559100922
539745953
3290263813
3011432973
4130993073
2734871193
2148750074
1156656530
518409440
3245469845
3283718142
845409439
4048448046
560043409
2744803402
1285218588
3925983084
3111106742
915011327
1312871931
1758789240
1949746254
484309803
2677887362
4245570104
80825388
1297524658
2417348570
3801596108
4288101755
753770067
3522653487
1314647127
2744404390
3098158118
4074414261
1076970450
372180386
2698050961
4139100576
3543264059
3411847275
2392966741
2075472152
611121425
1380976006
4019750440
984311596
3855390568
4251955643
790040047
3967007047
2143038686
943415188
803670740
1124973801
3139800695
2082579532
3526471094
167292992
111195301
192286482
2736853631
2967899453
2050300032
3286218515
1303263847
2771763075
3876054239
3428474078
3517803778
4119057798
3799212684
158057284
3105793268
2316683610
331202743
3090192031
887346971
2676013843
3353003821
1612446260
1544374186
713946359
2595388985
2855123924
1393560139
413373845
860490686
787162018
3492286234
3266432887
307179027
600730087
3545594298
4056985621
761649015
2997899578
695981069
826794684
3279009854
79009984
2434298564
2173461035
3988052224
3609814688
1597755701
3953704239
3640339820
611151451
1112738792
1456685328
304754799
1846388595
3373085338
2503302772
1582349567
1571568251
2714542714
1455039637