2809296883
2572337521
357742351
2894008459
4003903354
1760408569
3058566108
3372683478
2213147789
3863293465
3478871708
2121709127
3415611548
3390302398
2741683040
3994978830
2323279991
895181957
2133989882
1960577311
81954255
4008415393
3697391374
1778060338
84755708
2528393712
4269555564
4010273715
3125935800
1264710482
3939593356
2327024428
2745373478
3717941384
3376609440
2857619025
136971143
706373934
2611357901
1359460065
1086199541
1645856146
3581835108
1983717900
627052912
1925912506
4029342314
2793032227
2270280144
2319831003
2574363225
4083213547
993337330
3545934833
4289089746
1822612523
2628926985
832705574
1795463002
2328304848
3846331550
1801637888
3511738260
4088704285
3238654985
3681989088
3349491610
2390852080
3222310135
3515739
3006869015
586100211
2554609222
2030155706
3404182971
1424304841
2107011093
2053379371
2462527266
3216388008
137321120
1723579395
3048516592
1275223465
3891377725
4093959992
3346182574
465552141
2619320055
3739263357
3233405610
3232264117
3018592550
1605803102
1950576015
1930241505
2002878479
775715990
3298465722
3641747699
3182506690
3633898972
54464100
3606883119
1798831490
728715206
126384320
2237148811
2824122982
1936782712
438239625
1524508986
3517007440
1252277584
2597938036
2778879898
1482704067
3274847288
4245652449
1532823096
2904873820
3999865902
2111719461
2703712243
595978032
3312679969
542144013
1656517147
2507959753
2072133485
62019302
1707992820
1121782989
2083917061
1346650464
2644791074
1151881585
497182678
2880110215
1755564090
877461693
3959145686
362421618
3720788145
515827055
810700465
959438322
1317350775
4165982659
1131308878
401615472
3961158769
6985227
2494293392
1693337462
4079135943
3001631588
3459012970
569172018
3886256061
207804116
988487951
1334209188
3184239684
4022810890
3151580046
3191030711
1699433284
1618117930
2380240443
2770728433
1685976077
4103903848
388328664
3443648973
2849874331
1395501894
406913649
573308451
1093674906
1116808677
308996520
3106937105
3239608036
928349037
2233145053
1950405059
2814518751
624900520
3575791694
2394473770
553813662
449802348
2661465316
1002572576
3686882846
1232578741
67843171
2988912032
625424281
438361073
974828874
122422764
3337623727
1509968490
1686171187
400991049
3532553157
3400386053