186134209
2797258741
3974946151
2276733914
556849638
529334743
3892674188
2635232805
3956505459
256404146
4259409916
3367720724
2232619919
2273526249
1055275603
456572300
503852577
3396948018
4132407936
2668157294
2427419779
4188464614
3871955675
4291873399
1738397186
3487234130
301353082
3792406198
1797274475
2875269019
3703576616
2233997220
433636198
1650777564
4101391640
852827505
3013616256
4229620175
4104711662
2437153164
1981771878
3747199672
1940293462
3191366040
3201039228
502415843
804357580
331129832
2345487661
419053735
3946366166
1963364823
531176352
2504038144
1187615464
495407550
2824432594
326094263
838197018
80213839
3618842549
3075954532
2680483223
1489797526
1868342960
2522125946
3704406293
3786470196
3291146414
2601629559
3084313889
2145876624
1721567636
1082278616
2571556833
1889219463
25494699
295892989
3206263923
2253763956
3574680805
3334721751
2919943960
169658949
4158935633
2469730096
971614142
2904203166
4167464363
3552014357
3159897927
3744679195
680017977
958167023
453070453
4139772858
59761027
3691482318
1412202639
3576904224
1759775547
1726194408
4144275970
3731639354
1350650831
3356702510
947228226
3543162858
4093417817
157980129
2901184514
266196771
3058702801
1410535916
123008804