3784012745
4247655608
3190896168
3548183244
3026225313
473404545
1751095073
2545947644
542787592
2247508208
1068413409
554362343
1277604249
3519142102
1294281193
933310569
3712598443
2248267206
1037630421
1702081127
2234108748
1567524782
3540631012
1578905760
1765023092
1269167362
264772839
2832724653
591999861
1203106677
1543441306
1911622967
1542927184
1064772810
41019366
2898525544
2616693234
2315456791
3489061605
3828194527
2985396904
1855800969
2887808539
2671159117
2500449508
2566067805
407996970
3078033311
1397367406
1502932480
1548849921
991121788
1814121301
472434277
2292088079
1094414030
1580826960
1195791366
3283193687
863610092
579672519
908059084
2893798417
1525362524
3800452338
2659457986
1232121123
3657555599
56019418
1866241647
2400153232
1365694673
1111353993
1624092249
4205165851
2608127334
4174990836
3932084216
2550317204
1244829225
1777310624
3340397065
3635187693
3754888732
2575201660
