37638943
170349178
998554090
2044097980
2695856947
2657048734
3403374545
3330056087
4275799109
962281990
1612521377
2335007174
1693590490
3564938987
1236546485
2082812706
3304105355
2760088857
2132571741
1924398171
2951581824
2082237390
993096020
2829390709
3117698328
252494903
4165242002
3122010298
1338278195
613151284
3650195664
209664052
2991299622
2763435415
3172249048
101170823
2289069567
3749602227
764513852
3149705178
4139215100
3028981875
1188600718
3424498040
28395478
2356754793
628748496
3984352047
3706609710
2986337061
4155445066
401543445
106371114
2520000175
3276500717
2034479828
1165293777
1596582601
2438709732
147767659
845769919
1722545027
748301637
1641817399
190066380
242232289
2849466140
2387874024
1759950509
142897403
252563133
2663088798
1214378226
2545611252
842735375
3941649149
1103001310
994778457
476269842
68127925
1685687067
1101103867
39922110
3304090609
4275079249
2358869747
4260289966
4011690944
2072174262
3378004685
3434178664
2521104389
1883641840
733514029
1323959323
1819209298
2550502375
2962212619
386767993
1888536161
926174722
3139038895
2026466273
2843182806
259277549
3527078039
2453907581
359898329
3080591041
3123690514
1670353415
3211506440
782032960
3549692467
360135530
4152329306
2128121339
2599850080
2437102041
296464860
3170388151
2359094496
1671013821
2705230311
2991873845
1698385331
1942959515
3697799524
3950933470
1415538646
3209500560
1719939636
2548150842
454189850
861810184
399487582
2019888912
3486570238
2034088550
1309472392
2496895955
2447494699
1956176909
2354301405
799376569
1601445095
986538164
1471538665
2803690361
329761609
936824390
1203970804
2455381850
2834335663
4015419764
3127988220
3210393571
734738856
1080711264
3761212136
528936792
3796208647
646695016
3678707948
4050527817
3575179448
27972183
2640429388
3164584656
4103298457
1841463694
1263503457
3317736734
658611015
1996192454
1976507025
4281637341
3808547208
1868717333
817231186
132309240
2109296681
3485715146
3715461836
1942231393
2698512225
1112197154
395459677
2372418050
2106601868
1148546590
3011364211
4206373500
3517490779
2593923459
555594914
2829878556
4077435750
1475719407
2981987901
1944929090
1038149684
1680992571
39614826