3862339175
3532733148
4103384131
1208728734
55329552
3152897219
609205024
878639262
4013219636
1634123787
3237090553
250197899
2786956871
2897170901
2020005200
1555700824
296462468
124508785
3976267178
3965974661
2815314942
1018754440
832212381
2712294989
3927740865
813558680
576463801
3061047425
943391606
2420696612
2893427779
2854214025
600030052
3034424339
4208337709
1368004698
3049842277
4255367367
2741874460
407315132
4085495991
569289243
534638029
2706098609
1698126660
570248618
1671709472
3569002584
1892100761
762857489
2492523641
2067430772
2687924695
4188472537
1425778961
1069826823
199723600
343920020
3504103183
358614170
3905592543
3809706040
4092454291
1352003821
2170009719
3336952675
2744921533
2861409813
3509041660
1346499192
3542972947
217851745
3484508828
3213537514
3666451750
905306127
1460513104
3406267765
3816797111
1846943456
912882311
3839290045
139887822
4191446893
2456768343
3906468721
638545490
2803351219
496724336
2536435486
2128030975
890180343
4157024195
3891399208
1242524731
491257345
651086569
3852203938
4174128598
636752296
847949760
800839749
2417596416
2873586205
1148432391
2894338914
3820100230
4116639939
3441719349
734476179
3948619222
2826332418
3335527638
2712255968
15877270
348530742
3030110900
3303475696
467672508
600610456
1442950299
2579820081
4097313153
1619881305
3054293353
1502847279
1014272251
558368399
2419408484
688539208
2815856878
3587130438
528719640
3963281489
1824545686
3234854439
3346162738
1970827708
2916276154
3092159612
1423544190
2730813759
3074637936
704315716
2091782740
3134732388
2316923810
3737551038
1881136077
779645976
3587201760
2608542272
3723597501
2058754038
877607648
106492781
1815533611
2408829461
2914716945
2466889852
2142906601
3356065328
2003573393
1236182667
2992954904
710713825
2771585519
3019264969
4109516084
4259576945
3073200939
3870361236
3710922011
4261541325
2572435888
3987134881
1713217795
3226244337
2389419739
4159465076
2386045005
4129767051
4172575788
437156235
2908207949
788270318
3888558630