500454815
2499739261
3396156609
3881691018
1052564561
705456089
611557549
2812079885
1126796966
2696264546
3914675135
498688708
3486741851
1990766709
517306400
1135911888
2050428634
898760651
3175021643
2476758370
2083651782
3828056522
3670431137
1583175250
167964526
4060251499
3680958146
1135881737
3457477953
2879354954
31019567
3493446745
3044501828
133549561
2420905475
1419782582
1334462435
1526002640
1374705962
4120759705
2711815888
3697826078
1388278373
2192254557
849203412
1238195301
795708829
786958846
1933635015
4227616840
419660186
2113496631
193670706
1622686302
2250638075
767855767
1151037496
3696983570
2931013029
3154952172
1045306338
159920981
4259814783
1288024202
49752874
1875596308
185846023
1156397128
1184100433
1230298516
3796720898
3943885453
3198469558
4028202100
3983012369
3237487495
1823838156
288951138
1082957687
1566071359
4233589082
3336342484
1716570289
493052237
1972657077
406743881
1214187977
1498862354
271062912
1966752623
366530073
1933597273
1592725642
2038631571
1693546320
3303854718
2472450525
3462423636
505571116
422744223
1263083199
3751932514
1321791043
4142758452
425650249
3492490677
960536142
1324781254
978301205
2766216148
1332030171
1953871907
2890066193
729864733
92715962
4181052241
1008477912
874043457
2531870432
2309548811
1929954825
