1359002764
658026964
1069678066
3620410893
1654991512
3209131893
3903926223
3255971691
3230635578
3612058873
1071890953
2239376958
3492633199
3434069374
3331030644
1416935916
1157109249
2240450590
2231442451
2589621982
975309830
2720265033
1202631191
354365940
4251872556
2189985623
3799838256
1484364222
3423850074
2942723629
515378911
1076591446
3211936011
3146722527
1902570159
2550066853
1672867987
237987273
4001628074
289963104
396839184
3326742115
1586198448
256666845
3229426233
206328233
3536225569
515552896
2833665808
898088185
4237484110
2483784435
581129056
4244830595
708993399
3087557345
948028511
336106934
2988353368
669530772
2172113459
3238522084
1923493760
3073508114
4265683028
2394085240
1065171796
3390109086
2049782113
294703542
1772454776
3844462747
1530482940
2253053540
1868380774
692880658
2962784610
3798435529
2600631953
3924853784
3703927325
2398994204
2065047542
1704798392
3492206813
1351008560
141020771
1182415484
2014928473
1859286050
1125067245
714816403
575856346
1171886689
2976539910
1960273821
2894908355
3986757032
3968591284
3399977270
453594008
76897432
1351234088
3917144108
804743594
3874077502
981684867
4084459094
94249866
364602122
881607896
2673693843
2903077631
2158686840
1723456546
3146760110
2836212134
1633064316
3139814911
1081878476
3805867781
1202407837
2903775084
1405145949
2402100192
1507922546
78095680
3065961530
2063257933
3538416847
1840731209
680711637
3298900316
633962223
2809402301
2576867457
1370993482
111115136
797128940
362537199
3849680136
1419773621
4126677387
906606111
3340175902
2479314388
2845415475
3133833450
4065160035
1727753659
746986348
2193784023
1242688846
2155877239
2104210078
1685276611
3500488394
4246276495
3629632980
1418907908
3379937017
769614638
811308780
3461784713
4055968759
4148695967
988408408
206052929
2011416838
474688795
2234957946
611724144
1584146887
2299587209
4057796881
2462072165
3580739136
2746066359
3973868132
1604619102
1206288892
4079506529
2430416956
3024496540
3621432804
3643717031
2471711182
2204719736
1795836347
224448891
424962520
3497315450
2642018562
1450243431
3058508963
1764292801
999399831
2807244568
3852791459
1033556832
372153444
3880198458
2807051252
2014215997
877625727
3589444724
3199727986
3891102660
1541858338
1330080242
1403459493
4108269469
3861082103
713609957
1143578998
1191253620
2915181518
1448245360
2419902941
3641696808
392263697
3639682650
1114349893
4156934704
1792833689
3071383755
1027985890
4195877481
66691787
712235594
4262523772
1723547093
2650011135
2446625656
1036152164
600119813
95544232
1330943324
3085589476
1058497708
1746500643
879688793
3896928290
2792424871
1380317257
2096289575
1872138327
3538419645
626476864
2296602133
1906617944
1974692901
4209047058
3227522353
571700380
2925713934
4088183306
100152807
3525292326
3705082296
1771958804
3884983918
908257163
2714841870
4077152658
3929901204
2257912179
2200836379
2560415954
581083018
1976834830
3009403553
1665853560
1215583666
3905810176
2027249530
2971271755
4134963637
2960171383
2838462344
2068527624
2658956131
1686192671
2214553491
2215531723
995030941
394757266
1600323776
4152808535
3878167627
2388004820
3668980559
3870099078
2671149308
112777897
837196229
2251259413
2754624544
3885169323
116281037
3489646933
1550675948
4011035577
3447060549
1074790372
1763969250
852159108
1361271463
2464263742
2399791581
3748561201
1234421291
2269745164
2500632713
1129815837
1782173568
633127695
532716076
2137383899
260762903
242962453
4244449375
3092374902
4170478071
277628049
834337980
272037973
150654539
643950689
3067837271
2387849294
793408196
3753949439
756456182
3287964106
4205228488
691505973
1628646735
2887804810
1976877296
2292443835
3704010729
2459761783
3680626866
3533720612
4099471221
243088215
2049128184
1580715674
732225848
2438826622
4122041585
3240517617
143792409
4245659188
292508195
1519542833
2560918263
366540990
1455900040
4077187133
812083394
2461670702
1563911347
3117650604
3555301588
1446275972
3448696207
2931719662
2725985660
1411757553
260687457
1242714066
3911006332
976241960
2706711833
4013432422
1865058447
2975005881
2213160818
838516088
1833752869
1409759298
1138955001
1275614251
1381577694
2898299487
2363817434
189268109
3055446600
532070188
277558116
1128771556
1000721147
2784575324
1745312022
2898106552
4177926958
4136750722
2882626104
1343497616
3514486612
2236476145
849035390
1353054601
295856276
721453613
1886086477
3195543478
275709071
3485852316
1538126659
2305730789
700720416
1583762423
1495375436
2119496085
1188185749
1278551217
2088232866
2424963599
3091056599
3074114561
548839171
117340180
1808819439
1311069982
1684110236
888701846
410779786
4001267272
1744040010
4190141442
663796398
314026968
2039753331
3287866279
642950657
1106436701
121245503
26545825
3154543747
152683306
2665658790
4117172104
3341150248
878381753
710910384
550946385
3277110766
1702812372
2007662331
1223174246
1430591371
3214001645
1307910776
879149097
4198302800
2029592554
3907095433
886412552
696851308
335274025
2502123770
3992199194
2799658338
1476451368
3377509124
794619615
1661054345
3980377592
1087885638
1205458332
2890136566
3864475703
1222254997
1135808938
2689986096
4181206868
601407294
595300168