3393990262
1705284627
3217166562
4023635406
633614865
4194497198
367239833
1209007643
95830459
333099366
372859277
3328966786
225849392
2918519936
4169540390
2932521903
4217113481
1741451633
3658886341
4158777266
429869042
1499065846
3281642523
4041961501
2070324310
481193694
2447677957
938693962
3977048590
2098666513
2209805339
1530158438
2711415580
1308894462
2547666830
1836680482
821993853
299549585
3647012840
473408007
1517875501
1752068186
941067699
214622190
779950164
51934193
3286855859
4151490402
1573115567
1067628320
3852882146
1809086523
752627427
4165016429
3558107033
2074235841
2133810622
2055938525
1888906882
2560451968
3905827853
302610164
3797129439
604080752
1637750826
3741964130
2111032792
1387983502
484868414
433911020
562007671
3108599249
4071634865
3942913728
1531169067
1016664069
1330374786
1039494197
1844313920
3931189491
1290323189
589247063
4068410903
767885548
4030988192
944642081
3357133802
2561729309
119613623