2622769832
2159618794
620836485
1615977237
2265126564
3087926816
3709793942
1813061657
3208850313
1217791558
1357099865
982448651
1088472642
3834911969
1455796131
4242042183
1442176330
281544421
1027708887
1171682967
2825133563
921929072
3895915746
936996565
279617311
1083970619
1483983487
29176708
3983724270
3404326273
532161039
3276891493
1788170330
3657728146
1771905111
457674305
591605747
316437951
1845680994
2581840960
929654976
4270951207
4240337974
1544379672
2073047774
557683789
4176353430
3070370951
3439019246
3666803686
1727826257
2278448605
3808442062
1598066363
2523079429
454693906
1736138778
2624867999
1509957249
2465047299
2387362209
2620528475
1796363161
2016308633
863831933
637095448
2184237268
2130962326
3590860793
926423677
1566485154
2541857004
2936695260
728310634
3574115603
3838165914
694730949
69594908
2344344536
3892926457
2559610719
545748376
174708495
2636290853
596617228
2862144195
2071879088
1164900432
1082053650
2173451483
1889980034
367149089
833305052
1042178955
3787365232
1391286748
3631647230
332425379
2342775523
1605422676
3027373577
3610366201
2800589465
1644708926
2653709698
2552769073
3192996955
3301386213
3484828081
3865101088
2254875069
1922501785
2536452678
3109817297
4120979200
2377561055
2467892913
1837353694
188304113
2656808251
2070151946
222848361
2652142759
192986411
1840284653
160273003
3395896113
945880206
1510163269
3516528757
1697595686
8940727
3338852960
2274078043
960259484
4031840266
965153753
1008547097
360688219
3470775091
2048395661
894634898
2642281772
4004495775
3038295560
3921069728
2886470606
1119923102
2580265956
3852781086
388367859
3334194674
1318677781
4242891467
2531559375
76149869
3470153975
1675614017
1546091092
2380817123
2865356454
1420172571
2519019602
1794322558
3330574579
1015612266
3391668521
3259175549
4096770004
3329682387
4143229177
3245015777
3229663428
974513184
3509294723
4072452524
2489087922
391328371
1414612207
2285398650
3342327184
3203249327
789176432
3345623836
153376093
841350761
3392723195
595126807
2839975804
4127037666
911849917
651294681
454131525
2995151590
2186148916
2973026350
2848117822
138424662
4040213004
3820456904
1047926817
1821142056
3280249935
1406010977
1989740592
2187920593
2373874961
2053685876
436133486
1713410897
3777066029
4176976160
2271925326
3688369812
3809775724
3300353925
3072305457
1464233065
4095349841
2135526537
3189935500
2863043133
3437384483
21763567
2939147066
2257419896
4270497998
1733753126
1666209884
2748325932
2433419705
497596083
15691882
1312451328
3217850892
2207975090
260532547
3021781111
1601237113
22897077
1504384437
2033899006
4147849424
3451143255
1290858265
2371347394
2333309174
4054943557
3788887583
1563458347
424854850
510874309
1507371026
694493768
3971679848
2368812077
2267962822
293678639
4275623247
3805573640
1643594222
3275767794
3967414169
550407042
989431460
192146633
1172113966
2296251811
1591063236
1833816442
1411077341
1993324077
2306362471
2630834504
3156047324
1271480147
716289700
345504568
4227920110
3507677493
2133367064
709798788
3719272922
4110176194
3444616595
3545613405
3661241864
3818482858
4134102835
3600959748
3789711763
330260772
1495040129
1625250384
557313472
2635508802
1323099948
421075051
4081788079
1477966161
1994606632
3304565658
3688329646
1449837309
3593398170
4119179441
2942779787
3737328627
3465342560
3613783567
3437288986
1400500960
83393985
262490150
3247374992
2850228562
1954921497
557727831
2775063792
1402589055
653037264
568868677
4144579527
3684164413
2842977052
561962639
2328294759
3624004009
1144800185
2485567423
469022754
2143511081
2637745498
2659978707
1899474942
1600650298
2306998353
1852024869
1374786942
2450150626
804933636
2608019862
2188382906
2903786844
1297614608
3313369232
2000580098
3519216105
3580098073
3564706314
3422185704
3906471756
1415585622
3271208316
817864604
914367395
2290278409
2812824433
3094831885
135315777
4125080032
1636683897
147163400
571095465
1178089051
3856795005
62602025
615670621
2194398257
2626174409
2664295553
460823901
982173324
934272757
2333581803
3801841137
4009568038
3073836947
4228120418
2464395794
3773072511
1527094311
595527426
1502125201
2556107990
1866061989
3910679715
1111221996
2799706914
1719799959
1319901392
3503690589
2660778627
4124939037
2080422944
1999292587
1634590331
3400278222
1643203714
420720930