3343207073
3295468637
231314677
2168325181
481097869
538039921
3215837317
3426207986
450834717
3571752597
2691685225
551953402
3406290901
3987611441
4111543333
3115537370
1842242301
2358132689
4244634873
2697829747
2915310406
1578762732
1239723400
587714834
2566158688
126871923
4072482676
2498415460
2887305326
1994513845
2396323901
2878443053
3179249917
1227516587
2410117547
777485382
466932170
742655471
953273021
3048924794
233660751
1307452096
4105050582
1592012141
3835275660
3877306435
1090865835
955569301
4083015982
3507663913
4035982107
2701016457
2598974805
1868095921
1220313813
200303771
2116448711
1043444226
58429932
327609942
2485150215
3496350003
1290604375
4282245202
2829862392
3848982029
448975336
2757982811
832227960
1158626876
2793345417
2238107407
1210446890
2785255123
3099914687
3049915699
2796566512
3769923746
800880065
3277286782
295643101
2462885785
3320196257
1335150119
287658899
3568909650
3037079139
2518861085
153187367
3999672142
356385769
2576726033
3832128946
2502062327
3812400466
1936080385
1877856164
3414012250
867094920
3142283
1943060510
501412197
909063712
1959320821
1553824154
42278239
632270157
2498769165
2370067640
2393183023
752452899
2309569284
