1907647278
2213284263
4287409901
1183852676
3559353379
3139834233
2356064061
109204282
2149179466
2559202134
2150386403
1116495134
785183591
1576145901
1670035510
405632183
4204758284
3313920212
3891703478
2811116236
2389284577
1860104226
1260031407
3253581369
2883220175
2947723130
2566652299
1014122168
1487260354
4277780311
704760681
2396214348
2493132834
3689456761
3997468259
394832471
3903915593
404055905
3437929713
3137240374
1686995970
4186110660
68955432
3863861772
4270176170
319437348
1449626822
138220871
3789244109
1143597707
3059656684
