1842377310
2284218752
1084800268
1520624664
2765149472
2619699764
895063670
2849935225
1448178993
4287231247
4031770882
1202760971
127265923
4010769128
2200640791
3685361855
991675389
3268477323
4141310117
3154500635
2202277152
3691038954
3146841179
4047425764
937534274
820090469
669772420
872141513
3137108870
2095336980
110165971
1947511395
778283967
603819287
344808438
1758139124
1514166586
2438746528
4088874041
3099166976
328131931
787985450
708823880
3696498577
1303413180
3481379632
4137781442
707002158
4125924235
4106693080
3461634816
3166729777
459612836
4152195367
1130219209
283233938
415788425
682559464
2090766303
409330605
2307586023
3546278185
1009043446
3048646546
2695610271
2822090140
131382882
1010885365
3825628400
3829303889
1383350159
224630673
1350919150
162807412
3938691159
3199016547
755820046
1022121983
3213040788
3437591514
3066495396
598139224
2874273671
1106748540
3505177145
4098721629
3571893463
181538250
2920223210
1873875583
3574894619
2602462463
1890286666
1978160676
71764804
1395565165
16768342
2540835782
2849976998
3402927782
2427065259
251819514
3678192008
2269378885
3900958467
1044535677
62544992
1019328933
3746277099
2432982922
2376271906
3860285015
4039711637
3390490149
2135719352
4019590481
364044799
4131412645
2797278050
2955815338
4114171774
29929183
701915636
3394562272
1769160786
1236290884
70836964
4228186640
3165378459
2006818637
482820550
2635635545
3638036462
2265565178
1602389129
3842557905
3115813593
1112545364
2394082901
1410546752
653053167
4176584756
2146510724
1799890245
216123195
1194511423
3767326414
2432469976
1188199924
119391333
3611193654
4173833871
3285515010
3862413190
4148887564
1502748641
2889957447
665076179
3269987142
3149615686
1077232841
202665755
234926359
2979041513
1542957615
2271155093
748583775
145383372
214487310
1892123738
2934656145
1297335131
603259469
1236441307
1912711301
621760295
2844731418
332388218
2532193921
2233577569
681275984
165536840
725766596
2643508082
3301729535
4144908844
2960494003
3433220761
1770694551
1760225828
1004545360
2434562933
882083841
575377691
3026401825
2122863053
318751460
1545920550
3790407018
2161386371
1922034990
3758864445
1433773137
38943990
4252428925
2521607559
3727255041
2046120364
4285213275
639924783
3274591352
1478068849
3899844136
2715210408
1579717114
433815479
4167251405
3135200424
1938208748
1294978953
285406118
942108512
2003492892
2580936197
88525206
2570768354
2190290104
1162652166
3375371128
3684288891
3943871024
3824708949
61591042
4009285784
4148521649
1259724907
4023483874
107211455
665484883
2558391061
1317276863
3374420052
3019558901
3385821552
1172345753
4175712242
3569840856
737359551
3018259875
2129192872
2929421143
473255908
1515882543
3264086486
2144594193
1236384257
4206437740
1203969675
2464363516
154094508
2974288779
570012368
673681837
2485580873
272169555
1706666432
3713147567
3831163895
4207250225
2547028591
1817476510
2371936092
2316474867
3178408501
1498386327
1331944876
1889886690
1777660952
112963234
1612480603
2906935239
4072355308
928162402
4156625875
3355374423
817514708
392115358
287650930
3893656907
3573800180
4048910452
3543143426
3210874747
233586780
1239933322
2926537212
1232606211
2436062608
4166229114
4036392350
439904517
3823030696
1695008893
3461372806
2963712134
2009607163
94701401
1313761432
2763932007
368397900
2611135847
2888145322
1222541120
653056833
1979466136
2232496282
497618225
1106728203
1329888889
3221546388
610304717
3946210659
1905499305
957874289
1812979014
1832470783
85757273
2386265656
39261677
2794056957
3175353322
2510643353
3332327324
700656505
3982282674
695235603
2503026602
2190736740
1665065214
247913735
1217737227
478225650
2768742928
2410328626
1112228980
3034795853
1539279852
648846256
3278849231
278772926
2462236731
3548238665
2396810358
4171432103
2528174666
2583159121
3501948341
1869826541
3111509583
1670524452
4012985021
1856888446
2757822930
816771039
1236572226
4095807836
3576069674
158935488
1947982046
3268079406
523220978
3558782051
1269145505
994476917
986129363
836650929
2051474057
3637446386
1977077181
552089788
3241389473
3581990074
335127029
3137172592
3122659827
645525849
2776418539
182765286
4244873697
98591047
3203600755
1702282609
2032568165
3623392197
449014569
1665328657
3738799728
3784100113
2035254209
964994293
2374559853
2811890130
2078161592
2135332295
945437780
4045245283
4023428718
2681895936
2162208547
2123426078
3121065827
3741839116
767959288
2259289396
4028593624
1714831564
3456198337
952044580
2488747794
3244356289