535416453
276655262
1780547666
679294371
635459172
2924400939
2527893744
2054237501
917200707
440495140
2321434171
1744114725
269039342
3484489111
3574406299
376215127
387363369
2225771280
3781872748
3548813832
2973357003
3888828391
3470002566
3148428782
986503018
1647210464
3509726927
2237829661
896198671
2068328829
294854896
2563146103
3108410473
2183061553
1785380847
3193902962
2741906842
2389044802
2276817008
2028072178
622970127
1896102025
3843831929
3244017703
1483264207
1299832043
2234015361
1814352087
3719928796
4032238699
3296857255
514568026
3655492372
203852155
1710516522
1016008783
1578912757
3509857487
1239203061
460905704
372766020
3869430898
