3829815060
616556981
1117025860
1919505732
2870722448
3013033167
1335690780
1912523901
1762925779
793453589
315638585
2671489454
1322163963
3864110196
1158356085
663369664
3215145126
555972906
1590159763
3667929805
3633036903
1605783944
1462997994
1096940150
2192922057
1557323733
1830824140
3400713454
3773623607
3192109826
1585144791
3083396094
1666624915
2233999640
3674268862
4040489673
71778740
366830649
3157627414
2499589115
3268515366
1074301662
54635589
3046078141
3958431706
3643554600
2511777345
3753315078
3445256344
3728634985
2024453736
1137164653
1818114253
3538016820
784643628
973052394
476953685
672695655
3259288928
276630590
1683232916
4032963678
4129899902
1454850165
1627843649
3864301148
2386383188
1066415238
730754301
276450593
3359437937
4019166179
3826317112
2314752725
2400191239
3438835000
3278126039
60471877
1087727401
335148766
3759985645
4291795604
2694135117
776283717
2307786777
516009391
3833746419
671957258
3759031298
1434446903
2490596242
632331598
3682854899
631633882
679739446
262510456
2057320679
2021465652
1011339361
3092708312
3294315445
2056265028
2467507689
3613366326
3287285396
34431731
103905808
2079110132
2210068772
