795776951
1662924173
3359522188
3484657554
1306407368
426616421
2759068191
805457644
2048965910
692120095
690458072
1491231224
2412049185
4128619988
880086163
1905531140
3245313722
3787773024
1085524975
3553298710
3075920699
910097386
834070843
2550880539
1726044555
155252591
4204706558
964402012
2380079173
4102367204
1675598270
4259826092
2881939621
2802144079
2830139377
3515728778
3899187973
1910256978
451070678
2919583504
1361535758
1289078824
3859555985
2733411773
555702257
4050832820
1375859426
1990559794
2232610271
614465792
856449311
2547240935
476590475
3301510247
802639453
3778266289
3156165559
3597147128
3162088980
2255397301
2466597593
3511321785
2139739614
3063625271
1043514617
2982705941
3485523188
3277856882
1787548569
3942003347
1929934056
4006633415
3160115317
3062154408
20528868
1778734217
3188256049
925512332
3078972220
918288909
1587782769
3485739764
113423696
1961147891
3988848789
3377134004
2342369731
3305505899
1578749482
523645272
188286764
1944430816
1656093655
2147704836
4258018506
3514131622
4067608211
768838306
2112942448
94549573
986853676
2273293205
3845066063
3512497880
915410160
4039529060
2982595125
2314376578
3741227810
711474020
3442593271
2008837737
3183183227
3188820127
4268816442
2642502415
1769545810
2893298396
2644118359
3139118347
4161436194
2108984014
2556271707
1316622408
3428797992
400778373
2765251901
2182739648
2269291910
2936693631
4271164399
4268644336
2340776494
939723016
2223713987
1484993023
2667692412
3135364698
3465849068
4089475298
2345905680
992981764
2210653669
1737148042
2588113896
1911850862
1273124567
55333093
2122237823
1458665619
1587249445
3804935180
1225374131
1087491836
1851530031
364409202
707077326
2149458741
607982538
3758706855
1846378207
3960041696
3435178815
2485383246
3020524679
3195006395
548219966
3252037075
2595060526
572056488
2851615600
4061735796
304682570
352529464
1508026453
3176575176
3765255421
307072316
800910027
3617826084
3702187004
4255202006
4250062973
466339216
2188262188
700776228
46647269
191301905
3423428086
1819998846
2086642594
3732040478
1750756458
3361150769
1628487081
138170973
4066889943