271266960
1164533877
1551974798
3520390346
2676820551
416703283
2060305107
30433615
703210617
371395257
2399254379
3993527159
1600262644
3424229412
4020256132
440138669
2558734833
1360660540
1086978313
1586281014
1890909560
1101984991
2275871017
863658782
2979939829
3661690279
585569311
3359042584
506535815
251289473
2933028652
763502863
13086467
634429191
2345311444
910561569
1350396558
1871524918
3517836977
787242642
3476643712
2015558765
1569518945
2065159415
1889420544
3280843236
2012197127
2885952935
1107316955
2049477364
1741362820
3869219525
1300854300
3833721436
1729533159
1222987853
1296584122
560662236
288577083
1225665861
611663546
3497200192
1700961797
2419965457
3741461541
1400265133
2661555225
3221425914
2910765183
2919701868
1892364535
3902406469
41884497
3235243298
3713930485
2026575051
381686865
4039654558
2106476324
69261705
2294415792
3609777828
3493793000
2884426109
3347616190
3409068162
2880111573
2526834860
3015868408
914209620
2579515376
3901371507
1541034731
1655388779
3721312303
2719660467
3016751702
1613643558
1349825183
382866094
780210044
635740923
4290728111
1778143706
3150022566
1827054997
1616798173
1809657351
1970833707
272196760
2963131040
3270470764
1504152526
711421210
2581595057
465039352
3991526688
3478797437
2972663329
3861531181
3846244455
504899667
3733792711
3054667139
3057627357
899746899
4047116152
1760239512
1181547267
2635378019
1659705018
2681816407
3042289869
1356121050
2584027819
2672307862
1512194187
1833586836
1904129688
1409283520
1713376423
177069258
3992606393
829518115
218622036
1211249382
940577560
2122607744
3568257720
2289532035
457807243
403587081
377984667
676311114
4292309386
3699539448
3470150659
3320740222
1569150631
1010415706
3985749521
188191731
816569569
1190431765
1749176981
437852598
2768813350
4120169773
2819249611
1120498801
3465999396
136173724
3605756231
435663635
1488122181
2616262961
23734154
3155547249
2057742893
3056223412
366832268
311590627
2733578120
2157441186
2961413147
1039290460
995151059
2536269090
3600937245
2619329165
1716771007
2161896275
2236891300
1840538564
1726466062
2726220015
37406410
3793103977
3154485349
144764709
128606358
1503135803
1811709108
589245492
2758952032
1688188283
2202528169
1292166350
2661865468
337454790
1724037187
3568576931
830850261
2594920249
4255735641
2464071282
41187229
998000883
2196618145
921732999
2834469132
143378043
2138867518
2381365388
3473480841
721717171
2286600800
1293703139
3762422556
75092293
1920888405
2223852858
3496597447
1186912266
1702731129
2604166286
900344322
646847588
921597329
2172619695
577662125
1390181762
4173193017
2529896062
799908577
2069041158
3822644657
3871795406
4292175850
1159646394
1696715406
1895544856
25021743
4282901970
3470749693
751085597
445045122
1363627568
3259153331
1578823972
3883178796
2217020165
4220304799
130566258
241809169
448572932
2139616596
755350267
2347630501
1848912511
4013257443
1933396194
2473035063
3005693659
3645053236
448628384
1565048636
3398682507
3333532242
3901313019
3192292695
2571127045
3921450766
3364298319
162617684
1103382589
3470622449
3803493963
1182471432
33238392
2254411318
1153100930
2786764039
2811643674
743626099
2056557857
1652902191
2604606761
2724366297
1138216788
2208142606
387122986
1065253846
1970843067
3940948779
21456344
4104159876
287322706
48751163
2951506434
1698079654
3581521656
154519625
969831339
157071682
1542264105
2411880679
1810225855
2850497544