3598672002
562542932
3447595719
2783194467
3270658329
2262742958
798890764
1810630301
1905139575
1390819785
202562603
1723920515
4238428731
1512468240
4006507265
3530225678
632744938
1266624491
398387371
2043447591
1269719280
3505601365
3445874203
2997590003
1964531805
1533243525
880540345
640481764
1940747144
4091397006
2944174075
3056613407
1794116617
3104291105
1370632626
3619352059
675723778
4146461828
4171948030
2039638765
2679053783
3710790106
4109400639
2873501960
1010097880
3712619119
1815889502
173570728
1059750077
2228354980
388235190
2764366171
1691769853
1593301352
1638562429
3304447337
1079190650
465683069
3023000744
2688604087
721941970
2980506149
547398841
253455887
2943651280
744299679
1178098523
380380153
478922631
3690120836
714265324
4054712189
1997666727
1953825550
641814774
2582733316
1593095321
2037522946
660372674
384588309
753903440
1567157072
3920161486
1399095585
827258070
368264645
2067618111
321089627
2557827408
2637592910
3092858403
410256440
2813355788
122006913
3682276211
103600363
1327244546
3642302419
524922164
1043656149
2338738593
3741336686
789249290
3544965649
4257765910
3646385500
98168101
751522898
687613934
1964852170
3481831486
4234989759
3402427310
2312993717
3758731630
3933502032
4290758618
305647063
2351995744
4265527027
1218197431
2861483437
3233193927
3552921391
948346934
2061942975
2282745509
2039644190
3517508314
1542140306
3101222326
3661990494
1543468023
3066415476
1647807581
3436078243
1505654819
1473182782
1361536445
3904461067
3342876348
301849224
2931793456
2596138391
3680352856
3023742274
2643845522
1380215548
3172443778
926141159
3036841286
1881659255
2682666378
687459119
2524939602
2351513515
2566070494