1224154654
2778501566
2397693582
1267845172
252030888
390149964
415261231
3837782919
2865483641
2927174579
2179559763
1312743032
3145867679
1294255513
4123248379
617819948
1010444148
1270101465
767944404
3642844500
2862618597
4271161752
3242374871
3070022532
3675286764
243380730
2401785586
2435868646
3722108433
643747282
2482957313
1684574705
1289030179
274392561
2125307855
1458390231
3713294200
2745698049
3837216054
3229777039
1681897454
3113367271
1153263845
2816722068
4075875355
3145991811
587266573
2840011461
3752207476
