3165522396
1559885661
908558760
2396229730
1647189540
1260137498
3904446026
699559573
438588509
2178563671
3286778708
660278657
2308053380
4222281081
409690899
2025258031
3562443280
3309300275
3427956826
2402558880
2737321540
4247688765
1118263784
4131602254
2937248325
935369573
1113363005
2808242599
3020946887
3041599336
3719800961
2458305011
1193846046
3802869190
3688573954
3244215718
2610760396
476844461
1913896195
4029930337
3280409209
1445655534
1363545834
953220086
4054500406
406938802
1242794531
3847796512
2226580485
4249120883
1817820912
1152617721
1529884688
2630372184
459094227
1526307556
3325026320
3756743114
241481466
3856053332
2274932139
1772482148
2143415228
4147206024
650238563
138174957
4010636830
1074637474
1138264730
1596117647
2301312537
1329116648
2155710634
3259401976
