4188111068
3338798539
2352640501
1213682888
3084815578
2647754179
3152279834
2921433222
2766025020
2722884521
218657575
3713989615
493082115
1727180977
2229399628
2959380995
1254900116
3894346064
2881063733
1881395693
4240901514
4153852361
3794397070
225122697
792516965
714962771
1620109649
1656767147
1570596867
670013623
2970186003
3367397024
1662987258
612152330
1275254780
4059913985
2120140888
2116068516
1740626306
300349545
134156969
856081015
895311863
250478311
2633390465
4230374130
2339851815
3137320006
262417713
2865800044
1695119007
2353802390
4172611776
3540399175
3777786964
1266634398
2441667871
3022972396
4116708462
3350415317
222191350
3269818615
137339099
746594003
3239492484
1071888248
2075245125
1665025479
3734237062
1173119617
1315455593
2517069028
701912180
2074731515
1919270931
1462235017
3364323984
3902282657
2777949144
4024671934
2558547954
3520981921
2438467220
1470299954
360314178
3689898536
331863564
1537606083
3621260523
1142155261
375950566
360819083
4203329426
2322818353
837898653
3979001211
44681577
2280530809
3851030717
140149501
3085262078
3444114758
3879961171
4270305253
727554674
3880676239
1539779519
879871245
3672679057
22698375
1702104312
3344251069
1088090084
2927824542
969776718
955297974
3507950827
2340463457
1998128436
2629505171
1524262879
2852478186
1495368747
700569256
1329080667
3737531726
3776060531
2742117898
172105910
1205000438
1373982979
2603921845
1261394090
370390098