3942957114
2992803869
74409923
184918163
1090480382
1915106920
1782452117
3080432011
3093529201
652829015
3991990526
3291539128
2637597356
1410709878
1813668227
3539343637
1592754130
2346150489
34821650
4093701086
2658320578
865574262
748384516
2560458005
1951753998
1106025452
592524077
2717906046
3380560581
3167693479
2205722357
2681748914
2169044241
905105299
4062275623
2755063181
3758462958
2072628614
2539492041
1684859415
193545259
1827562727
2926725793
870383912
200406666
2611314475
3532930395
4006751776
3822368918
1565536984
762893801
2878308846
2357510241
768329442
946886067
2432298786
3618672834
1219855555
3004955552
313205462
3708253240
2817480276
928586317
2781533818
2435252992
3192969867
2575057842
1272189603
1271105724
1003610332
1936439826
303395445
3845344250
2624864322
1085486890
4163426067
1245392199
447768250
558855
3800024337
3110821725
955240173
2206649288
1673423386
2919032451
1434510953
3591139743
2940095399
3593603631
3898753290
2209756354
1038409244
1266885877
3764848449
2186048265
1955950690
1926571499
2576908452
2947625864
4043895292
3391130320
2674838604
3248022264
1811802848
2513919724
3989099323
4163503176
254706483
1406173033
4025930577
982718432
1401303168
32734313
1796017385
657074215
2873865767
1302403432
2404962002