2055086066
1839021240
2844028196
2301727759
1528089766
588400017
3580841649
42260121
3308912612
3924165653
1324833790
2514036853
959969776
1113954830
1069192719
2652065096
396684703
748571971
1956445501
358366401
2248447863
1971389025
3470939650
4160288018
3157238159
2970251596
3731605089
3326452910
240065327
3472046777
1072869065
3142287795
3461805251
1291173159
341049049
221343220
2349387241
518754243
4219210265
3096752160
4120819568
3960306067
2590458009
3372781595
2332734335
2790334382
1292961028
177995757
1247920522
1856053073
1903080744
2902897991
769983380
2341102258
1624397058
3257766857
4266028648
2679066098
3079807973
3393148690
3397688247
4102930295
3981902401
266916024
3416094004
2975621893
146850230
4256236497
896488655
1479292585
322551819
857578805
3779652165
1213206243
1366542172
4015831435
3402562729
4040399505
1392483042
1062735807
3044894643
98450045
4291561376
1861569184
1010888094
3045713815
1349224001
4226395342
1051000519
1675559700
1891061337
479418225
3382997815
3512006662
111895135
4016397584
4275763139
1137352560
1038677725
3890735912
3684621958
963914211
3399488450
888145665
474846127
598433345
1870613236
210520185
4167805688
1175810219
3012107165
1938592944
205610735
2976891890
3382881587
2557362377
3099751044
2085224460
3297112747
843115641
1310999335
4233255664
2256895141
1778074753
3715187492
756445350
3145236111
466145913
1555325655
1282410060
3868286438
2312913004
3160640455
415707500
3311049346
4081699684
1337714445
3170968990
1422460562
1090224851
817659736
3791797212
3182855065
3903975233
240351836
1570506409
3414473997
3872318208
61890331
4092376415
1709943928
2941108986
1066810002
1127095530
3622343735
671323149
1942489838
3272021810
3523331422
3643355582
4242720633
3539375406
1082939989
3803868279
1444359655
2314911337
1433820069
1456579643
1659451850
3864276254
2538107248
1767552086
2436230235
2430814321
2853546664
4135787125
1528376950
1280280083
4193442745
2767091212
1842438947
3781920223
3447331279
297990326
3624918905
1159475623
40266882
2081329573
2220067972
3424907131
3750292706
3070863462
4244429761
3209900875
3035647524
2167617340
1709710572
4230102221
3920762442
867021580
1309575021
1420195499
1151696177
3742505900
2087772285
845938852
1872806519
3057431600
4185803297
2487236740
324820822
1194548535
1142669827
3646817933
1995883847
2025785611
2371673860
841282438
3988215695
1377703937
393522930
2307758894
1227947415