4083905916
408869731
3839638894
3465506512
3600577566
2078679358
223821224
1145528710
1991875870
1493911892
1257890702
3047566504
278774579
2523799845
818370831
980906185
3412886786
2429994524
1287497658
3651837156
1944867064
3587479135
2394426930
1272075072
3761439174
972594628
4123601098
2417394064
3179466526
264202347
665697000
3487735610
3207126601
1626475762
44553877
2481731672
690991089
1137509847
4028587418
1108969581
1086561078
1292886301
3200697688
1640327092
1299821170
852743983
2785835051
3717992361
2058524416
3166272915
4089515058
701285840
2006753426
2972098718
2343809211
1291489625
3807081792
576560013
2828932781
1579233735
1566243179
3212341222
1213261264
3597487410
2323810211
935913
1246683014
2468269813
2370152221
36119027
4075121411
3199658081
2920001094
3843797279
251970647
3851855995
2088745980
2580066707
1087000825
1595988234