3334739891
1035467207
814616917
3105820727
3185481314
1514317144
576633708
1156809034
3050204943
3755283215
814256172
3431905386
4010694947
1923365071
1365615578
747149390
844139459
3365890132
3624195499
3391707875
1676682425
339634518
1282516550
730842645
2839737581
1442963577
2422859966
2260675200
2132288315
2401526209
2596823239
1145714615
1897851008
3109009634
3360198698
651369334
302572234
459595527
2526974797
3378126833
1159173392
2887787462
2002195481
3956967139
4180889845
2251909275
3890798191
529504592
1945660244
689629113
956311707
887842651
1301774749
942304885
654200750
1819296263
4230693891
2202907445
255009387
3395307322
3844655972
2380595659
2877661790
2461799997
805408378
1503161092
1361135311
1960333439
2623459202
363289907
3319831917
1642689278
4161673136
393488361
3611408363
3411125395
1185750105
1108013087
566310710
1036247035
3073769607
313915701
1931413836
1568602711
232502860
1214518256
4129393545
1356390909
874520506
3654814012
2178823071
3116208497
3364319761
2793020144
1374050213
398766947
1482019588
1585752887
23894001
1127468141
