2583633673
895879548
2984378686
2924865991
2846415458
1705824557
4223706307
974840809
3754651056
3350957124
740180182
313877463
476085260
3852614824
1330838730
387414483
146912065
1191464548
3308837572
414976546
1726419662
216191577
1513540396
742226116
3382575103
2834494038
2189060468
1316137491
1328723992
1064341583
3210209543
3165603831
3857539717
3621240918
1459972212
1936757624
2123966075
2834525604
1175726627
1414340905
2377226350
4103256971
282757371
1586389318
3777069632
163657113
707237242
2084201287
1428387508
3754203685
3964026376
2824094021
460783837
2466129104
2068263790
3293980014
900960616
1745898366
4261788730
1983917496
745830113
1249565415
597706540
700091401
1254984378
1270346552
3573915389
202522156
3261672040
2041098277
2470123107
395270238
3970075342
1515908915
859203881
4196206208
4004783176
4073920397
2242317153
2928215661
1360790489
4197892002
3692203437
2732796532
2914270891
3538648769
2924707546
544727389
4250424203
2753956032
1462313111
2832505800
406728928
4164332410
20238337
2485447950
2040011744
