2703721566
1739124894
3712828212
830881639
54653910
3083961938
760824114
4139763521
2621229038
956927645
950543919
3131361813
119407231
3989360593
2318855045
1926442276
1123640327
1334095075
1142849733
2732159937
2950184949
1097783306
2873890032
1394209192
3644673481
1084714909
2941783379
755499041
4197270397
1906193982
2189810834
531050224
3217277449
3210120136
1425477552
2972878420
2563065427
669860470
3264476921
3591114902
2310550117
1752843509
3857646863
2920334588
2864873049
3491844810
320601807
3501233732
263583424
2600063312
1947941274
