44913201
3763556995
1194569938
1076293748
1011801113
3766696240
402762640
3462029329
694391274
2250306960
332654034
2805601006
3072838419
4269733435
3255459286
669250300
1928066835
1415507449
1619247390
644304437
2741435993
395921636
2415832666
2274441826
3104567568
2145769274
3746162311
186116165
1402350839
3794831249
3015764021
2718032965
3689194092
2351927968
3776890352
210929158
1944898186
9729554
69119891
2488503253
3674351381
2564358296
1288834181
1302191143
3940983221
1684971368
2450477965
98102267
1872605701
1543412157
1038299954
84274990
3088167752
2521817376
4136614904
1038072565
3067843397
1510982766
1158499835
1213073450
1393045413
540199764
43107449
326446513
3196010793
3110428872
1129873650
527902759
3726164842
1026979119
2368901263
613280324
2936939855
2767601590
4293473180
795967408
4001280182
3956731226
1354355555
3521280732
4227715202
837643832
1130207499
2441684878
3359992447
3021286968
417379313
1777942498
1191504907
455502291
1391931513
2831771671
2373141963
3442945452
2484788479
2571043573
94384310
1821775525
722486516
2753053511
2502376106
3151660942
4174499998
1422568682
4113142144
1219601702
541315647
2959363160
2665872606
1739647289
191819911
2584835165
1183242265
1444213407
1774456389
310622368
3566398408
2200290535
2701555508
2906566554
1495426555
3400979008
2795681185
1219825011
2447144178
157704629
3790558563
38035849
3708375606
373781079
2749575902
2310252263
706434961
3619108377