4293018719
1960550168
3561973928
622282923
446376547
1112998161
3231869662
2920154781
3845846916
1909629590
525608121
483838136
1290122158
2498174788
1333737611
349160989
1044101841
723603398
1419959104
2909748408
3364661999
3642445268
1276909856
1009966924
1776812082
3823764139
2902988438
1547296574
4063530311
198630339
3857106972
4107195387
1119887677
503119193
3885479533
2782675879
2281707269
3389636748
2712644376
1242938843
1212173402
619810251
4034427929
3985814013
156487756
589666933
1585479358
3381478350
122255847
2739631087
3915072490
2157550798
2098855279
181047547
2959818381
2994708235
674633033
2697634720
4280417460
3728237155
2704207317
1750527108
4110070177
2323187618
3209255464
96756398
1163188003
3706764963
1685235998
1323388313
2217743672
1821474492
2182517317
2002898669
2443863280
1230306260
3762607213
4147587277
703429072
1797108091
2014193647
561695076
3199696785
3833205140
482892516
2187103735
1365208898
315806388
4274885886
88947819
2970721
3747059323
2727455363
1257103615
2254777888
1028225994
1726222286
2802827949
1902136039
3103143687
755254989
4044287500
3273619020
1657503848
643174880
2600828018
3025636959
1805548187
3896181932
1044914468
604019444
3554985474
2908773665
2431989002
1817164314
1637210664
2063010345
2815603680
2072529627
591267095
1697078162
1348943910
3517517950
3269591598
2998790477
3836219641
831531241
2940718621
1401959306
595613763
3059495450
929971963
3545188912
2830627644
1830198428
3794040481
789103450
3375577856
3185874240
657888565
1823343425
521368632
4191969601
4109094653
1598134168
1917749692
1228633243
1123654020
2907708940
558916098
2686558447
3418778448
4238752370
2804424671
970000507
2454601011
3525071672
3446144847
4045556282
3239007359
3770333030
1801882886
2006670191
1075753607
1394103582
2790749950
3879640823
2413908173
2312021799
2660422539
1856706797
2644888832
2347156328
1657630787
1079219839
2196958192
3994116800
33539391
1926065883
579218442
2660467930
2863055251
2671890928
1672852295
3557814727
1502580474
379077328
3466138183
1957616857
4017718645
1961187753
3404413207
1455679466
2012647368
3091362900
1108664986
869007547
3201217254
823310662
2056062184
3075144643
2892387148
2083232020
4163955382
3693076037
3850984208
560509652
186249725
1581711128
297833118
802877189
1144814951
1181783890
3602314060
419284857
1103056695
281206533
3094783951
1915750187
1550886372
3798661336
949019625
4108202542
2900007331
75436116
1867643460
1491434423
3016522709
395521148
872183943
3322908922
1055583111
1810118304
325027122
2419688803
3891435562
626946336
1967063142
3592658314
2990369471
444265077
158977270
3952493684
1759081132
727379500
3502024028
2948625018
2684728586
3045709586
1186166965
3983993862
551487691
2668997144
2469115514
733642112
1838768227
2629523211
1478285334
1291898416
2751099392
236636292
42756648
2187490683
3554661302
973903108
2533133730
3017650659
3480378137
4091563690
480515487
313361462
2843904663
2412673188
383383771
101710336
496584930
2967543324
4024895592
4120395898
2497824492
682656544
3824398545
4122651233
2680381499
1745452678
2683085899
1873608679
1682489830
4248646841
3034345982
1835854433
3127688833
2815947955
608572359
236245183
3697707652
506447591
718273192
2652138842
2327093870
3138477733
3222168253
3161933443
839834878
1462377633
2994588833
3402224679
2768589054
1313952406
3997524455
2488888367
4064948611
1489081252
1335712573
2922555612
82717605
182922310
688615315
939859603
2146725303
3305763712
2621508739
3732591431
1043394500
2250727275
2781153706
479206113
2445075756
316351309
3701657110
771156414
3499956329
2444639576
2014907815
760254714
1539555554
1571711871
1928368905
1732425505
643058191
3794079988
1111532938
4241205099
3664008388
3752872459
33982182
3605074242
1988720175
20884869
3817338500
2315235728
3271107800
1299768675
4089317582
1188490097
4268815329
3647196131
2804927402