677240268
3334386062
2371431259
1801498173
444678116
984255716
3160190326
2078463883
3125679006
2674688129
1185520508
1820576020
3105400137
3289929269
1850569621
3981139326
3002201209
3221404462
817555306
3353241940
4235824473
1665772791
1391467117
323862334
2471590106
1451553603
1752587070
2435432886
411072170
1212290443
3235308712
3114092671
4089077103
3942995843
745708852
400549258
3242767419
2146632216
3756887460
127513115
861684852
27054106
610569931
930680291
3616156966
1783590597
1366501247
719052448
1151984488
2072333722
1387120597
1741884953
329337605
1759802876
106983189
