3889258844
306107768
1587430181
2468080623
3138366221
15836445
354844503
1225325020
2735920510
3059094715
1899334381
2898080059
4241840660
2442024830
4139211521
2914551430
1602518360
2421917641
3599777713
979000470
2038465661
2749641613
2557992444
870467342
4176347632
3219344692
3025385252
1916022377
2889863652
331180416
4031058658
3648524020
3924558101
4130875330
1041526348
2033133345
4135654853
2802079912
56741463
1739875731
3318886379
3171570506
679703595
2625760115
2539770741
1158731339
1050839327
1775486125
1571866498
2254742911
2155296053
1211166917
3588020066
610550581
2385430959
1670882252
690533854
2474829771
3544974669
1080011523
4213219770
56392802
4062452968
4277795606
285224155
3162834838
15972016
713795314
3868951047
3589660773
2160221627
19000616
832445243
4149323526
387474400
4235245834
1584940483
198823597
886184502
2785461126
3415641019
3181819617
2622971834
2392298749
267585938
2959371471
2406935881
3229463587
785813175
343164070
1443990442
4262845313
3014779219
2868661796
2851532218
190281545
16705494
2970285717
357548614
2498887078
3037038638
867057362
2829948633
173777311
1568888721
1430271441
1665817802
2172098985
4253384759
4147996920
1574031388
280675510
2050595032
3930631981
1489761982
1711970395
2628304752
768743252
4055472452
1080727071
1906603037
2156746088