4151626007
2285539904
2264034885
3015390746
1206404469
3430392831
1302229533
38277308
727046970
1706861553
3503688106
1696988580
3681045317
873999951
3016128410
1683663253
4233857544
3710721787
2960614928
2757002021
3883526254
3919137308
3346136878
1816359769
2770819245
1516174756
384410461
2364170846
2968073791
1584854332
1864704413
894455445
4025353430
1705922264
2682944096
1430976521
2592794139
953679645
22054308
245802943
3154118419
1451799343
1942991850
3593056349
3729618638
3515762519
765205756
1671731592
1147296776
3003815763
1701223827
821525832
2855233046
3235734681
1827352057
3984282750
2542768456
699996399
1891396777
2749610243
877957104
3268560224
2192780920
2801747104
4130963087
1842986094
2153441826
146061818
3131679897
4195901642
3245646941
701799475
3054519543
706351494
2872493335
1878251445
1504437341
877701378
856109360
715844122
334931777
3847730961
2874543260
720204921
3608937503
404155134
1501365771
1030718549
1597439053
58168011
1802724316
1587634752
2501132139
1282576870
3748426366
2095362079
2043363018
2278202667
4042354689
2332286422
2751476109
843765560
2888581303
2889105096
4075095209
615342948
3498218542
3237888635
3760355379
2749278331
877172325
2843257318
2882566193
3623434110
3316341280
97168971
1409552612
3608495781
3175515990
1788841405
2306388337
1337939541
974082831
30009394
2329399328
3750502267
1130456660
3254629377
1964204460
3363710564
3368980722
1667051630
42433191
1227835562
2841275100
8880442
138885170
3279847929
82371731
3774920113
4183526745
4080059070
727987980
2193634745
3044953964
1987981355
959682864
3227018210
2579091717
3888921381
2679511654
3118107611
3136784395
3993961575
3722890665
2271959985
1815748988
3094487678
3016642419
1369401507
3803556415
3159581178
4022026947
3227911639
2214923352
984787251
3512817101
1881189271
366367782
1376627310
2154139726
4112145894
2478143735
2567177687
3732253246
1545359759
605299946
3061169624
1016138129
503972193
511562115
213845707
3949270164
2733262095
3130487114
3813657234
2033053413
3850584660
2648017428
2447018721
3182371882
1650057050
1038663580
4013482932
1927349863
1263709876
1391080775
1955902749
1605930883
877871489
1572877852
1616757019
3480331464
2082677565
1547019404
265048351
1143023926
3846607402
891165095
184793210
2931732231
2095624996
3504002997
64041851
2500038471
1017107308
3944744546
2877130172
993875228
2641514911
112359963
2969553780
4016067308
3649312262
1746668316
2006742953
931003386
562001086
1937678702
2814285238
3148827265
2400592200
165744115
1332543495
1454733802
234040077
1987000923
2736251513
3105263538
3623816927
3721388475
1253346003
3006330531
4215977505
151336957
3228637798
74636456
3066804755
1139645625
1994302398
3865731488
1378215761
1725608908
1548963569
1491899410
1317651968
866831905
3151592176
958496767
1011778914
3057074231
482301546
441541915
645615857
369399816
2273998482
941115256
3673197823
25662227
257798668
3160271621
3863551170
3604561117
2691068608
2841845327
2719244713
2394388747
1826610561
927500083
1580310438
1024256547
1023684727
3819692164
519298562
691550289
2809855402
5588829
2130448931
4172084768
31721726
3043701457
2991576503
1782728476
3663595494
143669625
3922531366
3896896893
2978867131
934596434
2625298401
3007118537
4186884390
3920394811
2080885778
2125067349
678440815
2267901380
2591652961
572159028
2707203002
769458980
2047448616
1691679402
1990937450
3965295138
1896075685
2599175566
942502324
3650500549
802920523
2929969332
3726184392
1506284907
2623139105
64430001
1276013743
3250255503
105090932
3410962852
1654111572
3216542246
1130462726
1624135463
1772136479
2922969622
2194260959
160305360
2684599486
2728858536
1224216523
1099124542
2625686565
1991382408
2297267342
6896216
1830928960
3139972354
4026711054
731082065
2425797767
2322650185
2519565434
3236729423
2390199868
2793781314
1263470576
3935450031
4230555057
4046582905
888080976
1550342642
867983259
4162147854
3336270658
3684512978
3803268811
1851497840
19198929
2206619764
2573519124
628604941
2719525489
842869116
1589662083
2682689365
2331969175
2797859060
3446822467
2246644766
2750365390
2248406626
1921848850
2810889732
3639509390
1316824947
2161120201
593013112
1521424255
2786524216
1538571125
167417151
3407936453
3925958583
3795579915
4185226714
3468233213
3535871298
262814648
2561077770
1341132281
3041586039
432110974
210157890
1609268367
862477680
503004722
1731870743
609659213
1162575202
2900312531
1218042429
696527168
3907953199
3226898142
1656211933
2723785245
506064233
2917675720
1554183729
861166478
2147140095
754933435
3359972140
3627832118
858921761
943349018
2804121179
70582200
1877916009
104992973
1245647913
3061158143
2349959092
3038073563
358099281
1844081638
200053936
1618944873
2135524945
1408120402
1114771673
3099620855
2820184355
642665867
795223260
2170674973
137622359
239874147
3693458033
3242799410
3881412881
3961222098
801996413
3049909986
4057080112
1537602482
380816972
4120947941
724302521
3913551499
1141046424
2002580182
243509222
4184303263
3286337519
3954837793
472321638
940153990
4063151553
299765121
827246933
1089158831
2009261952
702750521
1694134999
2794574021
3663679712
1848220895
2495866895
4153502829
2456788349
2281347540
1679546563
3993815134
2578037304
1215528659
1764946911
1430310919
3802269511
1914853113
827513501
2375731996
691579187
2835229021
4254386675
3705247941
1099127438
3548787029
2158045949
343304199
1907090343
1169682396
1110822603
1821430341
2999149462
3378120295
1241560765
3001678286
367333685
839615066
218777973
499823444
3296199356
1014259628
2996149412
4157313831
3551673690
1069288629
2554073060
615872280
1916886028
3744933723
2680349319
1034070965
3550039400
1704508656
1367520152
3358660618
2009312022
1209305104
3364169819
1661506318
3261076934
934680996
463865076
1915395143
187458758
3755568020
2622026865
2691577952
1755273783
3077253988
3484408109
3075084690
758705073
2629034596
1054487386
2656619747
2851010186
1405517795
4096901144
907211117
616793688
372534349
683656170
3123813675
1977172460
2977498026
3777437627
2070319049
2524197564
323735626
2278367031
963830119
2250514920
1982790063
3783026290
2990593674
3924716139
1144551600
2277253744
3371015910
1669469758
2154617601
808050459
3317558560
3161384417
3359515166
4238736201
206242433
3559884042
3284875990
3813944597
2049428144
815601385
1810877406
3984014094
857397904
374661998
3921410360
3111788483
1139962106
3199376225
1082768960
3385348570
730801223
269957583
380962615
3691304022
1223413514
1917909631
2214739171
2978008156
3370475795
335820192
1289221443
501565275
4097889449
2361908318
2902796091
1444774765
781870739
842559659
744793119
1603137166
3638893083
4207431131
951911076
692477382
3948027731
1127476477
2446969787
3300199298
3267042230
1545962632
3256411117
1107735188
3200203391
983719136
710211161
1401549154
233985883
2584356459
3738671342
503666069
1004778303
1752311487
1418305839
734479812
466667971
287369002
1103841515
3420216109
732012796
2823406830
1811412016
791660233
3784791101
394653096
180031636
1998025750
428249234
191658521
2761476683
3735821262
556007270
3327456722
3217456786
257707684
2473694426
4209185466
2574385921
4152625597
976012623
2060719580
3901660903
839597207
434711992
2885854395
1448272475
90487465
31802912
1108432340
2110795198
636957811
2727389656
870877144
1473137846
3525527211
2150581242
3198338310
2613950155
3239132037
1851647608
3340054899
1074305591
265093637
1565126251
2318678863
996449174
4007836063
2595748860
3397234354
983102570
3828190950
2325039678
1691781497
3970289405
319145836
1818058673
1804613878
1854884637
1336939661
3208041273
1968326037
2412538754
917661088
3323952939
4195586464
3386551430
1347877826
324386484
631518685
3772912846