1399399732
2091306393
2596178221
3166271707
3377452366
1987717115
3437427580
3189441049
3641968996
4073239448
3431154582
2200596662
1663271300
3741963426
995608336
1179767633
23996683
3479123405
2578907838
3246363325
619791782
1448371651
625626493
2821847683
1574709803
2413744408
4251439188
708191570
3316165230
1397936871
3779005846
1474973500
3927430013
1176752387
285470021
132978465
2914078096
285292826
3924740186
3705766493
2827439384
3459937194
1308138146
1017975707
1396664841
4052618236
3387889955
1183306064
510387767
534068055
4060324724
3287309787
1346537457
3546731810
4106271917
3144536196
4154844842
2226732207
311839087
443596421
4171874629
1622655537
2649525207
2813176772
4034662997
586996587
2043438014
1194221664
3251839647
1219279510
1332983469
252394443
2230485850
676254189
3100351232
3077246950
795000216
2150738730
3300076641
2730437979
2455632542
3226803568
735715070
2803551262
1428482860
1946573949
1112762111
1758768264
2871863571
2448010115
4032251996
1521650598
1274854491
3906307213
3516814386
1368839041
159319157
1802291548
3467681088
1092560782
575647620
176734685
3564412192
1481656689
1307220953
3365405068
2857223234
1826024866
730485868
1215078275
3290172740
3596018434
1100250380
1239643704
763858833
2769284568
3141190054
1446150078
3736624156
3907455860
1569784827
3324163511
3330514415
505098163
2376008220
789263150
549541447
4218564909
3689445049
1533499044
3121322289
4172907232
46739155
4128981954
1113410111
1852880237
99250602
3557735070
2431458985
1165000645
3262759577
29493183
1247327546
3795550105
4269554617
2529433596
3087954496
2895756149
1219480942
1441554451
2752249388
1808094020
798540991
3770654996
1035755011
833419119
2901512369
661018956
251752682
3484471278
3301470390
514671206
519750008
4155769066
571186181
4215396175
1022543804
1435997402
3979570124
2257896503
3090701658
1578399835
3207556961
1288258024
3633105784
3129191507
3894767496
284172051
1601391760
1453408464
1721012549
2834251798
3110792334
1015625813
2572658211
3176324205
2255174042
3305701837
3830719871
3014547527
777560312
248506643
487210507
3619133459
698299447
3749142312
2666612199
2348387459
975350362
3130950573
417476775
1374513881
1892004619
3443723130
1300403933
2598085949
4006397652
685376773
3087690790
1035592949
601765985
170284724
3169895232
4079902176
772454732
835525655
1419551004
3043664015
4094922105
1242361059
1120106198
4287457479
2027040068
595994185
2277615628
3564413943
3657931810
2310908294
1137153851
1145326198
3260540999
284820622
1680585492
509065421
3487317560
3976293605
2935379664
286673333
2960936668
3262014513
3746642110
730985099