486306790
604504206
1580569473
2950836185
2518374176
2252048025
341156131
3832020335
1618886705
1036183364
1093455063
2183008597
2509895624
2662891612
2759865916
3105887171
1344620273
1032034036
118982737
3134276978
1709548266
3370432440
3340497423
140400120
505442937
1808231258
2534296223
2446106641
2141512982
1868522178
1788487533
4168129373
1107767592
375684106
1092321308
4122745471
655398933
1672409022
2525264520
734671664
220311709
1117370324
2628130094
1563177342
2308539345
2479405787
640757913
3252123900
915034803
2486957660
991800643
2545942719
3744654224
2956959227
386910362
2200770747
695263376
2865125028
2488141959
2868338618
1425645192
1655812931
2992432077
3828860261
3420965896
2450098942
3607031005
3859784448
2872695384
1061112905
1422962680
3505172006
433466871
1575688958
1970103585
1239420409
562194676
2353909382
80965546
2491363589
2391396578
2103167164
202980580
3408138614
3482421196
3478205966
2619075401
1840932274
2589009526
4289901667
184423069
1794299776
4241440719
1112429697
2936877785
3625420347
2661600961
647471373
2237063333
244567682
1387168919
2525809422
2036045809
1584231989
3102171600
2952335634
3214161824
1587678562
1340283778
