3428850636
1380775385
3141983372
1130405731
2365415673
466949123
11443351
634956609
322485572
1097807323
3439430473
3112711278
2599648639
2020459390
3311095910
2130603358
2035679708
3290909313
195357255
2870451217
3418236781
3825127346
3446904779
4243972599
4066684267
2162415960
1481384189
1266741903
1730440692
3627326726
1272116220
1364412363
1996628918
2158268570
2073369844
883835059
1638988561
4213692083
2651525346
4050838526
661734067
742481508
1072884438
3917351851
3395015884
2491869500
3839419284
1646924185
618461895
2534093976
51490097
743301361
1357083006
2748276012
1657281535
4019088787
1520222079
3385160525
288754990
3048888619
1756178276
99742500
3518259747
1685560331
3517623129
1492792875
3996610045
1221745679
3311102302
429184871
793521688
33274212
1948796076
355763894
767594696
4035192932
4164328450
3115574553
4000330817
240264067
2220651992
539426378
1042719013
3601123342
1713668868
1636193061
