799208023
1517290777
3552084467
3376758055
1060202885
2075733468
3227246484
2788673479
1151571572
1898916165
2067404093
226920864
2199154590
3850717492
2438746274
4063040173
1813611154
948778653
2453025250
1507925003
599724939
4034002839
221842816
1929012900
3010196366
1322198948
3000696723
2740805499
875752991
1251030036
2379991976
1953749729
1972903771
1975045632
3493212939
2208794285
3057459259
1370841321
693817670
1271053287
3789466007
1351396307
2711874675
315842581
937479298
1969549780
663611929
2276861704
428900495
2723899233
3267884251
1255383109
1391525865
3762216826
4158839083
1386164621
2805790878
1266317140
1415088799
2375118482
312057125
1816333185
940223583
3552734708
1732269367
1677111532
2168374263
1476748360
3108472677
1210929284
1668888112
1477625913
3577753448
2148495030
2854937999
1512590386
1602824907
3931438975
16280231
518416652
1049197356
1883172964
3620186418
2805696130
4250866754
3513331896
3673677647
