3645953182
3219413045
1160561277
3892589501
80065014
361366749
2203179847
1358865099
367266840
4073531181
1314218139
3508336627
1407898919
2883958313
3907792136
1455716957
2998569962
1646871681
4173911820
1562768604
1471733930
3015185167
1953223062
2551958795
3663291525
2990974435
1658170806
2999665726
3771733264
3755178083
4254672361
3460245701
1287573291
4122816938
3494736268
1296538824
2958360271
20823806
356872122
2319250540
4105092505
1917640179
721874522
3051646769
2341074947
333495247
2961476309
391034545
790345668
2347359545
658994973
1276924008
1005184442
952356967
325777725
3379188649
1144077477
3832910725
653748901
3823122754
2342216538
2775198752
997997350
1036171274
1026020327
1483409263
4273716672
3925099212
365841320
3500787251
3201494933
1461194600
179638656
2061254161
3773229219
1523263536
689179614
1112570335
2741390661
2867707196
169236917
3270113759
2038514604
2072263078
3363276770
3539448111
1826084197
1264195295
784847394
1130525945
1507398665
2594942913
2258461170
20561554
2795639186
1897967606
2236806079
2768928878
1573329413
853306052
2904490616
2501642915
1936682603
3245888286
124320770
109950431
1023217268
3763516900
1322394671
883341956
2282727480
1686315013
1871695234
3671420344
