4002533216
2054048287
3944938077
1307501268
964282017
3707919888
3100399727
256834659
1579121740
2524101299
850207812
2430628340
2988064801
3233636869
2467662847
2068422788
1271042301
1243163441
3306177291
2895115064
154624389
2511328958
2933541539
4152199751
2732498062
1330730608
1344514373
539470879
2029746669
1674017761
1505286006
2372416348
1014351331
3065424054
2208420841
3824310404
2371372794
2403095111
2458436768
1796739421
1607699257
1325507613
1106863613
3765762959
1981587972
2010294930
2625454876
1109082543
1117888539
382311899
525584882
1688165278
2017487282
