3605157391
3387489571
2248688748
2492864884
1138408332
2898515013
3839839368
967291198
2824618643
4285857453
1410160120
2262527249
1037378622
709624692
1041321736
748360434
3846669058
140397064
1156985600
2158788531
2656396272
1307835438
3930850731
3749527232
2812482685
2776750112
2499516108
2887933724
2637271489
2001254652
7899532
4127967437
1917488000
2937593809
32774295
1832393091
426025569
431121428
3793964312
3400545774
3227968790
343509037
4122518911
3135528610
3890354173
2194800650
2366742862
2479359736
4225443947
2628028632
3520189063
4216370283
1514835396
1524711665
3113268425
1559608995
402232228
827674510
846978829
1122620704
2994607461
1161817297
2651566122
477022992
237427152
1751983932
2044812682
3694353922
2877129306
3506502807
4219735031
1723705108
181367309
3631151205
1523175857
998660984
4214024724
238042375
4221180234
2736827522
1260087016
1047805975
790785317
3754971224
1094988460
1173588998
3270299411
1835739337
3088506131
178614758
209335274
1035420155
1100978359
5297547
2672506095
4046000011
1296682706
3377492181
3823056936
1012951189
2463474543