964582878
58013143
2449708583
2319621698
1009134506
3669079055
913029766
282879045
1417327475
2058282125
630250404
428478024
952647736
2163058476
2367671751
1102518181
2802561164
3298109665
732581670
527431339
3701276443
3390522578
3615034640
2492220120
3275994084
1422719437
1766145987
4278238353
3908927584
791539308
2432444508
306907883
19811780
2478591643
1838950857
74637708
2498412415
2472200424
2813798614
2041477863
1876772636
3392222433
2352835420
151998393
1295604466
625976143
638391447
2270249824
1684198737
2595470744
4220354390
3922460421
1125642977
3096872691
1168525056
762300999
377423891
4084387337
156221755
2443529240
2680859944
3164076284
2539204973
1833131175
428127529
2472816101
1223287615
4232159996
3328966399
4052917235
229891429
1139867139
740900771
900516058
570656572
291009068
848506123
4129324498
66881156
831650777
2788005028
3364722338
1640969771
1147438348
1588905910
2373838853
817144945
170396565
866425737
2007774438
1489791683
1872217054
3861557542
48189448
4011514382
1017958806
4222118620
1966253559
1120766015
1835592204
1668669721
1157987671
2349183193
988721968
1273974021
624517161
1581814957
3376744836
922634782
1424733125
610837374
2289808483
777352858
3258400493
318579320
388606384
4155325469
3145239998
4066806187
3233495962
1636284891
682802598
1618157591
3165404434
2812488450
2151135003
4224717802
3866087704
391891747
241158248
2552312507
2449983487
1086740982
348735970
4258478039
837161058
4174915848
703086961
3621699281
3984797743
3822904839
450475485
3653338475
2640631362
1803868065
2410086384
560761161
1652089648
298277156
2354912857
2699411334
2735298929
2363088687
3744805068
2717559293
2332908701
4221113951
1221558296
1565440516
1188657355
1472555116
906105043
448218210
3648315496
528467066
3705220171
349879647
3318023231
2037425031
1218321214
358710402
3122282797
3859982924
2120369124
1383376368
3209100261
3288174935
201118245
625472023
2902366505
2284297353
3193627515
2688140961
1321486597
2299471665
2718967961
2839161929
4222350244
3913835990
3219082298
2527193298
439266899
773602316
2798885937
3324391669
1389470383
2180234846
2897450045
2360237715
347168546
2078392291
2646151683
1651326527
2978750648
4173461802
2575536916
640865982
928680307
4276321745
4000092887
1637165141
3396011381
642038962
3912427470
3676822678
2014789
3246201925
1984934321
3675273522