872136928
2674835368
1718296932
2781474946
2708886165
3271330501
2613158169
1947477495
1361967394
4038628342
3892845848
2271625307
253137095
3118157105
2621301406
2023043638
3914559327
364655927
1327413983
2395105351
3040947546
2064564347
1154666132
2995962256
916865943
4014460442
4023915684
338940096
1284362621
2611909928
3723355534
1128034201
4273547982
2269778265
3339403817
1730367062
2561251064
3344673086
2531089390
1510604507
2533137966
1116426574
1885509554
2925007599
3803845834
3688827530
1260488086
2099346441
1949301445
4042266523
4046272174
1580470074
1957819690
2750554013
908407257
2179121351
2576742993
434970474
255105769
705771752
335933999
4221183481
1291560130
3003443684
3442139733
329182344
2175973432
2351873655
2276927668
1531765132
1507040325
147341777
2450626904
3903968977
978908798
1805550783
3824630618
328467920
2433736968
1828276180
1179455868
3166905181
3422518799
3871476913
2659113792
3417266729
2912650226
2547541394
586657690
2068185732
1630551796
203121791
3520502140
3367392159
1065787116
3075566600
962281641
1547552515
2797874287
2996585202
1503273448
1582150885
2458710977
2575094049
2348460347
55101195
1907267785
432444744
3744053915
1850696870
100668143
3265497978
3727912545
1076055604
478414356
1721863159
954752584
3578967553
453562346
641849583