1436256876
3430042688
631597823
1595312495
796800651
2672869388
1460542977
2027587192
2967814665
2892523425
492479252
3334580906
41592303
2199078941
1363815372
1127932003
2071475090
1700062095
2082335117
700753339
3226053656
585831556
2707542070
344222501
3063649308
287609719
433913139
3674708383
1572977053
4062797280
3266635005
1438159730
604040710
3073173908
2083732792
1346360720
531383703
2873229884
1415571883
1894976039
2115393572
868410275
1730576542
2202614304
1705358783
170459179
3629248676
1252605641
1713330737
3528068174
4219162607
3686335440
703665977
3841033324
2817609255
3846371566
3621104641
564278056
3905429070
457498148
2759709743
2822565618
3257363981
1323349548
4199303330
1630314969
1253202003
3085927086
336924703
