3990505476
841358390
1859040036
3847605142
3228709155
2295083095
1951077571
777622855
4269657884
2741825184
129530820
90371464
1231470692
2200585808
153471084
910112439
4111675293
844161256
197000130
2646427647
3844004138
1473372152
3105057961
133024831
2620861790
997787841
2426010216
2016333431
2336553173
1761638175
1077159110
2598523563
533299439
1808843405
2084295994
864246310
2719407097
1707700916
527156722
2053661147
3923305731
3433165561
4011267099
1291785683
1996603162
2557916220
958827188
1695433193
210130460
620125360
3878656480
2105474971
802598333
643049560
4289405005
3514352748
3245423782
1456570741
2530064539
3670676081
1425982304
704705431
2995302632
430687845
3004120769
3700003368
1729711775
3065129172
818403125
1178084641
357301151
909549564
2242585472
3536132719
3212187092
882628531
1861091424
737631909
1500150864
1039255020
852408460
3152511073
3881539397
1417390691
