2870591643
4199501066
280734815
993508411
2878956538
3552326930
2192309033
2730051081
518081489
610774157
1628320501
3558387083
792663081
3136596656
321800737
393561010
1525827756
5834259
743948696
4173920755
3619649979
1348701710
1422790243
1595184427
1699491025
1487468957
3977845148
2419983350
3424457834
1271794524
3607445290
2970431554
2354018237
2002924653
1015585959
2007214047
690557792
3543564106
2501623094
4216445359
1258818241
2924160426
3370181673
3557276351
3822455841
3177505325
1086873194
2455925460
2026589503
3843553024
1736302748
2530113575
1269117532
470658000
2888165290
2335406533
247940281
655915637
3710773394
467067645
2608186683
3812846070
2958017271
1809708941
277895407
48102489
184466886
265882178
762336646
3371149857
833986716
1278018422
954620205
1088378354
3376159702
1328772825
3778693824
230629679
989073051
1457695449
1933528028
3697654575
1729932671
742310773
2713113104
3643265272
2549696756
2883201692
