3988126566
3525777855
1462084075
2023197629
2122224593
153866120
3593209107
748017982
2927626172
1755974390
2428486052
1842874360
2944360015
3586049693
3685879346
551553451
1326778759
1517406932
1073274441
4006948460
4170636932
3772287868
389204935
2543212006
1248469650
4246738214
4194371860
663045508
3468048069
3934853310
2943171235
1442865505
3685953809
3868016665
1953914014
2530778291
274794883
909553147
3156972929
1471774358
1080909509
237617161
1643157433
2440041815
3143135261
3898817812
516185583
2118158808
3435168274
2761853867
1634946000
1598261594
3460629661
1486865813
3544879400
2161707165
2152016061
1985108906
1394311467
2464139998
181757952
2858711789
1650335137
2391243869
2171225139
819997631
4117394258
3974984294
2374324217
2445496783
3508232524
932716513
3435283094
3125728990
2716992760
3742928864
3157651338
3188885996
1401414962
108605564
3914300544
118669869
3300008714
1835914008
2982023018
662076413
2483596213
79270636
1554099454
504679994
1489255352
1443867716
1173497485
111407799
3879382058
4044108519
2838796614
3393239257
3561380751
3473933396
2110544362
1791239838
3551928875
3347798485
3979978821
3432554921
3932394808
450857730
2066311594
303953173
4066846640
2440990817
2737027185
478624960
3970829025
