2498990262
754212874
1501056858
3456974668
572295563
815368722
1588199570
975529539
3464944189
2732781130
2135956007
2868603411
2319921083
1408334929
3372636417
853232590
400789965
290297552
2194107247
482571414
3327356756
4116133066
929906122
3852027558
3380886446
4067148092
4038560309
1386514043
138657962
1691201059
2498306860
3232609938
3434762412
2393608352
699971457
3982064110
3058581523
1140986971
1203613423
1148695343
4170095311
3012868325
2921665060
749693218
531186294
1963732393
2445199102
1254964097
1503378496
138300320
3561947329
3786109123
172368728
3967631573
4054317683
1388875535
169164528
1942711847
1433426140
2830775138
1014470519
290774442
2189043585
2711930769
1732550419
3129448867
277126238
1908771328
3869161408
1722159836
1254932155
2427823905
1356099380
2022590735
3603243990
4000512591
3769512852
4290570568
2238358471
2810456435
3874601217
3865506059
3140020380
4199492706
3752612264
2714816501
1782625070
4258925755
2192224345
1541078433
3581353624
4235982954
1823537839
1505648550
32588173
3654283177
3730489602
2704851544
714307961
4054193795
4130112145
1259979469
3902868782
105564757
2340543580
2147068718
229909855
155438216
3680944124
2573576781
