1224154654
2778501566
2397693582
1267845172
252030888
2240840607
3523255996
390149964
1760822217
2908981624
2048680610
415261231
2346740545
3837782919
2865483641
3557004615
681898419
157782020
2927174579
2179559763
1312743032
3145867679
100795858
1294255513
4123248379
617819948
3726652814
2542438570
1010444148
1270101465
840306021
284769285
767944404
3642844500
2862618597
268853054
1741940210
3586311661
4271161752
3242374871
3070022532
3675286764
2838209651
243380730
2401785586
2435868646
3722108433
643747282
2482957313
424998876
1684574705
1289030179
274392561
3473389387
2125307855
2306170427
2699784741
434132488
1458390231
2212818776
4278455464
3713294200
2619242197
3623594974
2745698049
985357283
3837216054
3229777039
3359953233
1681897454
3113367271
1153263845
2816722068
4075875355
3145991811
587266573
273808034
952546967
2828299220
2565131059
377369105
2176757958
1448226751
2840011461
1568750617
3752207476