1369453558
1184770340
4006987940
234679644
4201482325
1185743334
1135943804
1831341102
145952891
3731961094
3631175762
1728911827
1484402722
1175087148
1068290381
2615668507
1681876279
1511053845
3284716111
544626631
1695806120
2794513884
1305825979
1007413950
1124389587
4112991102
3398131160
2356154112
3416677224
1319736214
1322203473
3085013106
1370531797
24862788
3749902414
302526517
945387455
545652584
1446843425
2050595327
3216492116
832829668
2610072720
3737753195
637038730
1669455966
1901879083
3066888080
4097232384
1717737176
2333606361
2714153186
2706540793
1276224505
1410005590
1179075513
4016886145
3550973958
140935627
3150742192
1555592394
1333630767
680018297
412049223
2051385864
1542027135
1522173529
3668691066
3583802995
3549757826
1164423126
245476862
987876134
2152757691
1907969010
3875857213
1472262918
2930863824
3830932150
2740661162
290225268
1163760361
2103491515
2575929593
3124671062
2309427844
489491630
792336307
1116113402
303257816
4117561275
738725182
3790745731
647809455
3859550108
1139870684
3109271314
2760324170
3266926036
3041821776
2672191495
215620836
2288045640
2446245880
3542342183
784034193
3305717287
1607333103
1477944719
3035262339
1843468449
4095789078
2407141838
4278469613
3407387478
1844963626
4070376951
2229464169
1668582999
1481487442
1476861237
1174372174
2305951596
1047230028
4006146993
893144365
3612650246
84798671
2624563379
3417429320
634121964
1611921127
1527963421
492515599
999821505
2251455093
2888698104
1799631474
2270546286
1964030360
4204293136
2550957130
4062251747
3658411920
3769993796
83301356
2261697295
2766404071
204460276
643069644
67797495
2230448637
4009392343
1203446432
2279161805
682439757
1674833026
3755909076
2574361506
4147138916
2900458928
1553414708
3420185563
2346155952
2160311940
1109414490
2491220005
576235954
2042201113
3522630900
3015825615
1916915895
3328038258
1232826633
550640213
912657491
823986926
3170568979
2789577833
187964987
2878897653
2728406729
377024315
2650250028
3569113006
955503086
3678508813
3856498003