630489256
1186210121
186804966
2788774062
1646269895
2572264368
3721898668
2508677771
2408745566
3941423401
1367715321
645581473
2187711134
3211302934
676633656
3464187922
2183262086
1879077991
557609645
2088204571
261827565
1526645350
2028915654
1954211375
2750672523
2115872175
2854041115
2538754464
1718290251
2196472167
3656629842
760064403
2750747098
1495749066
2860366543
2364850315
2404626699
1236281446
2849630705
2834808448
2911092053
2945121787
736833977
3969024363
4122386824
2692832101
4015443277
2242987794
3112965192
728052493
3906686444
500691111
2065085146
379208401
3537164298
1668310164
3485022665
3182005740
1411005232
131629720
3142528309
3341653955
3853962632
2937588173
3516426891
2754965628
2998108574
4262325252
3878926282
1741772059
3359789132
476154223
4081216966
3728134506
1559292202
961961805
2609211029
693212292
2015071186
531863119
2842483194
551160710
1135930653
1669048058
3390561519
2612012116
1893435007
783279362
1158945337
4207419545
1544069303
1600916060
2898755717
1599755264
1896911269
4232897962
799545209
1246001504
1754288547
1377736780
2899849121
4000574050
1729382851
2018987283
4217140849
3973776517
2133854381
507496313
441566240
2659878842
2659772225
50831606
1023133507
1764793405
2955058096
686873611
3029372005
3200123039
2792996605
674219585
3437477319
4142651205
970066400
467526121
1207034766
1655012772
3124277855
230252840
3588063746
3544304430
1024201584
3807382460
2887356092
470902663
621234608
3920124239
1551837755
2555259994
3975645151
1096937533
2550592057
930884006
384212277
2901492658
760993561
3560093702
3803036988
2902709172
3983103749
3822427379
2281666124
3427765039
4030954501
331517101
1055771421
1684583706
3627662030
1879504700
3068018787
1394795286
2484661236
864952410
2495951248
2552265429
539499288
2296796785
3524008245
2696852487
1715964838
4078627155
1681055269
3619640328
1515447942
1612377246
3433720284
3229808824
2547152081
1723015920
713394665
1974595338
1160863123
1319092914
2796626579
1462030164
1734845728
4030420888
3629746731
4161520044
2744191589
4077544855
3915208720
1040759513
675400123
1176656549
3619178278
2603329644
77009222
3323096290
2644739513
3697582120
1543889406
3963258086
1159470391
317231905
1123022206
3513080605
1469646171
3184320572
2501302036
302956640
2648086429
714846560
3030851681
954988690
3956830908
2971570215
2154961070
2561883397
427406453
1362581855
3525247696
27113220
2845085506
2117409917
3200993815
22212082
2146531665
1032666500
402396721
4144299202
4237399155
1355676965
2837889796
3181895745
2845874189
3031586175
1495169425
1598408791
2765371968
2353142393
1489511105
1987213042
1509227798
3102845676
3631395765
518885676
3717552825
36887631
3324518878
3248114505
3073301644
2574389480
202509914
4071533192