281221181
3116449001
1811245147
2729186069
3150825905
3037443676
650105129
3307782697
3710645131
624692610
1585958336
584307682
3508864768
774413755
3211999446
126712159
4266976332
4156817216
3599477021
3869504580
3231605363
2820698078
737251972
3273726577
37946137
2045238199
1835466736
786306058
1003282742
1892491132
109438639
3744461410
1506932027
2335060509
204704853
3216176015
1695231503
2505684297
1567616678
3906070056
1874859888
3611914163
2904107167
1185458490
303379407
3283175120
3510801196
2757064376
1957196208
2877382738
2282780578
2033856337
1497622195
1160566974
1425266352
2331126693
1652668227
1372002227
4151989886
3302758062
4041122565
3405201259
1046836576
2653803204
3744449320
3556502191
384739785
4097829332
803732137
3021420687
2487687978
2542410587
1244452108
1565792290
3018530368
3649690113
3216883949
465005567
785569829
2822447549
3296233242
2171787676
4174481425
1516967680
2769642852
884781715
2555024252
3502139271
535543836
