2647867534
1464777555
862382408
502894275
4027590280
3047912570
3688697255
467886292
3884986214
515299454
1083151703
2477744463
1332136639
3664567341
462818281
2812495228
3512263543
3708703107
3700624579
4000993571
2845462037
3288997143
4680209
1818132321
4104249934
2573073272
2653988247
1903434921
2932106680
3427699893
2459249146
1372810935
3278497101
1711422748
4106253915
1472167107
157602465
2783310305
4241701508
804499740
2260227667
3795085142
3227636753
1145433905
2333929518
557157997
2653360081
449264414
841684692
2250202557
3728577418
3638322150
285450573
1239174443
2374106348
2512866269
1776842859
1697894523
4130084351
527226567
973472543
2905095901
4111966942
4050686048
136853129
185039753
1120130926
1951485232
779632898
2936565140
2944044252
2999974055
1287654147
1990614095
2939691495
3000336665
2907399106
330923362
1441106941
4079104104
2046727318
1133262064
3547935699
126090216
848196522
331835768
963618571
4185190497
1289829528
900466753
3267527687
569179637
1221677130
4255154761
3175042016
3210847020
2939150863
4080424612
3097282625
1560566952
864733367
570644902
1721655234
2424322295
2710887512
1227081207
787029702
3104304092
1850823744
1871439111
3714430024
463329955
685299408
2680581478
314821185
924218114
948005966
938243402
3996086067
3532347253
1607203070
3294422146
3294341482
1741724524
433578029
2625772242
2169125003
1094518604
4077818591
1648160478
1104413071
368845260
2195367561
3313569840
1379474885