312050949
1073832623
382822679
1908027862
2902501754
1912050610
992857161
2274819181
294521955
1170283946
2465005480
3145730337
1513525658
3154301958
985340247
3693281840
4182897746
3954524905
3794043256
1736639277
2204264908
1457714059
2500111620
1164866940
2991065403
2715231856
3583451134
267654581
3689621886
3357023306
4154377442
2493034122
1906787352
3450740075
2413709966
3260970258
2296003859
3962462806
2577345232
849605915
767555429
1779336241
3874552046
2411396748
2090304511
3153960522
1262450738
1651905923
188421347
4098285551
239821048
1440960074
339836409
3261924371
2538096270
630570157
1170814302
2878119829
3271502713
2363643214
40744462
1005419521
1196357097
2421354151
3862330059
1521252932
241165156
2042786725
967561936
2143846984
2658217631
80331542
1204462329
2215016565
3384901571
1820781612
1907569302
3040968437
1147120315
3465240297
2548184281
1563385750
142733107
3827588082
1046614782
2998325425
2729030633
3559711533
1651866046
4282388429
3454404857
1758569892
1083930542
3205646222
2515291446
2108299218
2019394386
2673698186
1596439574
3071812777
2576133685
3083721886
830939769
1129134158
705849980
73899095
956449644
662534648
2022892729
1745789810
1075720260
3356552857
3827785422
2538439240
1145790059
4198115327
3308033956
2730133788
767660684
3235135390
3584620427
270315676
429583856
3775314888
2818014846
92228601
743820464
3202112009
3578570582
1949691528
3259970692
233813821
3502035357
242599742
1063371275
3772618076
704219499
3159969866
1889619262
1336622316
3401737498
204470991
724263852
1778044209
4084803607
2269585141
2157134794
427344024
336322928
657877911
1953821052
1922408130
4203954108
390140462
3690654864
3505300069
232879031
3753312167
2341833868
759354104
3339631049
2552397095
4018248826
258747990
4074470631
388420749
1566810033
230345716
3131375859
2021063882
4287944923
2094784870
3085224940
3379888259
2654797575
1444448436
20884358
3787275596
250975459
301730786
3949171607
3078348651
3716934899
2330952601
1393044977
2922609781
2283436524
1203627193
1916243
4069403667
1566667975
257758856
509066019
909251365
2565638860
3495601027
100957812
2855161413
2970196305
4019660864
3466892784
1661982769
1826708767
2583956210
224155274
1979407011
567556559
2815667382
1176163855
1253634797
3027270448
4266171368
1481626547
722992340
506481228
1622692110
3493643458
3457858421
749465645
433971369
1574147140
1012205340
879643830
3294256354
401513574
2433262200
447475705
183647772
2865672953
331161690
346865045
3709468788
4003792981
1217360566
3489002923
74797041
2401072354
563293926
3642894289
264423907
4163163030
1487885444
2425078726
3919556371
2152117519
2163344308
733990198