551138657
3799423383
1414627529
1527646856
707903915
2198201308
1528979139
4096994319
114543521
2522564238
2999972595
664740169
3126196522
1580117808
38668499
3283612836
3539807649
68723449
4230359875
4163860108
1491522655
3454119308
2741122238
366144137
1561464600
1487779048
1067830421
785326825
2000486848
3328475719
2739918073
2468044265
3007026929
3180545957
1934208303
205361052
3718075885
2703441019
1643508805
2657812702
3267245307
208641204
3806282261
4065036474
314979493
1673412594
936817382
3223761926
1596987253
3496138372
1345833834
1361802235
3593373002
2016034119
1200404977
1621239501
3296846118
1322001592
2766698058
1389786401
4039565535
3346532763
2073266428
280067580
1480557616
3405861189
1198479065
2522147651
1982311195
2448223287
3237335782
1437956966
2338766333
714501401
1333625938
2810799571
2004623155
3496916912
416158541
2900691832
3803972862
2289001270
3780385550
3817103108
2726930848
2199767352
2575887377
75267941
1718061648
2708950516
787434812
1725673840
1358346519
4271230109
2373510240
2772257873
2706274392
226929816
1662356043
3589986953
514232293
218875446
3773640409
4133536521
1610579820
904628080
1609771210
663484099
4026013600
3494827846
781733487
2320349415
1408510977
3632769872
2883482512
807781101
547299650
1103460170
4209996425
2952270492
4032973790
2548674984
2751460462
3581289918
2738076425
3292693114
1532064826
1409767072
3612691120
1990543734
1423422896
1024896777
3300273810
1765252879
408672458
3838586755
3924635784
1598484629
3117790364
3228555134
173047309
2267890755
2226044326
1360861863
2647001045
152551188
1954363447
684408949
3237953651
1372847643
2719167907
568142425
1617536252
146595252
4167688714
2118748563
3919424927
3450361683
2095550498
835988312
2006864785
1617600632
860854720
268772676
3227144906
919401045
3502773386
806549361
2487507568
2336434373
81606647
3179351466
2065914074
3621923027
1980866485
3432227939
1644430175
1991929560
1173497999
1219592378
4055167870
958071682
4255896264
1501182122
3905655089
4219227311
3716538937
422923792
719485071
1355236001
1353397263
3056271863
2286381783
2304152746
2144655190
1110561664
2074821016
3599173716
1799345505
2502176268
1506586397
1393919978
1429906827
733245127
4285188590
3892127990
1022012262
2790121607
3195974731
1585102582
373890459
1628398857
2339853797
759098910
2686251598
2836679467
3920047253
329522685
237280314
4056206601