1858013783
372001446
1200822158
240529260
804841454
1328247458
773059274
2713753318
979526825
2321260354
1037100780
467972558
245510205
2881082909
3847584664
1494758637
1838116155
2376412498
2017832387
3680091514
3502620213
1316317473
3492648045
1194746923
1814401412
480442203
522156787
1760957047
786207647
2474622747
2613438256
96805216
1676370032
2968255750
1743158890
2216364630
4127971613
3967200684
2650733622
873394996
1065093202
2635771447
3932897860
1563410411
342187152
609303244
3024946406
2176808131
4018970501
1153295615
174110306
3031931553
540550174
3654885930
3659668522
1990443975
43886622
2695243877
3305383870
278850120
427584493
2661499319
2147655228
3232548039
1163116389
1288562888
2530438400
989630986
1023820474
3796261733
347322802
3278012827
3281238960
1409695043
734725639
2028143485
4134279988
1454202404
812499873
3471146726
4093574897
2909009473
2205217966
567887219
2912748647
1783479262
3391353324
3094566299
2063625716
286048790
