3125112266
2259261385
3788001121
482152391
174574314
1908201737
619647895
2435953481
2014691637
641333592
42629234
487868
2727151236
186759166
4125141514
2800803759
2667827997
2258582630
3174569512
4018527781
1923471869
2029662771
2737527150
3756701651
1101634116
3512068132
2799868969
546448719
340474916
2236722729
874296573
3912669722
4114885541
3015861083
3638163396
3026276429
681105240
2148880468
635563847
2405653224
1339695652
4110148726
2207508425
1076736841
3029544065
920965879
2411069033
2712911395
969778663
1462028803
1063840557
1475942252
554454058
1950620142
4112442303
2040737165
2840273819
249277875
2959165172
734285492
1025673053
2177762678
141655887
1318736559
846052686
3205027833
3083136119
728107328
354291885
1530723257
2791295985
969372857
2845090623
200567238
3601655338
980909640
3656140264
1772124843
2756938247
3435881558
2882230190
1123781136
2630915428
2933888287
2244515076
2733693081
274394681
2502965019
1495022575
1229185406
308257331
1423045984
1649521113
1677373204
3470693693
3689054502
2737310831
1354354725
4010271681
2412810574
4062277705
400835530