728552314
2419458314
2220398920
3828802407
479773197
1281041012
1059953665
4095365010
864396556
3187360862
1216917790
4135081199
2091566854
1322951844
3252974296
3858555806
2718529204
4024368250
3689813443
4041283056
1654665624
4220193772
2221838405
388036558
2335735479
3237260658
1875783171
969449896
305039911
3625321219
3938560858
1352516521
3668591611
843414563
4049335014
3768604749
191969592
4166001170
2974021960
995706736
4041526942
1101441918
451543517
1362950632
1771446056
3768030829
1633110558
290197571
2132138896
1650258700
130827562
1431648412
1668948066
1185120954
547017322
3675776341
4182246396
3438640016
3171981334
3919900974
3398662264
205668063
1927784484
1174062259
419626772
1147282962
4126999512
2504626221
3005625523
703827903
2218358148
3126404690
2858731793
3222481333
612700827
1127984362
4265557884
3647812355
1497773646
1646682028
2251140914
4081474026
34187205
333088524
3859139791
3022454300
3466899879
1141162343
196116939
4271921941
2967331485
3881693575
1127250821
175922635
949185821
2359355545
2123236161
1608304646
729815705
2904061436
3497124293
