2208033087
1344596767
2236865358
3049396831
1175300673
799935287
3446095190
2132381516
2610276202
2662583420
4282142294
3066776162
800018673
1003579003
3918271036
4073613318
973094423
104057429
136053206
3325682472
2027100176
2436891871
2410020284
2549822146
1968197984
3372267386
3784674844
3523990868
2575379757
352222773
2199474403
1828658016
329174183
1383691663
1599001951
3703563609
2624625096
2688749173
1738678711
2866032085
812838073
573643627
3274222644
3529107060
2581479150
2173225725
4019523209
3316434877
2414384158
2745359253
3788053877
3427537526
4214141131
1110597776
3990846299
3161289551
3370827436
702375111
1149971827
2400427132
3319769256
2877711834
1061340452
4179387566
60375292
3160946873
3146639676
2423266592
4271775566
574137926
2741871629
3943592038
195924142
3456782849
186901886
2340382667
3602944395
2535378643
2977248936
3168321117
2766775339
630373609
1540897578
3735248824
2393989173
492432722
2610784743
1570033715
3183880010
1623742717
2659396442
2134868718
4045328257
22314619
1740723592
619522922
2733746147
3392231344
3145710132
2418374382
630685642
1495473577
2577714690
1231852353
779874868
3642687100
2248054363
1597747769
229157424
754403315
907085230
674348061
2461857849
1282760016
909105799
1347403162
382657416
1031323190
4127514954
1069803335
3358849340
1589064266
2233004492
1334694130
2563755274
622394530
3405436829
1966214061
3040313421
3623392228
1721513874
3352734304
772939382
286677077
3796757264
2325169882
2777654300
619648580
514123865
3710860601
209826738
1356578793
2801811556
3835252836
3109584901
4068800491
3336747061
3130849906
3382615601
4147711383
3058603717
2477298564
2875154785
1581426354
3484360218
656824340
841128451
4048122971
2901270617
2263361242
262862252
1201262423
1830771863
1859154379
3396397618
3120488869
1280639983
2103763737
3487296872
2566142512
1497022466
3007680703
1464918815
734426401
4229991072
2461908425
2688418723
1092408646
2300191190
2459294714
987835821
3458745768
2446661762
4006782848
1928611308
2394505917
3144425067
720780009
1691192913
2634998656
3925368473
2326226366
1815975464
663113656
3957517929
885357524
3808062281
1537733316
2882716208
555738493
2013336310
29613706
3309757422
775842600
2164753751
3044330041
909863110
3929316154
4012840002
3458729817
2974957347