955985727
3820589678
2710392473
3475670324
2533280843
1119572274
2392400660
1395737053
1768234732
1735942764
3040592368
1618669865
3129003429
134160248
968840724
154844557
2421787204
3057804264
742434370
3399253595
2595061586
1641098933
3696593567
1898946062
742150249
3533083208
3836252094
3614794121
1321163736
1183055995
1320659872
1322045287
1558711700
2481780434
42233599
4062707004
566588138
3114701169
831872241
232459792
3736939223
3510812613
3212643835
2304269776
4215196514
3921103466
2070985707
2535051958
1072148937
3171346084
46180999
4232248041
944980884
259822434
3954750666
1530382166
2487623664
