3700108448
596670935
3406445642
1126764309
140810023
2352650297
3526734657
1052670113
761761879
1048650685
2103940315
3970260200
2382193910
2065670393
2653198219
2801184337
1145451293
3508671931
3879965285
2035445436
1143609787
861061263
2009737444
1870038460
820670042
1776317438
4204223640
2011250989
4260627578
1930241372
1338549681
659130973
4244126213
3137456400
2101201272
2127563640
1377564433
2195614116
3048191874
3715285408
3633455080
3044276605
1887167277
3558147669
639966955
1986337872
1523199761
2662465117
2771339043
1259692191
269595954
3976491469
3579315806
3192061464
2000296422
2546576127
799161218
64663569
1482330261
2489907096
3468774473
2336653134
682754602
307042215
2954489583
2359882366
3705326083
645591611
1792803609
1244614423
1472608437
826014069
1373261111
1703251783
3943871220
3860688372
2714585221
592943761
1072032181
2172658923
1898690243
2702301030
1348138090
2195534838
407591223
1248914887
539827252
1853151711
1468563480
2617399751
2246129758
3048550325
1890238250
42604147
3238285985
4112247238
1425294731
3459356808
2157157416
1167656021
3904833411
2537629249
2604402069
1404976773
2904684518
2775433202
3288011304
2302485860
1708300152
3050162799
1204854998
228942694
643113303
437809146
1838097974
1342383223
3518306249
806701612
1571090451
2074803815
3411923345
1380048432
1043273795
2000978682
3325425598
1753567941
1333604019
2580043762
2120749102
3123278061
1927582192
605970803
1223978824
2976031493
1965557591
4169682090
1377877361
302666384
1905962480
3370134618
1746267195
1699310536
4078642406
821924287
470654722
237356501
1717437680
4205603671
2904981324
3262712725
1991509725
2640138216
3643189204
1334890271
1920970441
1189874783
2913486634
210342604
4159749191
1685079409
4013376822
2802759107
2770515367
915099301
3965636381
390444289
3982852892
3512287598
534413586
1302301934
15168407
2797051593
2509186579
1549403167
2474106932
2104735109
526120363
3468578308