676179690
2487973295
1645455334
1460488885
225690770
415087404
2080019715
941436931
1238566018
2616709535
174599856
2680632121
2672526060
3776100888
3631690185
3334849890
607222896
565290936
1806126504
651613272
4029678031
116478218
4171765988
1084502529
3809896503
3241571221
624235409
624519915
346092715
2125557064
1028469329
1966724232
3609096699
2296274241
165432746
936995302
1376001493
2300705490
2311358118
2812745632
112404722
1484268502
2052550267
517217578
304684032
3751540185
1413363487
813033797
3882934361
176687315
1806992243
3088195067
2067410340
3949038165
4176551394
770265581
1659817340
1966802689
1565557891
3943252456
2737477713
2554555362
124815921
3036843749
113900486
2921267408
136827832
1609347131
87570047
496990125
4217004506
3606556412
2392773375
1594862692
4008756662
1735614886
2369898598
2973094849
1305520004
830306253
4281621834
2469832996
124735796
171445277
566100832
3888503671
2793348584
2971775905
1516125613
2876555061
3835766152
2119025280
3289868472
1389083500
1766888639
3104388692
1450113839
2479596900
3740303589
1665924962
2096796581
740706362
1406694692
3790940740
2536919477
1046884581
2893168766
1002920578
3035681756
2954540130
1107136484
3653593264
4004852454
486800519
1943346341
22982915
4254391439
3111320215
3910665579
2797040119
2402090700
1518999182
556192240
1047392646
4028829732
690623546
489109548
4150969345
1415506235
2971975869
3139717331
1251410887
465280614
300327783
2742546796
3854130264
3685707587
3745159988
1215721284
1343006106
3157721949
2256730406
2631092556
3607684650
725084680
3747003804
2108853765
3538308799
3140093493
3004970453
342431108
4269337716
3542347619
3970416598
3686366032
1237467576
2979265220
3078978814
3216859410
453760222
963343923
3793982526
4103767025
3218588217
4038312993
886616334
179152146
1435439734
3386830238
2298328906
871920840
3201192572
1744948377
400538621
1140286900
746179123
399849756
4100114489
4076672208
1170239925
1995376714
3859190064
1115292283
2342445190
2131862484
2181772427
3813505249
2939898982
3379316622
2099315022
2694738224
247934480
2056778244
2945479341
3692051200
484841181
3340162574
506705496
3187731435
3686077264
864397040
3307185971
1791398599
2612941569
88381011
3691686934
1524128810
1492758076
1758697101
1844300337
3904978628
2542406669
1147795747
3941671258
214165457
1776089056
4200743100
785371004
2642540639
1204567376
113533680
3679120754
1162943229
1173654952
263601247
1768554896
2267869901
1656751386
2894240739
1491275744
1425771888
3876574218
1028292138
420047163
765263938
2759691630
4152892560
245058417
699110286
87240113
3541782623
2588271507
147639828
4050788105
1060419462
3223008792
3723675441
4103318962
2718830141
2837927932
2280057971
348081915
3259129092
3375628687
666279270
3226865126
3506110928
2044062305
483796770
2907621063
3761852375
760711725
3640833272
3074971508
2791243999
4121354242
1420396521
3303752646
1246674315
3850637024
4035051862
1988289049
1417892469
3637129110
1101541053
2000026758
1717605164
1710805707
2775664103
3442680508
3271994233
377273452
2519608029
3994246316
563827351
2151187966
3692142939
156480145
2244387300
131540410
1406342839
4245764254
3855338420
3729190353
2745761529
4249655875
560023778
4107203046
4180057833
3440972903
180188707
2695948813
32798770
2684097849
229862280
662551760
421782780
1647409454
2126338909
1706872799
214169247
3151914705
733019872
1374715877
2993662981
1416374266
4191090894
428217346
618554111
2683514305
4268854025
4021415852
2447201480
3871414615
321654127
753881579
2111392734
3055602151
3461288128
151333836
1074985574
3468724407
1463964164
1429836826
3376020765
3058803600
3601986815
251825744
1139538943
185779399
723437363
3751810603
462299668
2594840216
729866046
1011756375
1911902621
1507101696
265102389
3981576918
1247328042
3648263372
926584649
2911748429
1154403851
391645294
2256446371
1160204268
385628873
79124783
1864029386
4111310415
783429498
189275434
2606851760
1441982190
1280324307
3169973816
1411262877
4040744442
2002831101
561361843
2811205364
270734294
3771133538
1278833282
53337960
2579469474
1530859288
1961527837
3757430777
9978728
1844091913
4023575938
3350406161
1061630883
1441412944
1868559523
3476979445
1170979972
2278326650
2748380149
2517617287
13617286
3103050351
2622552962
4136291048
1315095587
789466438
525722640
1133069242
3266080008
3207883757
3055842152
1229649065
4096395308
2619286551
2988180880
286526009
3531054346
2050772562
2458590306
1508671158
2353990364
3306085498
1709607284
1305898906
2044765806
2051282961
44023942
414684989
1884572293
3629825699
3284898878
2884383012
590543536
814668825
1303499700
1704979240
4146074510
2732829096
3668053808
4278465734
1250118409
2730602358
1243160188
86063289
1053951350
4053582433
431148297
1009109011
1169980198
691687086
1792117996
2285706593
1962505114
155466012
1989828236
1147944243
4213506526
2684422450
3275261049
3778330151
231388754
904134663
3749551568
1018004164
333504888