4056655808
532944673
2180576015
4032871503
3649252100
3537240279
978100998
4281966345
3942521194
71198760
640419527
2853428620
2960669021
3339654265
1325818798
1671238354
4121899048
2542770461
2215780396
3697204128
1232742402
3339209850
631283158
1067871780
4212996903
3233003878
2522984195
3729920303
1702661195
2459777684
1796004006
3924760724
4104526102
4248614254
1293497670
2478170727
3278371930
3663813199
1666646604
2041606448
3631761037
115483492
2039893412
2372577373
2550714216
3993469831
3696070966
2258113640
3676506460
1044399933
996427746
3587985911
2611921941
481382885
2527856382
645194461
404084216
4236908114
3212537845
3415591011
1834557117
3181734004
176058072
2498991798
3805998782
2245239941
1717386353
3790056177
243468985
1283172174
1902132569
4163437740
