931982773
2883112196
4283209117
327687495
223847467
2463096437
640087019
2552047020
2007295779
215899407
3579694944
778699044
1734736858
1103118440
736070831
4165883694
3016678865
2981098255
699073266
1523846416
1457044123
3964041272
2117200515
768876998
247725746
4071816640
3230937765
1619517839
499626236
170009274
1251456932
1444376755
853656182
1619160188
364189279
3333534544
3574332476
820828606
1671757909
33538354
886224626
1552170375
1247804998
3073056919
2770332538
1186604080
684019641
3370731064
3348720830
1632165602
288414333
2619640044
1534736817
1188266127
2686031290
124812198
1201674419
2986410944
2006189913
1982798688
1540828765
2378480852
824940738
3411685226
1623697455
1779415091
919373793
464006968
1336033945
3756289879
1910911324
4002242415
1055229310
2170391822
241084720
1996574309
3902668925
3707764131
2291629171
3408423250
546273436
98515506
2726202036
639253278
3404182275
867201554
824231188
717738406
2799925268
2358820675
2156810962
3929322973
2317092519
727186318
1590727065
2528056801
2198970557
3217492185
3479605463
4208226569
3132132246
3576199176
1474337302
4282082118
856922228
1506794118
3904028406
3748068019
1269282272
306884701
648174192
58764299
3058263121
3565752589
345674628
855445270
2260240437
4186185294
3451762842
3119522666
268311479
589836183
118847588
1718411048
3143975136
1516504506
1422271607
1113231668
1395592348
3170429280
2699965189
390673490
2525009346
2645915124
2210428922
2406711925
3827702645
2196180337
2948538151
177112798
1454244291
2435982869
2211276775
358759302
1739933238
328327169
349222986
1184050489
2754390894
3014277060
2789478606
1931729358
2360804387