1031084384
1325364246
1731582729
1799281833
3145728370
2757242251
1277469186
1492881396
2322318929
988214085
2969672413
970520537
4280908860
4154597829
1507501704
1878323132
516590336
354123738
1488047126
2412373669
2705370469
3087288994
2656205913
2042788671
3589547111
3093137629
1185696800
4233819756
4235210771
3755962294
207415404
1677603801
3975571329
1850289733
3108640060
1504163378
3131899287
3976024544
3058314782
3024334673
2478430065
3274833005
4120548671
2339765974
3065136669
1665811793
1056707883
604804626
2469515191
430505578
511646989
1749243944
2842746874
228538311
4142981574
2125288108
1473481272
4063809778
713499385
120145324
2032577683
538748060
1061517524
3681694113
690597414
2512776401
500960092
2072686356
680605623
756920852
2003110918
2898123586
210000665
3750652985
1449101465
1070823876
1668822316
908019696
2888304505
3392665974
2325185174
1031973985
3265637146
3327998507
3288493914
2735205744
3098182307
3442564069
4220203663
4250321788
4024250144
251867813
3193595325
2124189621
3361657016
2114983243
4101716080
584407247
213658161
2865938837
2015829667
1972088148
946356333
774896763
1985794484
65473625
72853124
3633274354
3801120609
3510557798
1969904158
3541629969
1848740922
2359616874
1580640064
3722839324
2968524163
4038000723
2842252311
1714113993
3042777993
2902677549
2570422060
1065535618
4048454687
2787864799
2155303239
1491508407
167314986
2477710246
3775668009
3132925828
3738920479
1454007043
1568546487
3753776821
3745616833
1875243225
1174114295
3890569348
1934648260
2141111292
2209404498
1344502838
2257277736
461094702
2466697558
2516551484
1473406490
2189344691
1904073763
4054212814
2140173092
3192336183
3965355368
4282527201
308644833
3054334606
325938193
1139525607
1790076530
1929438622
2204216624
3744297025
3552548473
3490154928
2424088691
2781859425
3238876003
1635144097
2495824218
1311204799
3663849824
267890793
2657834007
2600036364
2077562724
1235294888
4011253691
1834111926
2298226699
1541293762
2551061225
1475449363
2398588499
2205577040
2972969809
2777993854
1357742254
2966450528
3438056163
3940566809
932031423
841353997
169096190
2049043704
4200245565
3585660991
1496768281
2319395674
1542676732
3797313566
1172004965
3609602751
3530480160
1767927474
1103830710
3790861417
2723993435