1720590285
2056605917
3714998495
1661632493
3448335742
1733818461
1646408440
529928688
4040847153
1276812285
1111322402
1986665304
2534178009
3715569428
3529946165
3012214271
2607282013
4148874479
764119621
111348666
113307407
1845531132
2222561096
1467097044
2280794065
828212783
3746761203
2862654606
1936276958
916160623
1880551568
3613561550
2810539158
2789872559
701171084
750981422
2581142900
1433570668
3583744364
4157251447
2300772760
597711081
3466543301
2393269939
4040905210
1908009723
1094796761
532435497
1898715118
2537671710
420518288
668432628
