730498340
2372992141
25630635
1519059299
3064390931
2631623648
3441282962
2179027080
1296425607
2702047434
3673146428
713340210
4175737177
2909271922
2360910975
1356771999
2976658551
2949339245
1744611937
3386957145
4088868168
2943330666
70602560
3762186303
3392225789
655959311
401069055
590252024
4131065002
1415246297
1290006359
189083228
2608169892
3934179995
3383643571
3196247689
943772121
3451339482
2587570157
597750850
1846231628
3490380924
1812841083
915010248
4213861301
1038805759
1497895480
3508283547
1303829560
263146764
3309346338
2555147280
2967093284
3265085992
1379249666
3009395226
3580492718
1121441358
2392516940
646268728
2161786942
2884650295
1963408151
912421796
1702455110
3108429820