2917185140
1054375571
13616776
2193634325
4272451601
2278803699
580951875
2965269598
2899293762
3018096221
1101465012
3895828944
2286381360
464363209
790150221
287458955
572475755
3838616693
2878721913
2873502618
1813149876
2189874264
2374079746
3671437498
101757602
2724771002
134719905
531301072
1072612434
1577543468
2760612510
748810112
94270229
648525027
3653057931
3326973002
637227769
2182616894
2754798618
2507105683
1651168696
3744630433
537030034
3317365483
1902109961
2390641680
719388254
1298563471
218186896
2342386910
758060235
603466737
3135276255
1847009651
2877158024
4213191492
3979963828
2312292471
1315389877
3635428284
1650884048
522700476
2586226881
2614478346
1847788136
3494602655
3232073939
3828972345
125972760
223931543
831891164
2294999906
141263019
2250826768
785210560
1118364099
1476651550
2525661444
1133221718
3385473757
2070459894
1874121114
3293493161
3193816620
1976679867
1254788088
243359577
1442498823
3535805448
297266317
174329543
51706541
3939647531
699402292
3071682248
2477995542
2433388661
3790442059
204469905
3941278723
1336059734
2938093291
3874116338
67494600
151014850
575623379
588225326
681772872
1928121675
3854410873
2790020016
1136790290
4184565729
2929454582
4196085851
1776037759
1919619339
176615578
2626312982
3694712607
2253967413
986943044
61729190
859322600
3860167254
3014693925
1015052877
235598652
4020744122
2694591281
4086075405
1731136396
2453859580
2157179689
1806148484
2303788915
1439918940
2156339818
1904386758
1949743532
492692880
3737984031
2693327429
3132889153
1333397045
622931408
1415781970
735773144
767430292
591456955
2219558796
3994278031
387295285
1940334878
242800689
2310776253
1461519363
380054219
1483433114
1567101597
2798191742
3516795913
4084295445
418169481
3469460711
2287556771
3853267877
2654938574
3977459802
34967196
1428706814
2018123685
2576308025
90910669
3372451980
2327928135
401030588
2337480138
2813379547
3415376770
444879821
3240272912
729639842
4069229321
1649783453
172784963
3588063294
1174367887
1839231670
2493579331
118385347
1713852332
3479143001
3978673218
3820134142
4035231623
294958020
3221782812
2486152577
3720676497
2600564529
1644377857
3549134446
2060643359
4003568097
1445577118
2291802107
479159254
2086534684
2740491047
3506994716
4271732591
3834687384
2771477704
2575909971
2734825030
677218834
1186905379
474625549
70497465
2106291160
1074990398
483257023
581669963
1865921857
1109289696
1193475580
1112148970
566928226
948280757
3784501725
393881911
1673794332
3470138912
105281264
2975489917
898942667
2350465024
2340271071
1416186335
538644854
176862315
3692933563
39229635
342566917
2062692153
968138645
3616768765
3079508811
1426676206
2030512481
1448103995
2434221542
3722784777
97119669
3521054431
3934001348
3633584715
3143193081
883426775
140888434
2452606303
715389086
3689146500
1311723398
1812663941
440153884
3131402876
990588286
1109052618
51185356
3782041328
1895243011
781874808
3463074895
790144498
462237960
379953162
1818307560
844315692
3090677129
312746939
3738635771
94175972
1195985554
884134916
2544925556
780495612