3040125720
2398765816
2815088489
570143592
2051891811
1923371439
279402783
1839509687
2640136857
3290172731
2824975322
3243293314
2997960776
2049283779
8547168
3473202067
2060308339
291225203
2981794071
636826448
2084792162
3277135476
2710884753
3275947434
2643165637
2862307236
3814887954
1823539195
3777046414
2880984503
3953950544
2392252274
1556646434
1732604200
721373975
3129402419
1778364013
3310319965
3008132637
2374870683
2007954222
2037696758
3436842972
297659853
2511471759
1659932544
1734202550
118486593
896742390
3949389243
4016831148
3456690930
3837343059
1021929875
3018207790
4204649000
4280166236
3067221250
2147582857
2898932073
3582889913
2427527578
509033299
158657183
1400851438
4109585607
3696931799
3742140663
2941206890
2670469178
2883373941
1962642844
4128747131
2811597231
4271633728
2642946909
4003120268
4060861947
2103182448
2188315974
3171334018
2725513675
34309094
1997874564
2036039069
2784849713
84883841
189892846
2331780849
2667079886
3772749189
2560172154
3079311454
1860599432
178465055
949551175
2934429722
2450093700
2844466847
2439640269
2728124983
614809481
1871724794
1768881355
3229181567
564205956
1426629089
1644505872
1970706644
2076813544
4125675202
2428288886
2155576606
2622155999
4147478866
2578193659
270307386
2827030242
3872594400
4129767105
3940669512
2563970375
2910751661
3327220718
567934687
381715780
1059722836
24662743
4203504171
327980562
1213754709
495575084
3739337990
2373712320
2111526174
1044858705
1844589829
2756597209
3549720705
2005417589
572280181
607128124
2936448991