723077381
2454287207
2996548782
3820600971
3896300619
3244200009
3617834715
3866242517
2187485965
1419482367
3727351878
1545613902
3627367924
1574987911
4049491905
2631209298
887861816
3742249248
3833554070
2655547672
1646661327
1533987620
3164729358
4125117537
2327875972
3206745383
407090368
506725066
512837080
3955498012
318816396
434638882
990134503
3100678620
3861672667
208665096
123598956
1564729731
3988172653
2121479421
3660654574
310140554
2924845287
1139051794
1868914599
1289746475
234580280
86449585
212714511
3417613653
125010429
64522482
2703270907
1427517748
2732273561
3541712453
286743771
3773603294
4130961894
631430767
3134340444
1952479963
698036211
1120619082
2526234228
2424198184
2309967737
291396865
1031037061
2423508334
3121172764
2745263908
773261050
3454609229
391609117
3748625540
2788158986
2451540344
1544143650
2937862297
1232989438
3698082702
342068539
2031684592
1400122104
1744359642
1632808543
1693394438
1539670398
2587247518
2234741066
1935951302
1503164408
2998655544
1235308183
1906244380
3711472913
557690166
3951083284
3141222726
4102001631
3827896466
309921805
1148096362
1535825130
779403014
1228148530
367740151
42132669
3547334752
4100379303
1768426384
466048087
3494463146
769825100
2362940262
1386528944
2700607884
2619724582
4215409089
2196218791
2707876517
1163794677
1128865983
2545439210
3508398730
225066825
1562121782
3139461899
101849239
3589398974
2216523956
2777840615
301051820
914780894
768103952
2964768342
2814015675
2486134651
2401808596
1174443994
1428040862
2697329348
2727020325
1888372599
1857455128
2520430738
2112983938
2648142102
3361948580
2871890407
478005604
2294422982
1393667013
3725781961
899906060
2604194273
2823836539
111278566
1586768094
2615153234
2174374642
1645921905
476204905