3639851259
1206267292
1583297421
4059227119
1945993752
3158380206
971593855
1655617026
3246850576
4152129951
2326465397
3200327150
1759567859
971268073
1521012814
3649535807
421307634
1414643248
778536066
401981025
879417498
1918079057
961614825
660578485
3778331695
260987643
3645456872
3464463282
4039595184
3451680101
3891910105
2072871450
902636942
1448258055
1068875023
1897134826
47366835
664282443
3473667448
2852062278
2256984986
2626601517
1133004007
2370687578
1346771753
2155485431
3122254161
2851765665
1853500605
1473021599
853351727
135225888
2855089170
3678751871
4100354477
3384296866
1417156244
1347916953
2092315453
1669757072
4282597949
4109801662
1437776329
1040765169
2679867754
4234982286
3262240660
393990255
3469301994
281747237
150297944
3041592665
2889334270
2152160696
2627566193
115177334
3757215747
3155593177
2877257088
1013378225
