643298551
3373906033
3149593971
1177792697
2814386909
3499967257
4219488657
116398120
3534929205
1961129538
2231009037
970899163
2424321306
2374961726
2099658365
120306041
2271596590
1500160103
3542213970
1471112837
3369076331
2394939287
803589325
3782661105
2987987004
896417865
615413457
3001691803
1766050901
210618187
3222630398
76834338
952463636
3836374604
2826920364
2634326946
1853436608
194864033
1888506024
133087243
3838069472
344327550
3814258511
320436806
11611348
2786036932
933961226
2610508371
4592798
3745200833
2373599653
1576523795
2692179237
2493059418
3093456089
2405669191
1005534856
3361570358
321963878
2426990721
2867270613
2419395236
2038819457
2098638630
2276795334