2006708197
1138758524
3531546534
2284677596
2752944362
3319394181
3605730978
2636998520
3673822596
1154896129
2065311932
63146390
1167917642
3930245136
2998268117
4288300353
1653839252
2142120710
3911989705
1124241418
745001865
1207189549
677575749
1596933631
1087194004
1749055544
673505463
1494228626
2703234066
1931893955
1025006523
1817963417
780016894
3986372957
518364129
587006898
2920325920
998401550
3958844795
2246680798
3592631914
3565269944
3367099767
2697096966
4045645745
1292980567
3242854862
1460829983
1821565422
1991007366
2353543719
3545212307
3948887629
1007940972
3864376671
2972129467
1346869228
2761326195
204098208
1995207883
532858739
3318012527
1955064744
1690138808
3769753702
2381614532
1978062262
1445550176
3744076613
963097261
906415898
2831259438
3350019007
2771238240
1225577290
1007457202
3857453113
141853559
1047181970
546638585
51662989
3012251887
2443169016
4203680421
1808314339
2570086195
1593262849
3705534218
4122650382
1775261278
3686948449
2645748385
