2961785394
291186140
2625686840
734020877
1944524613
2616499910
600138359
415062987
2331614759
720399084
2758860653
2809335792
3037573312
4226629931
1100780622
4049328849
917591888
318394573
2743557833
1390704182
2531779714
2057365357
2209996026
4005463742
1647263744
929499249
3482907666
3874488391
4120731039
2455359877
2654244174
993139380
2075805837
2305214798
490097925
974569010
2765742963
1053776984
474060197
3099063770
2170218200
3846178883
3337042833
2228997576
428457646
3331142572
3509678415
238608426
2643555890
1286195858
3257743878
3392544408
2408334862
3453290967
3851096656
323765771
3967791574
654345744
3594516875
3534983096
702616553
2563573931
655366257
4111640349
596725692
823742005
1044122139
3948809207
2598291549
94256154
