492773594
248859305
1135199130
2621717555
368688206
189709902
3139180433
2233927717
1637803859
340362600
1101068113
2155946406
2320949841
1298569968
831999241
1862275201
1307097388
2837575210
4258679066
3733533297
1150760380
1995602516
2043781563
4180554473
3773792056
3196656162
3400893011
1716072020
1399551765
1370959648
4106725180
369335120
4102009849
1011657393
2325833250
1850015992
917981721
3437914867
3611558415
1397279137
2602040507
4279880266
2794183987
1135115288
2007948217
4008534772
2744500821
2625536282
3391021392
2404185617
1763003141
75677377
3193675150
1574676422
2758007226
4000548589
1743945958
74211979
3218732725
626251875
1950743884
3880992958
2790819579
2200078076
861058755
935712400
1459584214
3876731256
3316214422
3090229690
2147053404
1157856719
391982414
2398188657
2995461974
3605355851
1560976791
23176388
3560964472
218144253
588364542
1655526758
1313439344
4136041102
3387483458
1667787052
1853081585
3292539224
1283489377
1236638398
2991746657
458798591
602792344
41277868
3423356625
2759481639
3895047539
2877488318
1453989764
2043982509
2919146920
4151325810
791870457
3125168131
2051466428
1245039880
39890165
2370780421
1047122856
1646161557
791201612
3375651855
3151036789
3364916466
2171842502
106028305
1605502962
3303056616
3982224220
4121662301
2978056678
20687695
2727073032
1047048081
1187925748
3310830509
3580626617
4179114783
488364895
3890202545
638640693
634801948
3721896510
2735025367
3415206920
3533794645
3059232293
4156347643
4012678112
1485619386
3514602957
3083836140
387950615
2702853890
3359456522
1151654279
2875412029
3841599537
1431585375
2654937179
1244172768
3447672734
1233232932
3835501677
2678099002
195080240
2637426691
4083020408
1253045810
3384587587
974060503
3756539644
953766402
1269917714
1373693375
801452766
2948949353
1139762809
2842531391
1804768786
396001978
1810802404
2978638782
2452221792
3349378505
1661001942
2606349531
1190441931
3472284505
3091083038
3785149083
2911814991
4041520644
56260764
3483179318
1282873819
3572180301
1408992031
2337042649
1556812012
570534249
3731524281
3624282176
120617694
3441028089
1794169321
2681511478
3066051995
3525635279
3363942172
2992715093
2323760158
835431775
1484307769
4076423408
2363228639
2530645732
2782949425
1065855688
3644838229
1985472085
2546946379
4036071957
1976008678
47826491
3193378532
2628533611
1196010949
4136152205
3849867198
1579594345
1930205937
1054092002
1128547459
82053765
821316651
4263796554
115210073
2294896127
3891878412
2453279201
1715010042
1106101915
217668711
1287842848
3065572064
2395709201
2237337183
2686138862
1979051426
1527189415
4199110672
3846807340
2783143986
3172115185
3825955695
1594217886
2993373998
2524203209
2160814977
1884033771
455191139
2198450612
2861419625
1288803047
3108616715
1608111107
1949354918
3422455017
136267983
3238326611
2179257367
1708382749
3150612466
1598462385
159278708
2587451818
2337790523
4250753117
3484936672
1670839498
2799443122
2585288553
1101399777
2193591439
3582506490
107697888
713523101
369462858
3370998347
127112903
3637746074
3100923226
20185371
3041066742
240446483
3562627492
2877400762
2871209330
4088734967
3171807130
2175950770
1934565672
1067840995
2501228714
561560734
3166447700
2323851722
1732237067
1785806423
3066662834
186660262
601508743
3324567300
678260853
2737145431
705100053
3370448564
497661871
936511789
3920838926
3905994996
3266697893
4099812817
168815406
1361035287
4189232902
394159535
1692069199
3439903830
1390210791
3447527180
1640121891
2342036255
893175702
2787630220
3596346344
974910564
1941032981
1642355223
2188635726
548380430
819188838
1386443749
3043810090
3074463784
3685833741
2060791920
1518484409
3015779593
3912135725
785096981
4288174614
2258781687
1885707800
1397461628
391857057
1782197605
2213243029
1899894613
1973901042
538094220
2177830195
658656452
159608460
2980305392
3483910992
3456683824
1814734619
3494233970
2072638029
3388006047
3119965316
1040836300
1507091778
1074786521
1171260301
1332794455
1534412519
2310735410
1309072467
3427045214
1076705339
2765573379
3507406710
4029416635
4188230962
638509181
1313259981
4282379336
3655955720
3443903611
705798685
3776237900
697046886
2785570791
2626435109
295256369
1907394968
3150466312
1877140466
4214296098
4072040692
129658787
3581255325
2160727265
2694475843
3051590079
1878390204
118205134
4254263156
598322542
3563455288
726622039
1633440266
1175886169
742996419
1520327707
2149075908
492510209
2004008124
1634072997