4075946254
2219789668
1378718220
4088032129
3734938739
2754530634
165719898
3339488016
3179085773
64770884
1970024663
2067254693
3095061358
986446759
891147259
3107616088
3695217224
3595591661
958441635
2230409898
2515023123
4082296692
925374648
3460077924
1986320356
2109474561
3366738629
2995177096
3280909119
1209791814
939847327
2972640621
855405302
3203906063
3579941200
112316432
2234499228
2374292463
2640759844
844845585
1191679944
3385379097
1994682062
1688390236
695170493
2672276861
4267027936
2080847181
4125325499
822594409
569940206
3933396834
654398858
