1936657278
1877067095
3931946442
3654936135
369060981
506267652
1888111666
4224704185
254578242
149925997
1826219599
2111827940
3811636124
2792694901
325800480
3659105252
4146273686
2041270561
1553214184
297790356
270742314
1500327866
698995558
564814345
113952143
67337974
2259156460
1138933459
2961629679
3032868098
2464182500
72052772
133086952
3653741916
3786006108
295453653
3402557972
3431537853
1369323668
4073095644
3007380733
4163336183
567000291
1868813320
2517404864
4241895720
3555157456
3334056907
335852290
1625917598
1657021007
3427745388
2215717327
573216748
1764953899
1130789084
3638241042
1539985117
2390428807
3515679221
3876733627
3273873042
3484350257
3119914125
2295310617
540171387
887761676
2309876843
1994158918
2044395130
166335778
673340305
4007928872
751859372
860580904
2276209291
957608324
4292700702
3710380714
599556171
3793992867
2114093260
1593674874
2471673036
4168903077
1155027601
4007177054
2374809812
242840267
2053986523
2964328633
1593922073
3480944016
1745599121
592079617
3142963351
792183494
2931893377
3308890342
2112869769
1908624702
3947332527
1620949095
985121835
4120921399
721820724
346569385
3551180250
3137641695
3720489701
2223194934
