2972257655
40339644
4153422504
976254766
3832433527
1113668033
750808701
4270794656
1014494189
2737458021
2378432661
3952059783
3796596216
1661555675
3782972106
983009942
3838176292
1127577628
4088500756
1541242567
3920052245
2245442395
475467785
3062944714
1963502226
3732627098
4224719768
2386221379
771783813
3442646632
3321264846
1485880246
3293582820
4134946028
1213389241
2171206881
740755049
3020781225
180715243
2831166078
792531989
2917117382
3623457361
1940366634
2159955891
3146113239
520748808
1239730962
1645669135
3749583687
3323526692
1702229553
834964323
1197311575
4205466129
3269166356
608825348
504572261
3678954434
2409736684
2099637498
23136964
84597334
4076312692
2563226812
3742849122
1326473045
1089517622
2907486766
2566649082
174386517
3382490881
460279807
2373748939
4110290039
663806466
3082503513
3559615270
248040902
2893363903
3477287980
2347143069
3259793653
2385826416
1261603526
3362779501
1969263777
3803422387
1985030688
1481574978
1227354424
2263587860
3918184132
1512216563
2324210982
2889568617
3020022731
1807572909
2217558519
2119480519
1335474511
613355815
3360210616
414648315
4154514640
1167213602
3098886081
3938653566
3600636334
1539634382
3547226039
1286107448
2839519680
3756748035
2540001824
1374787836
863754997
1773280643
672845005
1775083668
2797688591
4244524038
2695506107
186832324
1844690320
990395248
1791098340
1782367662
2692807434
209250046
4051490769
2569233343
3560947457
672552238
1895858714
2874442032
2494846418
3423451119
243616618
906020354
1729177369
20700361
1565543090
1964685983
3862828442
2126670777
3831967110
84760803
98893529
3824065701
2172497156
2428497154
2513133126
1958661835
1854321340
87497192
1693533150
3268486163
1294513895
4264071309
1215198712
4166213433
3998385365
2813943309
3041702506
1193628607
1805798191
3993781565
2726370176
1240559023
1128304004
4254163991
202207906
1247667887
2067287914
887679406
1120252173
1071772464
2367771829
3872923406
1649751837
98339983
2263758577
516411083
4019404305
3820013887
347307656
3973072613
2835878113
155696353
690740767
3222504913
456886607
3454436633
2578767257
2076913481
1753978886
489542425
3170673837
1962714
549307079
3205082799
3770543858
1211717681
2354397776
2251922467
3626214991
2561047214
3475269314
2575762950
2214258477