4107537665
18009768
674167537
2485380683
2647089089
4185938767
951243487
4140107173
1017563910
2143061587
2286819832
1369285244
4074742167
1940797211
166988013
1875878661
4045408260
3503103927
336569517
2965683958
3427204653
4043121461
223993712
1254640834
1670207050
3305038446
3145638306
2576013613
3863191725
359311081
1628899534
529677934
2671903877
11521710
3966599610
137436892
985427573
1650421465
1647271856
2842735841
3132471060
3845338365
3593010706
356446145
3137795083
2348410345
3428162185
2511332220
2167032656
1631654769
3795853710
282284496
330526549
1653733629
1893732761
672795878
657840937
3049394097
3639746438
1181473796
355978695
4065694717
1427428395
2839622724
2609725098
2672132057
2879791310
780471434
922321938
996648050
1068293748
405664785
4029698222
3458171747
271563843
1579307906
1573532299
1914282109
2313753783
2529796631
1875599414
2138677867
2692012895
2397898827
1717384124
15926912
148009110
575188368
2377456626
3171764637
1405333948
2158165226
3110520575
1463217010
1313635311
2363681124
3179793080
1217215235
280985787
853411071
1869345597
3567546869
3131979801