170019539
4105183920
443237993
57448667
547441684
2865349957
3753777742
1274882556
3323484378
2731505209
1916817294
2005590386
4130291768
3676508983
3446664749
3474424404
177116436
3588606250
2660357510
2420254089
3779814190
2833526955
1220021349
1816515387
1117645684
3554981662
2247178541
4078743231
1341402939
2671360670
3849568154
3841693576
1255988566
145761025
1934560561
65953575
2101268944
146162172
2836652178
2005476117
2303992642
1616688058
2160679983
3538959001
3605019246
2653612335
1756824063
3817744301
3290715879
3077767800
1756548732
4020389468
2605740531
2079490375
2498671072
2036183054
2063638562
1826580262
3838129520
2999252363
1207889862
3572970734
1045174110
3042303146
2682516426
3697360467
166023028
2898564316
4203648202
3038757214
3312873159
832180686
998815283
1550441774
898167039
389346294
1151342488
1779709549
3624682104
1578568986
1640693226
978227472
1347252270
2796020939
3024020731
1752842482
3641980318
4278073990
1700935048
3453182452
4284083888
3503844942
177874073
113224724
3633357032
3887862858
2793460006
1078630261
2450196920
1274828022
2490877856
796758615
2976557461
2706638804
4005423393
58375628
521246501
2697113790
2947916553
3184369575
2865202327
3705210151
1393559220
2582962514
1093499170
2555606802
1744117598
2829121816
3098139623
7789123
3151579204
1845050022
3902880824
2820342735
3194567483
2872372582
2823876730
3187364367
2558368062
2686075126
1834094447
1100939647
2124377912
187429398
2665677524
4125147529
3845670902
91047764
2877084310