3034802495
3903742181
2396073291
2666206156
3647747719
488072326
890786702
3186615802
2653510450
4269714197
4210319041
3514537511
3471274839
1333091422
1401623159
4062058639
3813106144
3157577163
3750033943
821818068
1297187451
2541309544
544239260
2150322426
2050543072
365031103
1416977972
1889335584
604926145
650889672
142584128
1644199498
403366013
3053167420
4133248664
4170486344
218005902
1621516264
4001695320
2052857458
2637443163
592795080
19274682
1785673775
255142395
2860924494
618428305
2335532133
4199590915
3122615695
1383575713
2231214016
3630488458
3925542301
1892148647
3022777391
4043062290
465703336
3848302464
1254370001
1158618907
1059170448
476886929
2693051965
2091495628
888388001
2275459205
4176725238
1522647808
1347057210
1468354740
1057790662
3438154573
