3226198267
1207888763
3074725705
1395486896
4178508696
282198010
696600929
192852615
3433610837
1845099798
4151736553
364127066
2097524659
516300609
1774486697
2633539351
2806983084
3948318880
917440069
1652718025
3029676508
593110805
1214632952
2119816786
2089037005
3197062628
4181097417
3292917572
642734600
1919813334
15563233
357779358
2362470435
2180082465
677249546
3548078236
2749835741
3917949000
10185320
227649051
3922491782
3178174445
404497402
3909593900
3892860793
1870185521
1131896635
3525707817
474591154
1363418239
3388609339
3663355886
2143094035
2293310183
3050641445
2918383732
240582620
2086255646
4032281474
2437649687
779353937
2980640108
527375264
3736581766
3017348267