2193954198
1964579731
203168450
4069953820
157660649
3117224185
3642739641
2428575298
1653967006
777918987
2626689157
3641046990
3702603615
3286020113
1679516306
37456253
1118106424
1121657902
2871020986
636883056
1107467406
4105199910
2670293814
1907985866
1786808979
1057689530
815007516
1482827697
297282799
4095320633
2549398244
1589477479
1876238156
4240713723
3763601637
1406534093
1405857567
2245972729
2931508738
414998162
3886498851
3376016422
1402666716
300941443
1732532349
946763754
3225256587
3052301485
4168763402
1037085738
4048347210
1188147213
3252294191
3982557187
1325307988
3393285804
2361441809
2729031530
2992585523
1113945172
3430039606
963063780
3279670481
1549476899
3520948492
1925797597
529733572
2456133617
919436374
3561750711
476501665
2790683739
1296923934
3242090501
1510269794
3549323391
2791466622
2909104492
743415753
3559381757
3799356531
3264607342
528732080
1850748596
1894362320
2793242246
1015838216
3235424964
1932833856
2606669399
2849685486
401368542
524098270
466250841
586207814
4122413981
910825568
4235698826
1531448438
118854385
1374257753
2375776952
2592583486
2036097344
550246935
826883604
1259874666
2052633006
1421935480
3761581943
4050185502
318836294
1663634452
3775601641
1893489716
2332341650
2908715168
786645024
2943002523
2347572553
2665978196
706092640
3980689725
462823519
606128695
850436857
4174701857
4233097117
1808927013
4234305727
3002483027
2418578748
1449129049
2409483359
175239369
3041086464
4221205823
373550565
2253465882
95369335
978463893
2677663978
4041889469
2467017727
3909417411
998116071
2843035738
1112698899
400911784
970992516
4039778098
2027693637
728087728
3219451117
415270101
178275033
2808972481
2297886894
2666473453
61136605
1422512105
1510274231
3652877737
572434071
2833732323