2303718493
1928980190
3121408643
495597797
273372697
2694035710
1471956554
4132330938
3848450885
559308655
2605033025
3858480212
2353600519
1020818947
2985692081
10073669
3702448761
1485299322
4085212374
2524678255
2857676568
2546334499
3380364549
1618574253
414344002
2101245951
1140913701
3468279037
1228145483
4043270217
840175876
3398696033
3729392801
790237934
324168389
2229662321
1860870410
495683885
4100175944
3194632218
1207537203
1029077876
3810924872
44297957
636061956
377624374
523187118
60478187
3147577095
543159720
1907706418
4182940624
2920211114
2145921794
3179971309
3160459900
4072502124
881293511
2647612189
4042390913
3094202412
2182211422
3513461983
2507799775
