139486233
2566406650
3777853563
2994204995
2339268237
4073295583
2883373552
1477904115
257752858
2200574867
2503066387
3857980342
2959158313
3080027540
2148006828
4087250181
2085629805
3599283017
1372605699
1444650280
3904166951
3012057219
2725385262
1691225603
3903941011
212412167
409631620
3324775986
3392064729
3145607652
1018097786
977266920
3316181543
3958822719
2693731002
478303155
119527445
1381480335
3187925315
3015161022
2460242309
3340402813
1324886465
187913526
4043466712
1461304326
3759806265
2107195770
315851617
683502526
3665157956
116621909
3896508669
3915053097
2759184673
1242986710
2561902244
4115944772
3074850739
1327821404
1383932246
3384843037
1002036229
2923471585
1836751696
3769142400
2751159581
2406582671
283250508
2443567517
3463250677
2467801932
1583158525
3738210840
204519157
2993757182
2471015964
4194837234
3295579050
3105490039
354224136
256340952
1746432863
4167955844
2389062674
3040030761
2130479215
330537207
505159088
2705821927
3019992961
398051268
1124026073
498257234
1829513910
3121451498
4287886211
2599825830
3977970411
3734079471
2314797632
2883909328
1124546906
270992738
4231711966
544596622
2138167968
2846492078
972963168
3291117036
1170946812
1722416832
2680401515
926100769
1629796232
3401820145
2468063167
2014334360
266196875
582644810
3569556619
3479770159
3555143619
4274462918
218137108
64549535
1727572407
4101269634
1472892432
2266383645
4276637633
1718091952
165755730
3788801170
2307372787
2591062139
3222131609
1737919086
1225887493
1788616693
1634565137
3636826146
2051589638
1271403346
212608578
1997734054
728760296
4045386578
629221839
1264013473
1981516218
4260063755
765269283
4243123039
1143864456
2572831168
2911815546
2738841662
1213236051
2237598758
3928216448
3925934645
1296845705
3563483755
1714921606
4184124036
2562147867
4239787901
533310335
1843114901
481878707
3885228749
4226757016
398115518
1740757576