2038049982
3372356307
1017438525
2244481290
2752042537
3636311038
4211343967
3471427211
306953182
4160735911
2895325054
2408980521
2401089681
3445517338
433293427
3270259149
714742915
1386082074
2553081954
2304782901
604462642
3671057254
4248975637
3773235168
1915718441
1451681431
990122169
561610219
2264290875
3145405176
3431899096
1744242930
449934299
3519544043
1560702148
4033923257
1894511344
3232225035
1517325337
2349025112
462564155
3073658314
1011212176
2705761139
3642081530
1594249919
1983320370
865213332
48773409
3956525303
3152209794
2604544223
986934793
1274005491
347940901
3246851981
4128757118
307048896
718953929
453018928
3511503388
2349324681
3706782704
3598950541
2022901282
2487373592
1238503442
2297467961
1205964904
2488496073
3942546578
566477983
2719068192
1523581623
3430235241
2861257576
1029032266
3883580084
1674230130
1978398607
1129095959
1371962675
523581084
4234769162
3650720137
1697674002