701503202
1997575680
2204905144
2694162579
3783768904
2534924311
3220003173
4104034094
3207269189
1038156403
1310650306
3820927873
3715952458
45934149
4057795790
88533344
1161073402
4226605523
206945847
3500869878
4167415343
708346853
845681284
2426050196
2575107685
1476810542
164509486
1164913243
2695229143
2935719670
3132811010
3975323677
3037096046
490789189
2745558296
4165006891
1148601974
576437698
179146822
1639889820
1065893295
780521618
3264343170
1342028016
218121169
2254447466
17621221
2557740193
3967012941
973682456
2156732690
374646878
1546124700
1293923679
1714320383
2592345624
2293736847
3707358175
3221732050
4073004302
3288952094
1923768162
3083067632
643642496
3279545445
2112287864
3723852599
1329481976
2322496765
1803453500
286152287
2494325940
2831820525
405089352
1182879123
3726939767
2836318601
2943157390
1421514812
817609495
3530265598
