3841335146
1259190781
1753464610
3552898332
827031358
2238834028
1890848986
2044043024
2300724223
2285187492
487656810
1768515515
1403420322
646209790
1694169258
1185624655
109883121
4127434995
2137015815
1914370529
985536144
2169879678
4217979961
1117789525
2821542960
2811928712
4135458922
466294646
3783458586
2739354374
3674516654
1637071750
1383924135
1535522891
2234658641
3197941365
206729065
3548407382
3805907517
1979766608
2329740564
3289474816
2404929549
2041378881
3883838191
2333733164
4223093804
3704361876
3883251952
3015848822
4166019842
3169108339
3660590933
182268052
641702762
2145433431
3118767221
2372719969
3686338517
251465734
1335591772
493168213
2957069358
157945688
1564541021
2430891040
1791463605
3298527231
1003150134
2207605683
391157461
3205717036
1283756996
3816078744
2509276259
2452735858
3978828330
704908233
3666123452
3764624567
2451580614
1185003594
3883724879
480574818
3408863498
535270027
1088129379
4177951752
1928788934
1359343537
3476249861
3190862197
285047507
2238520388
844526594
3102678599
3063026357
2633726189
2005141370
1993754646
171349128
3143961088
2764044876
4051641300
250216870
4141357655
402989495
716971450
2205152870
1699806648
671457605
1392076255
825977641
3588612877
1121896555
938901944
3195487815
474961659
1947028670
3923753294
2346556496
2934287676
300536912
1940887773
134176421
470691260
842245803
888498146
929406822
1022187361
3985161640
3702625560
2812586855
2778088751
2234591202
1714540328
2702311603
2388105730
2684210048
3235666083
883182586
3987686412
2858323676
3919215879
1091390133
791643900
1252475994