1991765332
3706898732
3726162052
947047913
1222024058
1071475952
427037987
76257364
2674370014
3271882897
1560693637
1948034319
2889414097
786799913
2879773010
1726637812
2263512549
1829693370
1751942716
3118176136
3311011044
4134187227
935556259
594837375
900755080
2124756774
1708376226
3268080052
3634709658
129389612
3429354453
2297932943
1216528638
912336731
3834895634
1946035703
3339203226
2048432227
3020425291
2942727487
3594106998
4178315998
370803166
4266130401
1475614059
2054479862
3847775160
97950907
4126844347
3211349117
870899186
3541851781
3952220700
2356538911
1396980662
3002408079
4083245970
4157243371
1615471716
2361559180
3021799769
2200610555
1218649174
4010039410
1834331321
717127349
764332380
2528886865
513045460
1560086518
3974206674
1495538149
1601354840
1267435775
783210187
205952978
1844242110
755075878
4141055001
2699161710
4276994114
4055285826
1448939960
1822148525
3569032636
209767349
1089054820
2213753383
740886066
1806206616
799574004
3882685168
170448376
2828489043
2960724944
1648025575
1493799485
2863040128
2402359164
2739650974
841394054
1117217905
983162413
3710239880
1436892563
3021552521
2814451171
732458936
683371795
856626168
696724453
1694889996
2965948169
3291481021
2548592946
3442957675
2647190011
2223060193
2869638052
1017476760
1178025491
2218140136
948127423
1122837856
3480322645
3739169910
3054825031
520909703
4274070936
3824463619
2383512041
4147889161
2987725842
2198215270
395576482
444785074
1526425271
372847462
2580457622
667176550
119067485
3764187711
1467805451
1845288962
3710157872
675431599
3793358368
3147998006
330383822
3086673251
3562873361
2606509865
751856877
3546916590
2325906511
113547635
2467415694
2935041109
2930337541
3069785872
2639771796
4199964271
4164436460
645992532
3625579033
1859256791
2706154762
3975414714
1997550983
357719200
789421116
1452195093
65206493
2308954883
1240834441
2014586257