1090281468
3900572004
3710696945
765429549
2764088541
3863607617
516008656
1162999704
3893756037
3897586553
937187050
449309783
3258775743
1145335735
1243129042
1464097785
2198340741
3441662295
2316642731
149969711
397096452
831331120
530047069
2617222486
1627950486
3406944873
3068057228
572500733
1091342309
3391337273
1655878684
930252194
2428999466
3829693930
1919681031
215096510
1900095074
3974806775
3520351482
2958890444
1959562598
3411685604
1266914669
3159547492
1087803449
993463991
3649159398
440542253
2605744711
4259008409
2009590914
1969462206
3200356628
300923932
597084913
3278012825
3985925710
195270502
214060173
2314371606
4194775845
660623042
2882120111
4147546719
514347877
2198794371
434997316
1391676763
2292773429
355147771
1480869242
750426913
890109240
4240499531
3071918327
2724494063
2705575602
792681566
2819236021
2877358672
1873987028
1896026199
3411602190
2543216905
666688691
3347014078
671285362
1071893277
1398552053
1412588568
526869186
3082455512
1826950166
222930664
4079219383
3174036320
1588109219
3271243929
2119440540
1257208328
343763339
4158820090
2866461265
928280542
64501879
888240345
3674625997
3120002595
1570820168
1924369089
851490620
246805037
456309496
2492174733
1968035017
380391898
3826968961
2183025126
2557205665
2719209282
2645733153
2996146022
1486467597
2705969178
4064779692
2409613139
3798030565
416057442
1465482867
2770633760
750998223
2180892856
1670670059
1133483942
77837062
309518735
1802861670
2624848518
662057489
108224751
336767657
3224926252
3101027861
772522642
981869361
1588236034
3732388037
1496656044
2537885630
1887458389
3265184490
274377849
214686723
1148510451
2453612029
3867524461
3293833262
2029014736
4071837224
3371488851
2700290931
2601571857
2868274016
1615947683
247334997
3392225933
3995258648
1748960198
3480265531
3256079828
1487216653
4188214949
28066582
1362134897
815539327
2711823753
2489618127
3996558773
3157433648
3982617639
2268067707
3311010799
3657210591
907871848
3554639672
475708743
3281481065
4155591278
2208295680
2384434611
1000834251
1285168375
4142231802
3791038731
3890894613
699984032
59351486
1367725455
2187755151
1721569994
2909985519
1225240494
2193815085
2730684923
1194107127
88815185
400044364
454694710
1235954358
30400383
953500381
2002017962
999009242
1202353296
1951995997
2779923372
1887027412
2030644054
404512890
3365601468
1676160088
1115899113
3375627819
2396873207
3679600031
1874471754
432274815
3053604336
971932329
1583768285
3654092160
346459328
3567862932
428932908
129400711
4287666871
1712720751
878600962
1003000438
2977336009
1576515779
3790479603
630081432
3535979535
2528464645
368672077
2181168106
2128679196
3681276818
253768959
3494227812
632645004
3518310779
2385932376
3502092410
3139241639
2109080735
3786124858
1374268458
583649101
1594765011
3169894653
3933391870
872045226
3894076982
2734639002
357627746
1395260774
1520630783
4079264883
3669639633
879340540
1914687678
3150124483
2075886774
937555432
1017883602
2468837386
1868197550
3218999758
2882022488
1804837764
1856287130
4093915464
4125707970
1959580818
3882074118
9564856
2387609421
622666000
810294399
1496816958
1405365448
943763585
3590490434
2913595913
1193748437
3218652695
273723324
2007895508
3847234519
3859074949
1632008998
2602519537
2161073149
3665611473
3790081642
4239201466
147921509
3967349257
2651008165
2291818223
2689986158
4024705934
2842969933
773112944
4088440697
687082485
2061005892
1434665626
526204000
1389898816
3155103106
1008781826
3429469106
1906655654
383004206
1006197306
183862254
2185844799
2207618774
2258404358
1479342018
2423519160
123397103
1341573145
2879698750
160101543
1875585653
729975985
3504402719
2766502800
1193669318
2843259587
694757877
1641624200
3271270058
1385733105
2773689855
23596897
1335918979
2220436194
34500939
150349146
4131066780
1574211554
1875020925
1002232654
490691948
189024710
3309039389
2949882017
703328116
3405771336
34492888
368814139
2490705477
1370773541
687945099
121344002
1410723646
4180329599
3440879307
1299588012
1276157495
395237246
3078787762
4101295405
3945140846
3734429637
437297982
2030875097
1656653401
931788916
2314770373
339021972
238409412
3775203718
3365457862
1245610148
2691946890
3611047146
1924831867
288724714
2027292373
1537063805
1488503400
608751436
756125354
4115929276
2731336307
3868903067
906174320
1691801445
3863606838
2253383582
829074441
490300323
817478079
1263762717
4159042828
495742426
2799539279
1799863432
2787691305
49433373
4066073675
3655918309
232219519
3421125441
3888730907
2557186827
1829602923
4293821021
2183059749
1291874881
1979205334
407413723
1372262450
1488083299
3427611260
247876985
2945579787
3641597730
731290445
3330254997
461492836
3985960634
2654337329
2586716743
1791566361
3835795761
2744239627
676698533
3391947000
1281831749
3836662787
955998052
730028056
1468688330
4249429537
3099075927
1889395236
2179627240
1858464110
1791957767
1017818877
1973738298
3513619187
7402372
1310513918
28213152
4241665635
2214750013
2232007579
1063599277
1017368059
2120287071
2607631621
1058264918
770716246
3776337739
1535327974
3846674548
778240200
485344689
3513047617
3196308821
3645588758
3602159500
3085795755
3631981475
851080574
245629142
1341446229
1120862521
3914479802
940328510
396021702
1893617810
3957166500
2269634343
3000096394
30528213
790537482
4181340777
3008680465
2853828171
3248843346
3303315886
694376523
2431421322
338523855
1757425623
2957852989
1617620982
3398211995
1299584103
630968615
2206739689
1970042955
3627264326
2794715892
247432822
1084998862
2224204520
3656280468
839616481
2618620178
346418933
932257860
1124439487
1641777649
1968598927
3562899440
2529606160
3938228378
377450431
1211820252
1700563270
3083704671
2188792260
2706272010
353033059
63913635
2758884258
3721906316
2767921869
3704212457
2266823313
4006649819
2757027406
897909195
2680007477
783522470
3201959029
1163907291
2929555476
2858899091
3804561415