349227891
2052554009
3730638262
459336849
869939028
2856167111
2938177398
426436225
2893943061
2357842863
3391116683
1623682888
688185725
2734268449
2714527388
2795006931
2711645684
198915998
1619310048
2859176842
560937161
2822486355
2425702851
3955911517
1796555590
2900802671
1305042826
1888737118
1211848687
4293882680
1281553481
1541450827
2467297690
1873338191
3462671523
228076283
2415490236
3206207953
1393514366
902013153
2297374858
1373398968
1343073566
2727043794
473452544
3231321522
406365035
2650220629
2568331031
1269330156
1589547373
459927954
2045154321
3166199633
1836352242
644875224
3213887953
120409784
2972936992
1795424557
2419943368
3241825440
1789398245
1305293179
1017945611
3444629973
1969553276
3120978400
3091888005
3342500821
2468933809
1798550310
274244501
2213341000
3149315796
4120271401
1468415755
1744040565
3253440403
624719967