835440831
153871609
3543559314
1521458253
1833280766
2180275556
3234117683
648735192
2955110931
529152758
2080641729
2120609176
3701018363
2478185405
309422344
3472625366
1801733891
1515236803
3103678652
1548964808
2703615469
701303190
1829458649
4093151110
2838556371
2975865362
345883432
1013699723
1826009574
3948157054
1891949451
3145969205
1944829307
4214523422
2570024047
220985563
2302205820
3936569720
2395380806
3899284083
2694137126
2751660510
1169321927
4057391448
1332789165
3255623635
3634215478
2583961628
315252492
2316652610
1799857028
2416814168
563853648
640760855
253611148
660434815
901970690
3926562464
2190143639
3301429490
174430375
3905311925
16806671
3711652372
2219373436
3720267839
1193575345
2927483352
