1954029600
2138990566
1641167193
3768272231
324718209
2684780307
2854186847
1703950316
3752710913
3859118600
216949116
3153293881
701897869
308260232
192708788
994755662
242345846
2047043866
2674687809
3962116500
370464422
3273342272
1990117824
4002741059
1665369140
1577480782
1528407469
435910433
419641300
2169471081
3988478165
2225509520
1079468808
498763455
2637713773
2065746464
4240400057
3367819000
1076063062
1790530493
1579102456
628826011
3448167630
2984229805
352649613
2430007902
634978579
753273103
1385603899
1938353956
23484763
3875675884
3306106589
2084001357
3488908858
3369182327
1313596656
3722246172
4104005427
851352992
2446221016
2071268997
532392740
700763494
4246684885
1939677058
3422475473
3546205359
1638032618
942775702
3106755147
1340454417
1565947988
1205320919
812708083
2528764169
1904578257
1674545313
91668874
3550256221
1630760288
1571017188
2030509002
2468922896
4256762848
2149785395
3346663200
1904303744
3881301521
619618112
2701716483
1422624612
3958562758
4167403531
235727160
1959530774
2919964306
1154731132
737196471
40675394
1276301389
671631559
4121840231
1863788286
2488203624
1384683890
2876991527
2426450396
3766604547
2789906219
4222975923
1822661955
3427828979
2368054191
800784605
583912877
673318650
381868635
3269561572
3668511297
1074572686
31677272
2580347000
2420051623
3915924357
3097222805
1199492025
2984434013
1547769038
3860514566
3586224651
2065659132
1981773720
1121083662
936439454
3952567460
3999852449
3766944335
784226561
4138022296
794601360
3755935695
1534333892
2750487146
157728749
1298067746
3907927699
1136125148
2391368000
744668396
1070482938
892232509
516427951
2183810118
2364515505
3054376374
1364587759
480075910
267615413
807438646
1151255439
1913570385
28404802
3289080615
1480485917
455206892
1089885097
590970716
3968383884
3827722352
4171031779
2695712992
3872248952
3398129399
2370341863
543681668
866342486
2493145256
2847396164
865672081
312816942
1116595097
2751807152
1749723280
1696500332
2242560909
1930819931
2923397565
940553304
565756201
2929888198