2280585236
1065379746
688872074
1272935360
2063965413
2671634135
1194836529
3988388081
1718296932
754135816
2781474946
2708886165
2052062229
3271330501
587446407
2442380618
1947477495
1663844203
3000877279
472892166
2335690435
1727507572
2242943546
3142235606
401973661
142239577
2416968336
2452680815
4108515772
2884060526
1340147174
1256330870
968627406
4239471614
3514279688
1624222784
3566940013
2689143439
1852476038
3326993015
1361967394
492388252
3780960408
2327619106
2932228356
2684025707
2432894055
2586342771
2717264565
3228975270
440023717
2836046817
840842910
537453142
3615630423
2538692320
3302270228
148750991
891240320
3786342743
41787166
2048371841
3516739325
1839911514
2271625307
3799652266
4275941579
854912362
4007040191
3069557236
1965903236
1716610726
3998808435
1857132271
4191355718
3118157105
2527957810
2621301406
2010018245
1885127450
2712846410
3224240011
1008586263
260097500
3500134004
4194778878
3685932377
867966102
3893318483
1607914157
3684714322
1587356047
995607560
2023043638
1743561143
3591869569
3040947546
176965822
3558306475
2064564347
3884373580
1133526294
193540868
4201645664
2329579191
916865943
2686134824
596830629
1222479874
2842628401
215246163
2731755237
2611909928
3195725260
1212789686
2208262502
3360822822
97506845
2300128516
1218604168
1356740651
3723355534
3339403817
1922567429
3988538372
501278008
744083710
2065779734
1730367062
836366741
2531089390
1885509554
3834266880
1736427356
1760484233
796467266
1949301445
3338681569
4046272174
1433069080
3022000988
2057454526
2803042854
4206530622
402903659
2119387989
658358444
3241887275
1679455606
908407257
599499463
3364503906
3742058354
414107236
2576742993
749906210
3310411491
2832735944
4053477245
2504856253
726832465
3594398442
434970474
3288285080
4273451262
569953755
2140768367
4085801267
268083966
335933999
4221183481
2175973432
510748087
3380694795
2608081230
1089186921
2427089979
1065307420
3898104919
3399085139
3701221080
3167084116
4114945228
1084847423
9046975
142531330
2276927668
2932601631
1531765132
950415638
1811808156
1438058539
3227139804
2811886083
1805550783
3337952259
352169936
1650297491
402489185
3824630618
658488880
684556735
3989671542
1707756099
3936179635
3142475357
2264685809
2782851527
2124785092
1234916458
2068911682
494643276
1039001647
3929632382
1139819831
2445495927
139240081
669245101
1499901207
2849746411
3240267025
1762174447
4173067790
3363646413
4043091845
2433736968
3479188300
1506354948
3166905181
147774122
1659281922
2988871143
2625092856
720705705
2623641522
3422518799
2912650226
1344958309
3851061364
2547541394
2886129498
2102193249
1972625193
3561738788
4279655201
586657690
2056745056
3132972276
4097972780
1630551796
203121791
2528241086
3075566600
339773660
257560305
2964356357
1547552515
3698241638
2963588196
2797874287
2299515306
1981256280
3139774118
2996585202
327846552
2220930818
1789043273
3011084369
55101195
1287845207
920089911
1907267785
859959207
669534156
501391138
1851262778
2930807455
1940721352
3744053915
71701342
2221696014
3114693429
3049398505
3727912545
3354089454
1146958850
577149559
911529578
1958326103
954752584
548930548
2275054197
1137192436
453562346
641849583