2422455166
745106875
2371535247
2064555041
2254560524
3873291619
352999577
175673027
2227714609
1710882654
244937471
3769151524
1901694333
354393025
3444696190
2393569315
2868270795
1361500314
1288654877
634378472
3215668050
4228582778
1487165529
2597861004
945678583
3217202294
4176254049
402111209
596821333
1131919253
1233059329
2205021849
2041951447
2396076364
33982444
2740332111
3121657672
871787312
2441159389
3606111372
706931302
1356397956
247237046
1236561845
2985090302
1785420139
222535732
2019116693
351531340
926027945
2645111898
700313721
3208603371
800191813
1493162579
2943634192
2918594593
3326710718
2575944307
4031478988
3874125470
