492773594
1135199130
2621717555
3139180433
1637803859
1298569968
831999241
3733533297
1150760380
3773792056
1716072020
1370959648
369335120
4102009849
1850015992
917981721
3437914867
2794183987
2744500821
3391021392
75677377
626251875
1950743884
3880992958
2790819579
2200078076
1459584214
2398188657
23176388
218144253
588364542
1853081585
458798591
2759481639
3895047539
791870457
2051466428
1047122856
791201612
2171842502
3303056616
3580626617
4179114783
3890202545
2735025367
3533794645
1485619386
3083836140
387950615
3447672734
2637426691
3384587587
3756539644
801452766
2842531391
3785149083
2911814991
4041520644
1556812012
3624282176
3441028089
4036071957
1196010949
1054092002
1128547459
82053765
4263796554
115210073
2294896127
3065572064
2395709201
2237337183
1979051426
1527189415
4199110672
3846807340
1884033771
3422455017
3238326611
2179257367
1708382749
107697888
3637746074
240446483
1934565672
561560734
2323851722
186660262
705100053
3920838926
3905994996
3266697893
1361035287
394159535
1692069199
1640121891
893175702
2787630220
3596346344
974910564
1642355223
2188635726
1386443749
3043810090
3912135725
2258781687
1397461628
1899894613
1973901042
2177830195
2980305392
3494233970
3388006047
2310735410
1076705339
4188230962
1313259981
4282379336
705798685
2626435109
1907394968
129658787
3581255325
2160727265
1878390204
4254263156
1633440266
1175886169
742996419
1520327707
1634072997