2789920676
1907647278
2213284263
203024039
713522725
21887781
4287409901
3054203215
1183852676
2376639490
2200803208
2038761478
1766122784
4036508368
50371366
208716602
2358233806
3559353379
3139834233
734484231
2356064061
1503705827
1320358617
1667016022
3890332725
1583639438
1560665054
2514345131
434266091
2110332493
281570534
2375639285
3225439325
1306258647
109204282
3822234557
3195987880
4172050644
1445987659
3182074146
3424317557
185152995
1111053699
2149179466
1012520017
2559202134
2549438612
1759091607
3210667224
920922566
1072255192
2189893989
2150386403
3333302730
2050588889
2491136161
2535464685
336037414
866360186
2176095929
3485243294
2473995160
712865417
1116495134
785183591
604111622
1576145901
867311480
3627499022
1977544720
1430502739
4107875137
1670035510
1904078315
759696075
405632183
2440653062
3538753891
149517688
4204758284
391985149
1038562081
1141183034
2322496209
2163809324
582193168
3658275752
2017936148
1300369265
560591744
516158531
3406879029
3313920212
117762357
875951136
691615938
2407071922
1933615109
3891703478
467981452
2972273567
1003347522
3660649034
201276517
524777341
1592602542
1261642463
953796256
2738382117
1429688794
3709005050
963493839
540508641
2291979488
187831592
2811116236
1330346977
2224340528
2788128779
2521711860
3307539002
3937663710
742540782
4243521918
7926662
2988732765
4222218904
344746111
2389284577
537204103
3773082869
1569040485
1689305583
2012744730
3741986764
679356665
3457264807
2734019003
2298881752
3175587161
1976200181
571363539
4000017585
1860104226
523542898
2925442068
3125357905
2560524462
2799496872
3235313736
3726169051
1260031407
363995221
1707838864
791502004
252664106
2349319887
2825348826
2374884107
57647837
3626264274
3253581369
1038416531
2883220175
2666094823
2521736363
2947723130
2788687342
2636867060
1732923382
3846633857
3380193669
632831080
1769092773
1032039467
3189331585
1754358455
2566652299
1014122168
2162973090
1487260354
4279114906
1888625990
631757119
4277780311
3444170129
412599301
704760681
1653478867
2213785142
3713837744
2396214348
1322201803
2493132834
3689456761
3592572982
1704658206
3227644803
331183538
3964135587
498288233
1713859435
1013086123
2365864494
2857964127
4099621092
3997468259
2850429716
3968741816
4151477996
2556557250
2297276172
983334172
1969151852
4096202252
394832471
3646058798
3903915593
1242636156
802802193
3736704310
3560552556
404055905
284075572
330667379
1023409671
3437929713
2411640975
3137240374
3709814361
1842132972
2441140723
1575525714
1888804385
1399406907
1686995970
4186110660
4222195235
68955432
3383785063
1552777298
3863861772
4270176170
1924121298
760201743
3582124367
2236535150
4240546258
3153301471
1790897507
35652678
319437348
1449626822
138220871
3683574967
1364966417
402983612
3805690260
1989531859
1897131953
3638540883
2255636941
4046769418
882503199
1939709151
688390214
3903539193
441353469
165337240
3940095355
2661280019
3629902231
1543025798
4057361706
3814421521
439437720
1400193623
825748202
2509026908
1126153573
3240397515
2908002733
1285488678
419628129
3789244109
1143597707
3489010515
1568178230
3059656684