784110974
1008029702
3345353445
927618385
1107778896
986474523
3765769557
1816738610
2595233541
83841232
3002428674
3602574946
3107986081
3160629729
1248012922
3424630331
3759121565
316790387
3683880017
294790057
1508374490
507719347
1057870218
3647788566
689162315
3189046081
1054546233
3122015697
1679184056
3249285494
1672267037
1258392938
3076818491
694093067
932935081
1066918532
1891618378
2293526022
2724960852
793782445
3702598459
2063950143
3528308966
1663858648
424486989
2124549817
3602510876
1850803312
1002645549
1547705092
1609004784
3194507751
3601459701
3512326594
101178517
2297844212
3244295253
4042069958
3438633958
2512997229
2572531998
2774020778
1695143516
3651498562
2981624881
3078429678
1865260747
3088161859
1862619340
439891455
1909232099
845862760
3573987504
3082755953
305650356
3476213176
2382270860
387883949
2446114359
2022226670
1537207362
556147752
1618235597
2308639995
2346766262
2796605735
2535270548
3561415245
2283248208
882479193
567026158
1828328595
1428099210
2406795947
1323479663
2522404606
2336593161
2582428164
3020880822
845190122
2521020072
4120914739
1335450670
825853643
3402277758
3861616287
3298550053
3358996934
2273411721
409614740
2312097538
1896383365
436249717
3776193771
2196774612
808419566
633009884
1463102719
3027972842
769169578
2938152656
1877969180
224204669
4071249542
3093319145
1206987193
209668772
1826669419
1793556174
3809675467
3689895453
3857070518
1495867943
3184844022
1355393395
3043630247
2130156623
1309592020
2471351768
2291027396
1721982753
4094012744
1975677118
1720031740
324003254
2973996015
3444236761
1103351532
1703646232
3974725992
605169708
3780429442
676780911
3113506555
3427532709
900754639
2285049881
968128768
3870147873
1051687922
643340444
4279801935
2451289935
1374189345
770566959
1747381606
3823067374
1993776826
1863169566
78788960
44069120
3668805182
4007130826
2204432592
3214016198
49611179
50417976
2910027398
2798113865
3897283071
3229332861
1867138788
3119968822
603397077
3098773945
1600983301
415058894
3964087195
1478876546
828120779
1359547334
3300157906
2043942575
116413094
1839691135
784424112
637778957
198593628
3230951897
3241718385
1442412322
2529920450
3337657283
2509421944
210224636
3124200742
1010682632
2346006501
2441037734
4127861951
2378026156
447256200
1015032125
2675342211
4273842192
1175051439
56696036
820376946
2763902305
4169419611
3469968825
2239639499