3601652947
1978868252
1737908342
2306667572
2236806087
837567134
1104683732
364010205
2573071586
3319113994
2488656117
398361660
745766426
2276629871
3923248862
3183910107
2116869163
1173280668
2776776146
3337329965
2306104397
1268560040
172829575
3627913498
1292147148
280564938
3028523226
2630269860
2741444857
3445678055
721397391
3244107362
625097376
1653035156
809506721
3658091875
934075302
98099907
132761193
3127956335
1222755935
2787666748
3376667645
120538102
2585601362
3050976385
1336330737
1563538745
