3226745495
413852137
1417073533
3722393719
2981350118
2899795449
2599961358
2549642596
2222502001
3062330859
3470195303
2184264924
766811666
1167730807
2732459580
184527716
1606762450
772958180
2821457924
183314730
1995195403
1279438252
3151141795
2592220800
4061989394
1826545604
3184718851
1949320070
2289934417
2578980032
2874798846
2715839080
1003654101
2042950883
3445284266
2135347112
699266462
3652828162
1621988633
1575609202
4270003624
2583393761
4195763404
2643088795
477151478
3953912441
3111220617
1315130513
2685736453
3073139637
3002645625
3889625987
3622550774
2079233541
1801751483
946945191
3479600135
3865423293
3738152491
827950785
3909010798
3265696401
3283426854
715755332
1601394535
4244887515
2446185812
737370798
2128656443
4189527702
4158735326
1388360648
2323071856
952672434
704629169
981007380
599730241
534979145
2032068255
1270223133
3737404124
314938199
1216903376
4232033881
834825043
2073099808
3748367255
2707310791
2005530795
2898716730
3495011703
4026850133
74468708
10172027
2960046463
701715291
157201842
234126047
2124060983
1847003222
2734164705
1250760534
1071580309
2536692935
4142699055