1906962974
757372984
2792155033
3063316581
2011660770
3431714497
3334878716
1254815153
2688760082
4054317997
2085067520
3411560425
1162083384
188822467
223348228
1939471708
1537485961
1167050616
991037573
933893363
4147332132
2762331303
2728422582
1544689091
3347157378
517846399
3073582413
2738702018
3940735336
2609532001
413105292
2299865263
2017298132
2418613541
4245620161
3537554193
990550069
1904246347
538337735
3335794440
2059407118
1928097021
1099860931
1108358726
3278475775
727713190
867574144
662913726
4221442422
2089739849
3432468206
3659895692
3559822251
1184590424
1737993225
2442721303
2193829960
3097802385
319978017
2088257526
2999568079
2299784184
2789905928
1059588052
877547528
380083304
3959205190
1281664325
634380902
234870620
962902332
54802222
2475494588
2966899372
3255641468
2924803193
3413648101
3292569042
2262852647
100437636
3473248683
3744369216
771646078
3394399729
2950718965
4020537621
2711214255
3647852688
2211717745
3328632442
2427663814
1334546539
16058023
3570370693
3680153994
156180490
1713382493
2508404544
1811299793
774036124
207810747
1851765553
251853186
3229454846
678197151
1266530005
3539297117
1015963822
803482520
2161473143
635335677
