3639894043
260622072
2045634740
766769329
641752718
1977009163
1210013236
3225740580
3843602839
2105754694
2441917269
1226537067
1572078708
3474599116
3276898614
2405435197
4251709786
4224420242
1106704520
1717039549
3625268366
1667101606
857754330
3682322666
3674464150
1072064062
4238615178
547800901
1820535308
4219968019
3573209512
845865451
3644315688
910906806
1872862231
2836843489
4109954637
971502706
1570650348
2792224497
230310218
3539005747
4110220609
1824270530
3557528053
1452548477
4563183
386617514
2036601657
3179742885
1626358486
3832172760
1985812726
774616751
504556939
3560299062
3335148929
1190840506
1124986311
1789167276
724186198
1387995536
1971165924
1169347232
2756284756
2948091854
3448681955
1430131510
2353384923
2249873358
2994463119
3714776703
1344215710
1788633764
2052031889
1847489727
295011761
1782364173
1921441123
2569715480
2752648256
1347745456
3460115127
2152423996
457174976
2564380526
1002715873
3651432516
112260603
3342161994
1783182895
584186347
916736516
896400715
402788012
4147158190
1288319254
1377510322
287824650
917154268
2574198181
2440439619
1551974407
341608888
1902522680
