1240574734
4223062583
1137488035
3570332391
2321403548
1126416394
4169406113
2998519094
2651325221
3086140867
2970746469
3879661425
2710804575
2135125697
342172872
2499101148
1730148588
3803758088
3707771281
540457208
3148770670
1639045289
1267503924
3011515059
1241177981
1467247932
1820541486
2440137587
3830666350
1991290801
2368418268
2755907159
3771004912
2496611003
2102998943
2503010193
2381226844
3415314177
130913016
3044673474
2381686490
382111502
980517240
1553532616
378475407
3586517378
1671431785
1811403540
1554618105
1408756963
4046910666
2772872874
1248612083
1189947304
3118474370
2223318814
1365671650
3536789633
670517336
2655385544
1043337526
1891487345
1669213196
1889134910