2319634467
201198158
1359951733
1582156352
3085657863
1561208370
3614531441
266641784
4226029640
2513114248
3726906608
2219258577
14078866
2290394735
984862377
2264251364
3621631886
2371799116
2882588666
48508466
968437713
2932093407
1200113552
2876482644
3941581169
1262326124
632907070
524433795
2973505436
216431156
3482371058
1072336084
3036972583
4193829707
1687037602
1232908744
880667098
2799914177
3690423717
787938817
3187457661
1336514391
462029239
2026534456
1016437357
1056782829
2844882708
3926436083
1273687724
969709494
1762129607
1062185996
190424948
3603649094
2503525344
1373818587
3674497956
100583714
298186993
4143318178
3857572322
3626888308
3601694102
1455872348
3134997349
1944548049
2115041148
131737390
2281377534
2991717162
2622726801
3957164389
3349617786
2453624546
2316673311
2487922013
3188467096
1544953464
1598889488
3614958958
1827531367
1583596608
1413842885
4159286947
1862475610
2313116014
1896756157
1376382511
2888780061
3044230664
62758830
2959715041
333978494
4112314841
331761241
1011578300
1043613853
2453316359
3509437824
904737069
2685365912
3879550246
209885667
3048844383
2696664037
2544146518
3487877017
969598758
593503332
4209616754
943614183
3766262451
3090965575
1681885133
252273515
67896838
4010581486
3594074487
30809946
1724676105
3281467747
3418086870
1832495499
704088138
3641839488
1745622223
472120356
1455835808