784533734
345134064
1498958086
393560034
1438822704
2160762174
4284260619
750338645
1650573463
1865331950
2557519909
1792709267
3829454134
4256312536
1242217144
62870269
1124157253
1384289852
706662068
2886812432
2294212988
849203224
1498343758
1785045352
3801974931
596248554
3999191589
3637752937
4161042339
1118518362
1951218768
1039249174
1397543523
467305362
700513141
4259228330
4284950819
2455056006
2740182450
1119746894
3603823737
1229743015
4135459563
2975983155
1488404996
3486087444
1820489910
4062968652
4023447574
176315266
2990794608
2056403429
1834799036
1796012403
4217071010
938960631
3523110413
3031956935
609460107
2495366317
2318919823
2239572444
2808503947
4218801401
1407722727
617469634
2594796315
2311262054
3255318679
1384518648
1539952292
1271793942
868558429
1543716813
314572473
2802519529
2964943628
2457146647
4101205984
1400540995
1843860905
1755279179
