3681298227
1623876986
1228480982
1538142738
1664084970
2444195229
2265697941
3989455299
934258456
2371247776
244227089
1995332434
3098817898
3357331760
2099732366
2976828081
1837318178
4067861142
589172909
3733683237
740249026
365460372
825705383
877312919
929488978
2379479492
3893226782
3099855040
3179120495
2528598331
1075879132
3692428693
141390184
2576049513
4011888628
3424598228
3250309027
3292165101
4233107821
3222821880
2115592562
522874829
474593111
831542316
2273422811
3031496660
321949739
2291344903
2859324030
1660385717
2775273985
2530210573
1091886257
3284655252
2813980698
1580326383
4159780888
3419544028
1271597965
2114358684
4149708719
906787556
3804543711
2283522544
2191130154
1152835392
1055556383
2931589581
1334286700
816026566
3743829858
1591827127
13330362
3560161702
2924776668
3033685270
2885137350
3760817723
3324089753
2935074572
1239668735
2553087140
1893398991
247087173
1934282692
3234910613
3237359284
4057678483
2014228687
986968487
1057565279
3072875879
2666045430
946398850
3634878933
1741542116
4197434418
980233307
3718209678
3265296376
4114628646
1746886061
3791556889
722731400
3458643973
219644472
864335264
2575999925
2953643637
97058767
1697267839
3308102813
1788133376
1775382373
3557611095
3359566913
608137224
2837748979
1310436790
4145907939
4092013977
3385797218
3732179382
3504565987
3888959930
2454936095
4006118750
2677057024
2423548815
1671414564
2107681933
3554623486
3030945223
3900498550
3591872038
2891704266
3115828662
1130828391
4247953619
2591334572
1035082442
4165002471
3964876753
2595177277
2287595342
1631737471
252421852
4077810919
1082117979
1974106172
3910856805
1682231041
2279713917
1316916947
580302221
286866265
577342060
3476730748
2014592834
2029838774
1658605882
351136999