553101265
509860889
1759001288
3325952432
314753865
1672258467
1296124462
190115210
2405812217
910389536
735210087
1817796453
4237709389
1237624302
1997524477
2842518414
3131235998
1490933452
1803567678
271745101
633593145
785079831
1801689184
1196721587
1364800870
1506448934
2269641268
664453994
661634316
579795260
2881088232
3394578772
2161122031
689878853
3094806888
2252263095
1882617715
4163443101
1168308907
2236389362
1361351785
1868479204
3816036006
1175284833
2029673080
2261376735
41885392
1571282559
3315459524
242546542
4076165114
1632893705
2720503673
4107998595
694319696
1036712573
3343733360
1342175796
1663000922
1826023488
4089127581
2310313802
434094319
3269069757
4036599134
3992693691
2968391290
1353449327
222122102
542205222
2281199578
433430424
1232063608
1998716704
1096940747
2364479482
544563038
4147467917
3181988714
2133204665
806525731
3708826282
1983894821
3494122188
4234155446
1178341842
1301096628
1334696043
1022478572
3415414927
2324454870
1095801334
1017516242
3135513148
4021251259
149462405
3454266447
3879958295
2745912073
1320738216
3287519887
1523031646
1275887181
2363066994
1819404774
3559731959
60847987
720525259
2407381503
375759041
2523721761
3777021381
2649949453
3516486786
2367164478
621845647
2979624307
3762806478
1887803595
3967545307
4286654090
2109282211
2263932436
2047711318
1616152162
2565339018
1416618964
1702688473
1271230651
117470887
3449043618
1057072124
1565101652
1329728007
235363283
3007546243
1995942305
3751933993
2172762335
1227355350
3446180479
85360436
537677328
787887620
333661186
2525375110
3254869430
1529128713
3630410093
2051351448
2594550915
72907586
1264424546
1639606412
947614126
2396586227
995290718
2682554976
206965717
2815656732
2151496708
1620242928
974658630
2256762325
3307949958
3315129900
1498995700
4206878389
1361837208
708301842
1048094022
680413954
3630897565
1177633946
2187872112
1584913135
2966238343
3407238581
1081064639
3094808373
3433450932
2931059445
1908950308
1968308718
4078384696
3122332870
4070093172
3321694405
2417668675
945166519
819168430
577942143
3574975067
4137376550
642565748
416567420
4037852178
3540259007
945820316
1343847627
3269313914
604490777
2597522003
199948768
1600049643
922087621
3785546180
2699193797
2132943356
977211404
618660713
2873782569
2910150020
3822555285
2330717474
1260810666
90837544
2616445526
4153770490
2941193715
2801842925
346049385
279611242
202335036
3341434558
2268320514
3178985982
366077991
2692022032
1901984818
1245761432
2785685261
1153969124
378404356
1479459440
1968896750
1669923454
4094332039
4278407397
1405367001
4088719513
2566264865
3404754142
1461095320
1777846709
1178307445
774290697
3128412185
1379331060
1695060605
2314610349
2294294400
4104010412
1265368760
1643851093
1380780382
2530179239
2032604496
4266337386
1953947932
1137651516
3869483791
4111009281
1143464818
1457058080
1747073688
3626875192
746419900
2522192971
1077542855
1245146634
3715812802
1337314118
2891234361
2314442486
3004577576
2674834629
2855728550
3089590276
1536625856
3716417297
1280861070
3659781490
981753040
2133951102
3334572331
250220386
4091443474
3486884289
2079538596
3171528258
2036469771
3387993852
3513545342
3493632626
3437924878
2966351866
1005740989
2424915400
3590710137
1175785975
3284350421
930793552
1619677836
2129615595
1953582052
2730183380
4155881718
1549263990
1521656015
1126448044
860064925
478846577
4121151397
524322025
2936525086
484387033