314738445
2031487736
2122842178
720016509
3150170632
1944266621
256844471
2721001003
2364592911
1898185666
925652554
890004057
83829216
638512456
2491226561
1833697658
3281173913
4104541874
4182778339
3799975279
695584230
52270583
2860210252
879809561
713043640
1649619118
3769445453
606809188
3072592841
1416497564
2939382921
1501035765
2424415585
3021486748
3357826849
1961267772
3610316632
3444458602
817658195
805194300
2379637772
1602608056
3340616400
2809121657
1135932300
4150636290
2632127517
3463186589
2313514512
2368743647
1894817714
457920154
2004694519
1866059842
2927878156
2804008011
1068429242
367498664
3557973774
3980810362
1606965230
3101448401
84304047
1570413638
642591053
1259397350
2441425661
1977711945
733127341
44064564
2902111665
4132279967
1220129066
884204679
675600702
2833829395
965504302
2586180676
1588735728
4116365052
1854425722
4040974551
2243400512
2728438762
3630032859
2656332036
4140447094
772717731
1208940859
4178913839
2814604152
3795096766
1827158239
4245395696
1918908482
1352269920
3050446212
3767322206
2332020971
2407482459
686892147
87203265
1800348896
429011758
1642140939
729107629
1633314342
231618119
618585116
186377533
1338015065
2036557789
1407119463
1921663062
1487751338
2157250921
230840961
1292205163
71250963
31924690
3586127661
1477849352
1759543170
2191825729
3483939035
2758193460
1162768816
251432828
2358942880
1351473424
127141612
1804609698
225572366
3258140395
1065275255
3774084511
1670859055
2391932143
1270032374
1074221946
3289031923
610827560
1861833941
2258397388
2665868349
332121657
3536051206
2108662510
2758592923
508576826
1501843607
3318044416
1766356633
766402408
1028446333
2735531129
1845848526
2024004165
2654658482
1579511818
3291995148
2793197845
1986833516
1033858823
3573764611
4114282980
2938508236
3611581358
2824259977
1053419622
755783450
2053406047
2619610690
3029220818
1950504148
1050905709
592934681
3008084387
998061426
775131659
2620662467
2804005682
2802783649
4041262889
1791067681
3413547806
1122169056
4092225763
3098982122
1295585564
1025695093
924990498
701484204
3949608087
3919510599
4127011373
1136959464
4155089429
897179559
1757651976
2428140024
3670380124
3172096326
3948987721
3671057481
1300500775
2061389774
946500160
2207574183
3329931726
3745086653
1439897536
2571999581
634633957
257303083
76392761
4181216370
535804026
4252210427
3889897216
2289198577
2858944254
1797642120
910021283
2835221599
515470587
300073171
1826455114
3131016931
3405120144