1450802095
1780109283
622503473
3298560025
4195635125
4180731996
1850097184
1747004539
2101138955
2026625393
1026790137
1546127757
2981232265
3139775837
2687323573
138870413
804782319
2939238774
520164610
1489775152
374934951
651514541
2901827636
1710325920
1206068504
105202943
3677340697
796133550
2365840265
1197594653
1237472919
835242236
2092557601
2552329094
396058625
1146902327
2274432613
2780301701
2417642489
4010277456
2816287113
2528238791
2337901788
1646879759
3417482252
2795220090
2834176466
1459538031
223696388
1050763857
404606752
1791087377
2224974953
4143106958
2217203984
3352456960
1686546503
2836650909
2738493368
1333102164
3618963143
2793884586
