3781065913
1878674574
113226967
4236575649
4008320096
3446106266
638076560
1391284004
1263161914
655287822
4101271007
1013907035
1680791749
98967011
3373259939
2021118951
1754166370
3476864241
3917345238
1986438071
432310157
979052261
64553058
3582566878
269749898
2815996794
1331648230
1238330646
3534216574
1699654069
3237035411
2646380818
3623265442
914108994
79932234
3382787416
314413517
1952230374
2321179245
671614167
1122847688
3903578557
3748409242
316060210
635108397
165150751
2242808283
3524535822
2938410124
1561228055
2839819809
3711616691
1278079322
1498042133
940868763
3665681680
