931982773
2883112196
2069038164
5771822
327687495
223847467
2463096437
640087019
2552047020
2007295779
215899407
921194871
778699044
736070831
4251515472
4165883694
2975724573
2981098255
522062317
699073266
2274691181
461167918
1523846416
2540589035
485833827
1457044123
1253627196
1841581080
3964041272
2117200515
4196247711
768876998
247725746
2315967056
3230937765
157692655
499626236
170009274
457200558
1444376755
3282661406
1802460738
853656182
4232633013
1619160188
364189279
1249849463
2041111602
3333534544
3574332476
820828606
1671757909
93431286
33538354
2803664171
886224626
4220140601
1091013187
1679021539
1552170375
1247804998
2836522636
3073056919
1186604080
684019641
3370731064
4127373485
3348720830
1632165602
2619640044
2197733373
1534736817
1188266127
1221138689
1002453018
335726899
124812198
798634692
3082028857
1982798688
1670743560
1540828765
867979021
3102387261
2378480852
3411685226
725321768
2706083795
1623697455
1779415091
2985241123
919373793
1336033945
3756289879
307251222
1910911324
2830402434
4002242415
1055229310
2170391822
241084720
3902668925
3707764131
2291629171
1334321186
3408423250
2806937672
1835721687
2726202036
867201554
2287301957
717738406
2799925268
2358820675
2156810962
803746756
4086281079
3929322973
2058028461
3050339962
2912841770
727186318
3861966676
855504809
1590727065
2528056801
2198970557
3217492185
4208226569
1474337302
4282082118
778212416
1965789576
1506794118
1269282272
3684556345
306884701
4021944914
648174192
975562271
58764299
3058263121
977316847
3565752589
345674628
855445270
3249399642
2019733344
4235374660
3817547961
2875332827
1238663288
4186185294
2482746249
3451762842
2922622089
268311479
589836183
118847588
1441955689
4152680470
1718411048
3626420884
3143975136
1113231668
1395592348
3200474630
3170429280
2699965189
390673490
2645915124
2210428922
2406711925
3827702645
170356726
1412278863
2196180337
2948538151
2241803711
177112798
1454244291
1542081387
2755658708
2435982869
2211276775
358759302
1164720571
1739933238
328327169
4217406821
349222986
3765020304
2360804387