2170301321
2270386207
4199507110
296542942
1739337645
3537263546
3523438516
104260172
2968974178
875511734
612760078
612102441
2836630635
3599018152
77987242
462226413
1518981571
1324080839
421967802
4212064718
1653089558
81163432
338337238
4035516085
2792338197
2356562270
1302735350
216828130
1004568615
440541307
1289621018
2249330756
1681058616
2117195261
372135809
3623657021
4249332487
2317125728
3055314206
4146376570
3362857616
1190781163
1990875817
407868098
2600024367
2396643565
1592932576
145441100
3083091052
3954901823
1092731325
135463745
1876220391
1836383218
2097606352
2804652752
1763325214
2454554063
2848077501
2119081631
626022334
2418254842
780360437
1925519257
2754853269
2388910851
4094742673
1903274730
2363808854
2349729943
1422345571
234052387
1339367763
804327032
758063993
2923157956
3705594180
3910981751
3908134698
2500293944
3260183368
3072863800
828949130
2286650551
2922931441
3576296580
99246843
2394745782
808050857
1124336892
2396989804
1811785356
3594399535
519030688
468962450
3445216343
2795519181
2900524158
3474279295
2291965106
2529352642
4136435783
3681037904
3614559860
1106624068
1171961860
377521710
1809398871
1169292878
1216432843
2587393624
1770069528
2001258320
191185105
3835432035
486989670
333674100
1648075078
1391274054
