314848909
2902895831
3764605058
2508635816
1500152659
1791137296
21070531
1004122880
3666209935
2810102939
441606078
937205522
3001970361
3464413126
1950388302
28632203
2445124511
306626694
3556191100
1646203406
937104789
906345324
2468193806
3644381001
3182757437
1985264221
1442204575
696945276
2378945240
2719482799
2277999193
4184545268
2645628458
867962096
4174461682
3457608793
2206452715
9516650
867346683
2646233661
3405225782
308588164
2826457124
3325378143
3462359553
2284034981
528101351
119512761
3593416419
2916651103
2180041822
1221116933
3173684061
4194658328
1513645987
2687594994
3658906118
2145510373
3875072061
3672674587
2553128450
3079285518
916923634
2716110182
3237360771
4090876411
1429206033
2583385855
1461088002
3377626041
1701247893
2837150518
829676987
1799494728
2411982802
197682936
345635312
624308844
2205857595
366330290
2837727009
2024210529
1688664885
1586396132
3263538598
3175705071
1977624849
2993132862
829812351
600627064
3640574416
4148928209
1174848401
1285212168
2698126655
786034471
3520910913
2483019630
3903059937
1126371561
192878535
2365284658
1447825854
3601857318
1497058452
1617876498
2261812799
3313630055
768996658
2968075032
2745679734
3558659838
1828301809
2644352612
2458113790
