1165828872
3519410543
1328110461
3895671659
537965303
3814253220
465994056
1974903261
60190986
1157876286
4058248599
124655137
1507272915
1628442079
77042104
1899563123
3500270190
3669505969
2421568111
2059286414
3982994089
835349491
4231842642
1146121889
2160246000
2983750295
1893042804
3432920729
4031010406
3567967634
960585522
3652023436
2946266584
2771853163
1054209368
2866492846
211755428
136617352
1554910852
300449323
1734812385
1581476446
2564659844
3618052438
883230187
1007390284
3188723350
3614046030
3058110751
899989998
4065056963
3378523713
2893811983
948221472
1158872247
24282517
3311540975
2070601496
1856189463
1441678187
957445181
1845152154
953010670
4212459534
704485678
4163574862
209966407
2464286741
1536387036
2431961818
2640770090
712015863
814547549
563872889
3472822307
27557090
2098665850
1634929368
1586718490
2869271636
3939020028
2728570809
