3723083217
122363465
3792479695
2488971478
3737979857
3705415092
1147364856
1759396237
276446913
1416662489
2646169271
965646488
3236101761
320402259
1545647027
4214949019
241369030
463750658
4157543861
3772473920
4217052375
1725332866
1003701001
2801375183
3125912788
1854745555
747244707
1432195178
1074992848
2783524956
735871375
1127378324
119482776
2713052901
1047500133
3872650270
3685225110
3194446860
1108585018
2361515176
3708424977
230949658
3754535902
1421423186
530773855
3756898928
1495669594
