4071837702
648431302
358800675
2349105524
4252844193
180387830
2155008442
1888685006
2757035579
3902664671
1272332725
3333147525
117568116
1733728712
181365521
159385562
461760627
2223024463
177376832
3260240188
2315392801
2232021291
276719883
3671266789
1698823883
823876874
117051285
1418530375
1428631030
1710571224
3059979010
1684746789
3677453602
3156955449
1108746794
1961093826
1014850884
1908869249
3538873086
3996277036
1001746600
2922138415
3727732377
1017632025
3709736530
2405719414
3760550645
3983336470
235460948
4257575002
854996258
3205132510
997789718
2046192890
3797659993
4015724146
2090425142
2981917827
2181405139
2802463361
3550768012
1940692425
2196155274
1629479
263767427
2732383043
1331656304
220374694
678454635
241306437
1346392339
900400388
3336403391
1417999810
2630818605
2813743790
3390577620
3999841674
2903869803
1152206851
1391183556
3016311344
2016734005
