1954678544
344499889
1855958997
1882224608
2848019168
541536911
332030721
1581026341
3715458751
3081049801
2187222915
3162692920
1592329189
1783945181
3067965461
1860977275
3632751531
2600138633
787982814
932423460
804729477
705150748
2528118328
2102276348
1649355948
1611842552
2914883588
2699035698
1107230372
1355692539
2074933969
3619618766
2334563995
2747924821
3298933906
1880236834
133564778
1472478473
3266646311
983400656
208004159
1508785199
1237038998
3457897285
1587343889
1676844937
1909984308
2073929105
3998649541
787867903
2635752170
3115586801
1568478367
1952893631
158033764
443364171
4258534186
1449620102
4259135518
3061692369
883245228
3187749788
2149112356
2483483832
1252235470
3614161202
3290279235
3944354820
658237711
3275650238
665172674
982795834
935540511
36223017
133924315
1900547310
84230825
3349001680
919316152
2989965677
1573625450
3912147170
2940528506
3853298367
2061440561
941225367
392802989
2826042396
287485940
3395617826
2939695379
1582876666
2152130102
1727982610
3186714512
62028055
3149542881
1850900538
131446962
1070601419
2934115455
2812693355
4238166594