2840850495
4019279125
456632362
2951978166
2996275461
1593876407
873620952
823810045
1276840743
3564808278
2224482535
4005460683
2680632750
3097566691
1345458083
896211253
2390425784
3976291738
1567774761
3969831333
2187514599
1897684772
844691362
4179344216
4088717435
3427640121
3621529614
3913739903
1246520407
1259774310
582460145
2907148888
2920928318
2059566479
1043278097
2535606566
3394522415
1624665441
3800863117
2027209611
3604539258
1734905549
297374923
55875013
4292743973
1706949533
3765818166
1932070283
26810372
597314441
1479593564
1788707588
1913578791
2585383732
2034965476
629785714
1335505040
1850741746
62515321
4109201851
343011016
3089686426
2269965889
4013820829
144248480
4224062325
2498492343
3359266501
3117309976
3467466282
3363289106
2774231511
2201272857
389007486
3101591303
2824713477
3976073512
4004382489
2131851373
3498112933
3814216517
1167041252
2356041030
4149077866
964619023
1712189761
1596965219
670301675
2760935904
3025194147
3535561125
4224062390
655580086
1978935448
1489072540
2304190008
2171447163
3622366626
1270404659
3037691842
776289539
878090721
3681204253
1004326334
3137312942
3746888366
2337171710
3958343982
914255993
1878550418
660927745
1834080753
2299602964
555727826
3314150539
2811327617
3469070890
2579567507
164306036
3980193087
1284422687
1235023143
2688066596
3363576720
984183903
2553132186
1634922680
2340718558
3798945748
3121720479
3602079341
883834297
3946623790
606263013
1412694813
75384889
797426243
612203379
1371128760
1583765443
1298803096
2655597020
2700536730
1692061739
356556050
2934299931
1024773385
4001519807
1488460541
3682076504
1019944992
2885266159
1187821521
2637464222
807251358
1179558832
2040584694
96896594
696991829
4279236467
3427183976
1731704194
113240667
2347539842
3330961055
3102779552
610494492
4030197326
4055957512
3449806955
988226501
4111813353
4229661040
66039885
2074347507
3106774557
1835662802
613685295
2715770220
1044233623
753224986
327730182
2662758162
2417882607
2504590714
1608001678
3564685879
2248666180
4125939248
706560833
1502102442
3671971892
3543877287
3697842544
3152872188
2531655817
717562000
3657185536