2912010532
3307534570
2645079710
1326548582
3324312664
2287877650
2072669507
3657685354
2901729461
2732089810
1055880765
3141382092
2710983223
1597724054
1893964577
1642645271
1889496074
165197158
1040229384
2245102851
307309444
1767783600
1641629055
805472588
1712333266
2036732055
3913643417
2517902951
3833053675
3438587074
3238691731
1558937453
2059281817
734646710
299273370
111364409
3648821660
4105387253
2736870620
3675504784
2827979847
1761960939
4069925319
4225279474
1149121889
1070234162
4194404724
2962385099
3176054613
3182549816
2700236202
1675168796
1146545369
1868314703
4149263795
2954330554
1909182843
4128128029
3768908203
3182634244
1369413744
3474461262
277111710
2819982304
2442615584
2835106438
2195142779
3256356520
2107087913
320459289
222592539
3398967811
1792026759
2321399234
169037467
1926468155
190816002
237217416
4058750189
1216811765
1219148093
4292100949
3461383432
747555803
1209128448
66763865
1737032479
952428670
274402821
3561230985
2514470577
1318182707
4020722247
571886949
1782681137
3006690989
2454984725
2850302101
2911785997
1169769334
4042821492
1419552424
4000281049
2110454385
2383968404
3269071923
65753681
2947612779
2997685786
1779128743
1954703214
3324099994
113874872
1219741613
3996581848
1276048008
2122748050
3265451848
55071547
4099358322
732035808
3948452037
1860361430
64055572
2738435465
2824845020
1697871069
609617647
745756673
1510653188
1518772069
1009580333
1508785732
58863243
2765160480
426868089
4119557328
2805924081
1773019646
4038323517
2456375272
3625280541
3976298172
2820366777
2350748881
3738838557
132333588
1530788271
4070205290
2840209611
2537624242
884328471
1402130268
768207300
2823189988
283796109
3180182299
4159005575
2887374665
3768177012
2425627104
951180368
2790223455
706827812
1252620140
4099415921
1055149581
605156539
1725853761
638750876
1258752079
2717914194
1497918314
2273735377
694448342
2031340935
2951570090
8771148
317650650