2333447945
1105942313
2583671585
2172298840
2385243578
2099439218
3508152589
2891177030
2119038679
1246724543
949677634
2963972690
2734886605
1380452058
452366927
29066035
3554125656
761385874
3386367162
3116496367
2238836515
3245352754
615605847
1795534577
1337590695
2742432281
4006904482
2805041239
1893251594
3910033489
2631361573
3818172107
2225921189
1837197354
2766212037
872335237
3570259532
4195357719
2238646672
1325601067
291679758
1415496455
4060305655
2200009792
1487793124
2873829085
3217928476
2508708119
1283645801
1293548569
830905949
3531658917
1623239157
3141719725
1405029465
2345438779
1896976140
540578113
3496141008
983689068
1685054290
2626422527
3593980749
628235105
1396973188
2689734871
2899639116
344774455
3712266015
3689289824
2218122522
3556435684
573891682
1838374821
2788389477
77274949
2145084984
1206575896
3736955972
1088512771
792687094
4281608267
3663323905
2805578998
2623285058
1816839021
2712262392
2577330071
2360608300
3401112778
398971591
4198063008
248613112
3144048814
2094643704
558879702
1371465949
133778678
2371461813
2463462557
3520021511
897594867
2993550356
738390486
2993274042
258863582
3527798838
3247064039
2141246874
4288130501
2244405688
21673510
3842146129
2275836170
2397711519
4153153004
2182563088
