3347509869
307803616
1659490562
4040162251
2645675079
2171326002
1068465686
468924037
4235309396
1940258946
2091903287
3454974722
3061116677
3530874670
3727318224
349043949
2756956097
3729536033
1492048033
1987010567
2389911699
449282946
2557323758
2402823866
3529700563
1277537766
3597829398
990227612
3336151596
3385310969
618196285
1891021645
1041899854
3813817667
142657386
1819135621
1347454234
740413835
3342637396
1747056790
3050946956
501254495
2912025271
3082806853
1632590046
3107117837
596443949
991656575
2977203253
2241027875
839500230
2456441637
852469102
3541422200
594358415
3601591921
3229975380
3151870275
651293876
3343601270
2281254691
2960575535
4097757020
1712030941
1897520496
2347390963
2008674054
2404589877
