1163887948
944968021
4004353733
3689321087
2394418421
2560244215
4185800669
2585185508
1310745882
1652434081
1835705230
2884842442
1087383544
342283104
2840836276
4151649236
2186328820
3481136270
3379363890
1013815287
917803668
3655067393
1733246230
2592753191
4244753565
1085270289
3066336568
1261516016
334622369
1179502015
3118798113
3760011496
581246303
3139233784
1709122261
1292907367
1962720501
3928288711
2038547135
1482532985
806809470
1768927513
2301111118
1217603730
1567923027
4022738023
1821802492
1825887641
3887026425
827459389
2798235814
561877137
4102210389
3219583913
1722309537
2542492611
2306234369
443462283
3553442286
1892546144
2261856232
2613898340
2661131381
2068764506
113109396
620629048
817689377
3802322462
1934352403
2639852456
276507443
457178856
1049635804
2749954871
3095254071
3460323993
3807987093
2593423237
1204208357
654823135
2768154527
2179887857
3825941685
812069156
2643998215
3604325118
2775882291
2344845427
2279878841
1576326449
1891059980
4104581978
1476254708
3407649449
692188406
1433052599
3724290304
1980368600
1946286204
3999195454
546135138
1257940371
1264321069
3539200601
4183621371
1050472151
132868672
2045520945
2304743572
3377305035
2816099720
1005507618
629993876
3616871972
643477287
125906687
2963794932
3971594177
3582111775
2078525451
2038680496
4008814806
4254046492
918215358
1013979498
330590275
2590725676
1755608230
1734688053
3205168458
1220610221
1057838941
1702618123
592786669
4275306986
1856322037
469967197
2422691193
2088349689
69437041
4187896195
3618518184
4022809803
1020893329
977406383
162180173
679833220
2583354809
212763963
1928432857
2277258374
2584228634
3212722293
3774414090
202498153
1389092069
1619141998
861678874
728955928
611464725
71255400
2600094593
133425052
3491929966
3226279214
1273590710
2924118271
486162624
3383688027
2105604726
998219477
4137801692
1223432720
1510003772
616101889
3527237003
3385202450
4235630235
1550042178
677053317
1414457730
4194753036
575404555
2880052697
3732022719
2501073148
2984453659
2878107255