795776951
805457644
2048965910
690458072
3787773024
3075920699
2550880539
1675598270
2802144079
1910256978
451070678
2733411773
4050832820
2232610271
2547240935
476590475
802639453
3156165559
3597147128
3511321785
2139739614
3063625271
1043514617
2982705941
3485523188
3277856882
1787548569
3942003347
1778734217
918288909
1587782769
2342369731
1578749482
188286764
4258018506
2112942448
2273293205
4039529060
711474020
4268816442
1769545810
2644118359
2108984014
2556271707
1316622408
3428797992
2765251901
4271164399
2340776494
2345905680
1737148042
1273124567
1458665619
364409202
2149458741
607982538
1846378207
3435178815
548219966
2595060526
304682570
800910027
3702187004
466339216
700776228
191301905
138170973
4066889943
