826984045
2661945579
3532854161
3661396203
1056318840
2150274003
3756575825
3459684896
2448257916
426738512
1099781586
3223587251
561960757
3838632686
480551472
3711859701
3003687609
1880507314
2647255222
3181978815
1360760324
3246352357
836172917
472665028
2622505993
2430707014
313048299
3305268182
2349643009
1930631052
2231646484
2923025851
832561818
1909720199
2396879015
252253028
3994286677
1822567356
1532305323
3185885214
437174622
2480136327
76652375
1818705686
1735181861
2225201457
528363564
4189379958
560080751
1600891368
1877526322
2355725713
1426919697
2502417096
2950639775
3516003450
2761379663
4216416535
3606947071
3435133283
1061613385
1276429761
2514143605
2316238686
2489896837
4263172583
109070446
3088920876
3667797
711676775
2328818866
2204568143
3192365999
640278067
808867811
3478119951
3413463163
3776981289
2942264787
4205105530
927119536
1954260175
231912857
1761894850
2819067771
2323323270
1745271156
1894844962
1785753475
3611763788
1511078608
2422657104
4017671412
57785154
880561396
3107671292
1301875062
3497701072
1615071503
2906125433
3371159609
2019682142
858520741
503950380
2663676315
3066873217
815510225
3843671789
3436754145
2626920878
1826331987
3688696395
1986418811
3335865345
13637753
562853664
2545608810
1666428599
135705121
3121518820
3280349781
3354895751
1572030964
209882585
4197420581
1579990442
4158197069
2061932560
657828880
3152335245
3338318124
3190415353
1071807071
989152309
2089128254
1914645099
1109614051
2798837424
2296573534
2975225626
733917220
39102536
518332499
256446361
2054013653
464808619
3029323457
869426819
2469491565
2862095672
3639963887
1954468385
3520135014
653830313
3999775191
2006913196
1709505935
2733234022
1502582318
3460607029
2084249842
2884675584
3123274110
171148671
1832852912
2730090064
1550257958
3022456744
2561970805
2780348014
207350589
267258823
1972280838
1811656243
2262064944
852434474
726581690
1020904805
2153509108
4021956662
2498753873
935240225
4068127636
1045353193
4005965622
3595358456
1621301602
3673645848
1462448195
4171997742
968490555
3119064404
1703780207
1789031891
2846359459
1710895679
2613311825
1607587697
3264784680
1052075343
1192368319
2758172682
361122672
1434194614
696532856
4001646825