2546495444
3635582633
723561406
571073087
296613963
4273289956
404014732
510180802
2065555060
2707815294
3056526235
1917486257
485071922
3112290794
2347364696
3069353236
3640716394
1626095549
20119309
2770123384
2617002975
3543727709
1247708577
3012023688
4007722312
3460949152
1868699197
2529771047
2259842479
395806241
1401947067
4247473770
3646821506
2921424575
1083960269
1691275661
53976427
1982970423
92762746
2506542379
111135391
2939074686
1267367825
2788456432
3486189070
1016882100
156671026
3614402957
2092782809
712981886
1231004160
1804920490
1500685968
1532556117
1741694775
3664262017
1372075093
2890476791
3848749420
4119226483
2195147871
4044996817
483538376
1000103281
763736834
37181680
2786865788
374560907
1627456397
667547738
564997148
3407997428
1925510136
1221597332
2538352980
3851099969
1691209782
1110815404
3129209482
1420817908
264829147
947869928
1887159491
3202289976
3198454651
1265125621
3444949324
985196248
716214854
1585727582
3497756385
3905347002
1685414617
321789592
1837233198
2176764751
3550042973
1661798604
589590557
1947909673
1703328948
1361099177
2380226158
2234725695
4025176435
2256282190
2713793041
608049833
734327591
1283189713
2924334143
2101334169
2799738881
