2811784667
473687476
4054291127
1475389997
555452268
1825514202
1059447863
3106072763
4277097820
1276545462
3690226875
2277840589
3075883590
2628869532
2152216262
2252931410
211656394
1459485129
525033037
2981281098
3518519454
1081547574
468083317
2254222169
265583543
2594021389
1789446016
3593588855
78366726
3326280856
3743407898
2848921713
642866069
70964530
1828894727
1295866649
2939795738
2321091002
996574782
4090832863
3943912285
1233525682
4075847387
1650646890
2103197269
4171238629
2358169526
1916836768
4089832085
2251369218
224526980
1253400721
1551428974
1084058305
2523390892
3787306015
2663682507
752205905
2571800783
3055239517
3987528418
2487196767
4268953105
3352989717
3816906822
1185973832
3500116136
1415941070
1725612277
1452815260
3355688280
4096438746
747286538
3928248906
2420417816
1555000265
1002825239
2755085583
352247655
1798797341
1765412864
3005692219
1315958664
1519176553
1329005272
1249479471
85031270
91163567
2993928912
130185177
3019163415
90232934
3384383232
3448709569
3287407145
2209595792
4024332675
240998648
2419916395
1140566051
3785238522
2050437717
2050980176
800401576
2648892104
2618389828
1239275195
1774581196
4015105826
2789162366
1119665857
599921410
4177698734
425921278
182985222
2820441431
1004979774
3857314888
703601991
3396103023
2412098892
3978098896
938730696
2768723383
3335951170
2429830194
969846688
4003131807
3855504837
2042392504
4192419959
894702082
836982332
850190530
4034911916
3526717318
3540092466
3253473465
1766446184
3312067926
1638226254
3414137473
824146932
1767908113
2367920680
1006025122
549520288
2015590010
1930194900
3776913674
3508870025
2127013825
3719569950
1159424599
1831340818
3804035625
1150154684
714031850
1900927436
226739289
1651668574
71481293
1971408349
2398199264
673026209
2957970012
909814673
633852784
1751371898
3884239547
852071559
3452740152
3941460498
3809039062
2740104944
3337675563
1499963551
776193075
3724802274
907888718
2394329958
2463711111
4118127508
2990987125
3290881935
2463019537
1373712453
3621717167
4280566263
517908056
1567653562
609314543
3905230842
4197409184
2652524685
2972549226
4114806429
3900969723
351036126
2588662516
2670417305
3380738383
3015125683
2565088397
3494755985
3917526003
3248341515
802546708
3990158579
3526933836
4170094826
1238071777
3179935185
1640791084
2511042362
4019181760
1181516392
2524650644
2303324151
1830486619
2445439108
452013187
2464161885
1533810792
459837600
456868447
4250209112