1167702863
3343761009
1026144776
2366489074
1269216326
1193117579
2773997028
1616938437
157386720
2464257999
816815898
1523058921
3262244684
1685991772
786021021
863768220
3830202767
1453818655
3544076064
1813396840
26160098
29407538
3375557601
2777127435
2361250930
3243124024
526175619
4245354321
271150549
977770691
2717752625
3533229435
1720050124
1388603619
1063819169
127808485
2958185174
2784414970
574369643
500355118
1550048957
4022762454
3224459452
2423563183
4190778219
3980883617
1635522751
4184563560
3575040561
3221813606
3213224408
4122956235
4027586773
3262064935
102375930
2755833384
3703454894
1290266587
378608054
4234193428
1281952360
4259015243
977031222
4238233848
857804900
2171091056
548153671
1262108843
2816350944
3813791488
3355200710
1161979477
3334574056
324592651
1011323406
2414820628
4244424903
2288205232
3424929806
163695981
719865045
3124486327
70399474
511314019
223820678
3858844468
1101643212
478181693
3374703239
3755963121
1563449686
986509111
1585328830
4145433790
293852323
1512375268
3012019234
4129743582
2273101121
3633111352
2794217332
659157182
2464118480
1895449318
1204010194
1534698747
1950764580
1849162374
693943410
1359302038
2966992320
2337338146
2631884234
1961102953
1929677123
436788907
4115151652
