1626378598
1189521510
4284650369
3359604098
2574675766
38800024
2544459323
1205643783
962312561
1500182007
900918446
2602746592
1760949470
3680212975
3258595752
1344030009
572045132
1627504770
381633669
4058383069
1796798280
4151424529
3915444033
1301171476
283588251
10307208
1851833869
3562719763
2691965981
2225565394
3876786615
1180856823
2419996108
1880217870
2940324149
2335770440
134298857
2294947497
2705431657
2689485897
3214006141
2570854895
2817049488
1083486863
3227424348
1575733686
4042333600
2703652958
1501444830
3254930416
345486334
1134820978
1147343337
2103058923
1931990781
3281695100
950038137
611327495
3021771743
3533639233
2909881080
2750378799
2640838636
3451124360
2393818937
3223251998
3448112140
1975516506
224694353
3871872525
3893393669
2359342329
1118040111
3264977435
201593777
2837124537
1487752774
3556701430
3443621528
