4031822879
3893960262
2780468069
100019857
2837659456
344410118
2895917587
4071161074
309377089
2267326872
827006399
1041191809
3926940410
2546082781
1157625915
1065707733
564059231
2234012580
3953091247
3081782507
1432471325
167327266
4260059295
1346189244
4292271373
76228510
3971357348
691340339
3195598537
244122085
2224306975
2154384987
3184541131
663851985
2350877158
1228745611
1406895980
2052611648
792718796
1488932149
2711757661
1172631686
2082125244
1132467816
1458842819
228753113
2382878600
2852647384
3871267205
1128609556
97436647
1758246235
3531606894
3077426951
3044530509
1497872666
2602884154
959145768
2093227567
1179140895
1927683627
452687412
2154427870
2509364069
220934975
1429102418
2352283839
934787977
4122783219
2728820961
2668577927
431980266
2053671944
679484192
2668386197
456861501
4159228091
563448028
3598486171
3773731868
818532894
4251878491
899330917
3442077199
2848729260
3153029779
2960888856
1488868688
1986029287
3989384659
4250076205
2331147734
711169537
1291938911
3057850052
808778321
62987968
4215308379
1997695201
4209734844
1597617919
3196646415
39527462
3369855025
1451943530
2968956558
39228951
733014335
2394214583
144811320
2370037728
92834639
3670728124
2101069139
472383299
2985964143
3892243536
3279523187
3040407062
3328016358
2283699670
1656272317
304623059
872312886
2751691948
2419858945
922858510
2303471337
2454477720
1696148917
3872334844
3655546073
688551980
4272400282
525347047
275528489
827561795
551187113
2033947560
3057540430
10579989
3595071962
2215729208
3558946233
2273967674
2759072674
724393898
3470599653
187692133
3523158620
3362662561
4220923861
3307996746
602921460
2114725513
3806582178
1519448772
3407687231
3276866962
3926428567
1580310847
2521138727
1527090147
839839433
830858254
232895956
4091715487
2962831040
3328651515
3941284307
2122297576
2911045752
1993270227
4210626925
2935463219
1150147949
3090723914
1656760957
1759824450
2646475925
4027093194
1586536188
1102441013
3180386057
2533229736
4293335606
2654480963
2967608886
1524395452
3573998826
2236540454
2745826407
2347442764
4160865093
1996303927
3783050173
1618241460
3780900970
3487118133
54709701
31782428
958245460
238872484
1548952414
1742850793
4061409462
1312573343
1664014077
1805779835
3949464592
101503623
2822215627
617515632
189224558
2161340921
28606847
2749331644
2184541473