673716551
3688905114
8277295
2715048914
3073584731
1605427446
4032180082
3838491987
2161439868
2293267363
2005721636
1620359863
1303068137
2566798275
3235680465
602055265
4053380233
2224116721
1798313914
1463270864
1404722028
3910705594
1742194486
2759277828
1796173078
397345750
3574540350
3353785887
591657236
977862985
3369968853
4003579809
1827506050
938712658
402073264
4137440953
1724613795
3274160858
1792093240
3467224254
758300223
1877279234
731673852
2482875834
759167613
3640565802
2213292279
3430016650
2546410628
2627018518
3731123888
3902145126
2033463717
715717841
1779153133
108476824
3461573693
2975195558
2607918410
2689482952
1558300305
3504715490
3339530152
3550391714
1012732058
1451695939
1969212785
3682953266
2586000352
4190041579
1187880750
2118094971
1750689070
755435066
3504337555
1931856472
674690004
1236107216
4018911151
3324708544
528696431
4063990625
1805940100
3130166637
2905330749
4182005240
1051038132
1780133414
578439083
1941697645
3739301801
1664123566
1101570262
