2574132261
914596256
3081327060
3593035573
1343502008
691767591
1684535506
1630226396
1967675604
1815708018
3538673143
2364291516
84962380
1339037784
126096312
2400726209
1668180075
610855563
2408462080
1794598212
2679433927
1146464517
844617683
88180963
2216832171
2214206565
858412595
1453254398
2198049682
543048738
3787788802
484732830
118028747
1040840673
1928728335
995543890
3368345535
3609825626
1298162762
3840598565
1477704342
3631894280
3977668037
3433862079
4242175415
1354267544
4072936685
3411596731
3991466345
590958111
4211905612
749290563
2061145704
410154046
3074329473
3627138438
3324692631
1221529410
3019668431
601583449
682957991
