1579829145
3995604449
1256738742
2264240034
1576626104
3450650023
3231616311
1078768978
1478582294
4143875176
1334919876
210039267
2766818293
2167701187
359550679
2150643854
367122562
915665458
2943671794
4081951230
869206913
1315590843
168419004
3201200260
4140719311
1614355533
146007045
848423096
1812392301
637436788
1396766221
2128080457
2401081865
560484748
292670448
281330613
1873403806
1386385990
2808420436
1440650785
1847201290
3274583296
2028026826
1729380624
2885930193
2177412522
902113050
1166616728
860437084
985164680
607453757
2734344582
1881053419
2424358178
3862664986
2793851802
1615588514
2782967996
1005178279
2531325244
2817166599
1836110323
3389951746
