1813719666
3233940243
2725405303
3624921642
472096136
2849167947
2277414754
3525784535
969251127
1539285688
4285106418
3993187032
2086053776
3081256839
2205460090
3184521675
3389348538
4219982896
782065121
3013474518
3620126518
1651285488
972994536
394177031
2119369719
3393721963
1478810687
2183744278
3495712161
1621021271
3112735506
1407180821
3023558785
615833877
2905146121
3170708652
3540277613
283011153
2272928667
3911772729
3243230182
1582918923
1328815554
85074875
4181480366
992162730
3513419039
3589363890
1785276325
619019744
1376105414
3563633462
2813960724
1189705943
3390129190
1365999918
3964012563
281292237
3434377310
3448777919
1047852253
796497175
1715826809
2285944091
301331201
3828546413
3235653644
3179648619
3821196078
1173944082
2955101797
3210707589
3903640690
936190370
162095403
1405390102
1935575363
2008420827
3253618046
1636113103
556053530
4154712287
1745540976
1726594436
2399245867
536427357
400180020
2827442097
2156443186
1000881608
1475513061
4232951207
2195679347
