2739238550
1128520629
204964020
1165828872
2682500744
3519410543
920616535
1328110461
3895671659
3847666150
734817970
537965303
3814253220
465994056
4205448799
296615480
44707405
1974903261
1650894929
60190986
1210134026
1157876286
4058248599
3238821625
2411381398
3327389280
124655137
1507272915
3474114060
156691109
3517015075
1628442079
3998668432
77042104
2924287199
1899563123
2709866210
2122240840
3500270190
3669505969
2177747069
682536022
4064258804
2421568111
2059286414
3915274900
3485278206
1477186518
2994563572
3982994089
835349491
4231842642
3164025390
187986314
1349390153
1146121889
2160246000
2983750295
1893042804
3989944623
3432920729
242737504
4031010406
3567967634
960585522
3652023436
2946266584
2771853163
1054209368
2027188734
2866492846
211755428
2635354968
3415642921
533569180
3779503279
136617352
1554910852
300449323
3690667962
3693156324
1734812385
1581476446
2564659844
3618052438
1108005816
883230187
1007390284
3188723350
3614046030
363696230
3058110751
3616514854
3987347630
899989998
507917830
629688817
73677890
1595146770
4065056963
2304952545
2523449345
3378523713
2893811983
2009846383
4214003579
948221472
1158872247
24282517
3311540975
2070601496
2093383531
434785484
1856189463
3969331552
1378266510
1441678187
957445181
1832926267
1845152154
56893317
1371183182
953010670
4212459534
704485678
2242670525
4163574862
209966407
1765784491
1872160765
2464286741
1536387036
2431961818
2949892349
2640770090
712015863
814547549
563872889
604711282
3472822307
27557090
2098665850
3120101365
1634929368
2818655554
1586718490
2869271636
4257581676
3939020028
1086283068
1530805348
2728570809