1382777850
1166147215
2563982125
2547461147
4259635022
3718490975
288850649
415542299
2263823904
2018905153
2883647140
3633290326
501530010
6261685
3837301598
939588960
1827643916
3685754092
3857964634
2867447178
3747684542
1511352968
4007502596
1460543445
2897229139
1416247395
2422255202
1085057430
2697909632
2369883789
3027105674
2017688946
1765373383
656754271
845181296
222846449
2816133875
3522262014
2374358823
1257916069
840601098
3503854211
1470620677
3878018564
491969854
2581656888
1850101631
111748510
2990360448
2889978366
2977348309
3363434249
2584174423
323588438
468367482
3778089080
541005193
2350219074
1730465680
