3441693737
964582878
2538908188
2194535191
2319621698
1976112966
3940363411
1624671039
1009134506
129817175
1954440738
2144737314
2074678847
3669079055
1232350165
3548846117
482489354
913029766
2401179921
3227852966
282879045
283878603
2058282125
3897859564
3027421971
1442718707
1333744610
74531138
1397346624
630250404
428478024
2389245970
2163058476
2367671751
2271037520
3298109665
610713917
596296586
1248044833
732581670
827234840
1683011056
2142540009
3701276443
1955959884
663242419
3275994084
1766145987
445303421
306907883
2284607773
291701627
2478591643
4179146078
1838950857
4253640415
2275446600
1737675724
4040043885
2000982077
32131990
210210130
4121929662
74637708
3135127108
1236962908
1077819615
2472200424
2976794395
2505973143
4128581530
323620139
2813798614
2041477863
3323384595
3435295215
2270249824
4240668806
1333250202
526607615
1684198737
875462745
1647645167
618179201
1912043182
4282791882
1559126059
1168525056
762300999
1401479832
3862338100
661959546
780989554
377423891
1874606610
2849496285
156221755
552845668
74442692
2166305660
2443529240
1308436837
1293138001
2539204973
1020773537
4241516864
3298379077
3783805184
3333917616
1545109852
1479183983
888697733
1503213206
428127529
355979314
3537322292
1990548584
3998237408
193274360
1223287615
3471712963
1696622193
3987160946
192561291
427929722
4052917235
1939109428
4044019962
3974063109
3303418749
4179687831
2818225003
4155757495
3764851519
229891429
740900771
2981955761
1260629942
4257486539
570656572
1635426112
3259652087
848506123
3641897683
4129324498
66881156
350608370
2788005028
3364722338
1191041647
80160289
118791677
1147438348
2332007278
989965606
3077273954
1519064647
4062498849
315612075
1588905910
817144945
69264897
3632942768
3867514933
2036964743
2827200623
866425737
1826402413
3641798302
1604924308
1489791683
1422924937
2073150734
2467490951
2197541968
48189448
4061574891
1017958806
2739145028
3808328109
2881767304
1111243258
2392185335
3602499116
4222118620
1120766015
3312331111
1488505011
1835592204
2189913756
1095223836
399035308
3000741311
2349183193
2099622813
5978467
624517161
3376744836
1424733125
271620158
1980602153
3136970568
610837374
3894979798
841147670
2289808483
1470952375
2898656933
777352858
1659178548
2560049145
908074522
3852902594
492550727
831029442
4155325469
3291274173
4025105000
3104267286
3145239998
1356917640
682802598
1788931176
3143369305
2896987502
1618157591
2566851727
2463137443
2151135003
4224717802
3160679892
145235786
3930903445
2398817648
391891747
3961824064
1963714215
2449983487
2661473216
4258478039
2808287323
1024891375
216303809
837161058
4005039152
4266344553
4174915848
2383650460
1352728139
2532776032
3621699281
1035260215
3975360500
3874264027
4158376388
3984797743
2099745881
2640631362
3579373302
2826413436
72401135
2410086384
1114194866
2525549253
1963663980
560761161
3701960191
2492420763
1652089648
2354912857
248336137
1804120457
839235148
2699411334
1580953128
1028482503
3744805068
295897482
348520049
2261084511
4110811867
2717559293
2568651580
2332908701
624089071
4221113951
2971790217
492649436
1221558296
2959974340
1565440516
3616081482
846456569
906105043
3648315496
528467066
3705220171
3690792339
1656040573
349879647
3403036624
3318023231
2876092836
574135406
1218321214
358710402
1337266925
3859982924
4206282826
3246454621
2952333161
1383376368
3209100261
120001610
3288174935
3446802789
201118245
2941752828
2504504744
3193627515
2864712961
1699171068
1679150425
2688140961
676665112
1814157049
3747542779
4191710103
4007125755
2299471665
434213655
1064701215
2839161929
2416714783
2764079777
2401072362
2527193298
1844292146
2207990801
1711501676
2249122183
3042606528
773602316
3390990468
2798885937
2859140352
1174402787
4147343299
2180234846
1094942955
1028887335
175497476
2897450045
3730202227
2360237715
347168546
182365203
2078392291
2575536916
447344309
640865982
460018300
4276321745
4000092887
904739355
1726026030
3715987943
3396011381
3724719461
3560750398
3997057465
3865313815
642038962
3676822678
1646022486
1788261804
3258588517
1384017366
4260576131
2190056438
2357386214
2237521321
1284026728
2014789
989724638
3439708375
2903706825
373633584
2901007924
3623487857
2382365889
1984934321
3675273522