2049240200
2270054450
1223374333
3912088887
2991863041
2086364990
3267981500
3295404238
2299317470
632334997
1765193188
2112343024
2540645998
3748375509
2601917148
958857245
252319659
2823017994
4068848728
167556430
4143912048
3126413578
1347704913
3671763449
3319457685
3697678379
3936998347
4158640640
444611680
2278407514
2780100033
1929440100
2204319308
4005624498
3576807144
1384863763
3693937130
3425105945
2961395231
3880531908
3375563540
3437314349
1245341563
132908522
617105956
2115110734
1471721189
980103257
2265299440
2197966817
1488087693
690802215
482216609
4121114439
3434194392
319557042
3217095978
3797635
1517532207
3787537817
3583130199
3009857189
2947563739
2804623740
2165983424
1242116226
1347089973
2297414465
4141382413
1917574598
635165065
924622092
4098662111
