3463185017
1081947043
3826850303
3702628495
242332943
1532537847
1366250497
2691365838
3999881131
3976772126
1446249364
283388333
3297876852
986505283
2315656272
3279536293
1021472368
1067102099
2674960160
128058388
3441268819
2803458970
4127031622
2037712682
3029848654
2206239948
1105626393
247989317
1519082672
1336986729
855257357
483504248
2283243228
3218580516
3599793707
3066957342
3305170646
3799210544
1023234742
3699953491
1463271831
2569042418
982150066
2500939166
1413977273
3130903352
1652522640
2323833900
980352291
126478598
3538845145
1543198414
1488108093
151323785
2394376245
163265613
3577527533
3912169826
3526015828
2023788016
3649227889
1272673262
2648867418
3934991547
3649717992
2932371562
1343965764
4255147461
4005037197
1804846884
2365836440
3856185613
1050907275
3254487642
904948814
3664151073
3207640694
1726216034
2951475157
1098792934
2789049178
2755522843
3253735812
3792102057
587970252
57037777
1831487408
1078623303
3349429493
2278064856
526821041
374293646
1070363221
3606791653
1530900927
278586218
3365149317
675072225
448991013
1832312093
3717476204
4108962198
2045695199
874762178
1531162956
695317693
2897721519
985053826
3354015903
1483083869
390331274
1296263525
744574754
1062678094
2850570270
102788803
2509480258
670900198
3475338005
2284466531
854263885
489640243
829443483
1143054281
370708091
1114659124
2490667514
1728575713
3216984085
3551764478