3608365375
1755474366
177465733
1977699040
1719886545
3443120623
3922790057
2088741214
3336061428
2791536080
1867984025
1813286970
4012430354
866001388
4166292177
2179142671
3886747016
4003931700
3728666135
2178329014
598175423
611752503
2152186202
3727603253
4260346287
2907164441
3944489569
3097551576
2034507664
2753256198
1375559393
790963500
501829248
1116064317
2458210903
3044881554
2488299750
883488229
298821766
1423041170
115628334
3540775375
2501324530
3763760503
465370765
2691002155
4170215250
276810361
3111031084
263654601
3685537187
3892285748
210713830
3026452921
3584092723
2765024619
732463995
1854709534
2741047003
3225299784
1407058491
1460735300
1436390829
1731158666
596866141
748086357
2872465899
794879972
3983160929
1806775277
465262657
2580695965
2134123811
2013516720
1303711446
3117247031
1997393506
3879391564
1278437035
1190322108
4090127828
79610564
3845188098
14882449
1604290500
1840160494
1664729633
4225283708
3293810199
681933760
1873954862
3226685154
3340518152
3110209070
173896388
4063862556
713904655
3477813693
1896797608
1701557854
476641969
2319217703
312825374
2802889292
3937969470
2831840610
1960343973
1338121224
300430872
2229453244
3435286175
1382698999
2335942001
2523453606
501385333
2356222945
3353880398
2057151301
1481702608
1031102708
811714823
633693186
364787917
234378412
1278808380
948756442
422656266
147351455
2243555521
1356972515
1777618756
3629285506
3832532619
1191945427
2694169508
893159931
261202929
2790942178
4151162368
2928902453