2963640174
1159406981
3852388597
1426526704
1678485303
1611279197
1444957930
1999700237
3345372638
2220101227
2988148394
4092759106
2594778183
1703507617
2232983114
694246230
4290374404
919792568
72056248
4262289880
311932093
842507277
3338180371
1331991227
2919845474
2837291344
3594907851
1648644803
1340296395
386346309
962685406
1965331651
4271015053
39530985
4133797457
3321283448
3418771386
1919397115
675902248
67442285
3912106063
1738040988
2410502717
2169646523
3482750581
4179871245
2344105294
2973048222
1622187572
773427452
1889965509
4149132387
3687188179
565201005
970558922
778429880
1077796047
2745044544
1578154923
4045660280
1675707445
4259897165
1106546839
822719676
1538743855
2051988295
1327712536
1798884282
1374924755
2490392916
2820879491
2283337307
2789299742
267449558
127883902
4070817939
2273376338
3943708823
2595933936
3014133244
1985036878
2213647847
