3445345842
1563924345
2599809421
2196302365
247046253
4145191030
3959465358
2150627670
1268840481
3349936202
1659428806
1056493920
893093687
3756020240
1952895980
3721940068
2447851557
2030385893
1110351560
1131446740
1462316360
1350352787
1265823489
2567386675
2175292717
1981071669
4102185449
1152905936
400529975
2129837757
1446473861
218112541
1632411643
3401472693
3748491325
4028996190
3227138835
2574486543
2875633644
1978346528
3001094058
3383911564
2612696131
791232442
242778755
1029231303
3188677224
159986331
2012549263
3502001687
2000631957
858049675
1103673532
4110623577
858195500
3596681266
2969540007
719246754
287085276
2994440581
2589977308
2261040378
2404966076
1740214520
1450601751
3783775874
1930437428
2141732319
1379167815
2641623879
767085483
2253164374
1631203546
2497307973
2239092698
716725387
1859661254
983056259
1669882524
3267077248
4089298235
1137828163
1424708492
1105945210
135242102
2543516602
1590766302
1806298721
282168187
767291970
3051195374
630550940
1201106241
