2173635215
3342977719
3016970861
2093791601
3277858320
2540224452
1633315003
1943661748
4120101970
3141884875
2445187472
827310376
1102959382
2986955153
203940292
2457974303
922289722
1363003728
2133670353
2132909866
3785914317
4282619189
2824169798
1030924348
2143998419
2676683919
3285204663
2402299165
4099740801
428568810
2606133637
1586994537
2928305506
4087219681
3006779515
2127298262
4197493899
1494105167
1786383693
512641285
3621828679
2697268921
1235643304
167949625
2547824474
746297765
3657841043
2646290549
1421155686
4185415429
3527860216
1900748052
3833490909
1699109597
83533023
4205417126
4002828218
1292434199
2164545722
3769554944
485088233
3032116900
3750448570
1023766955
4163208949
3212086792
3526495994
531619889
2775745885
1398220379
850573237
1607467200
4122390305
3342944641
4223755469
2439906599
161437630
3082124203
1935709407
177121122
701452768
602013637
2957996431
2515294384
1071355117
2232633442
3743460002
1393182218
410870470
2217424013
946143283
1184539765
1009185242
2230113472
3355910803
3297940005
4180206449
536959792
3851609687
2680815920
4212086932
605081316
1355700801
2679232103
2158425752
3697474484
3377557940
1745120358
4001417764
2680293693
261011246
2260065038
2669084966
1683015251
2691838719
415062067
503978085
349058681
411033684
3834325794
2635602588
4039512580
773558102
421166958
4142646699
3994701777
