723639837
3543740512
3314672283
2415933013
421745650
1911510627
2242514824
1086875512
4049462533
3132974624
4256007991
2825963515
2924027523
745265626
2776099186
27490132
1918128712
2340584444
3901859674
3129342184
381225535
29920229
3489302018
3936558308
2561780667
1121970232
3346034793
2687992181
3299220640
2464725359
3192475310
3344041667
2781899469
2665108621
1416956758
4200026754
56651616
1859267345
3105066902
3036464876
239880139
4235572214
4097506892
342734808
2627879724
2387348381
497256989
2414391306
3231501692
1548710380
1721607216
2802713717
3237313283
3809770997
3423132527
3122083252
1627089239
2119401257
3849077920
1187999643
3855598733
4245399818
2407039511
3559545086
408654336
2863868528
2486803155
1855456690
219598494
2755103219
3767664596
1421591320
2340055120
911848368
4004219688
2064262246
2092628114
2483943167
918273203
3534500962
4081597712
3272368210
2425879907
900258818
2160279761
1545762427
2098805427
3835903780
435308107
2233391237
1660178449
1531742526
2523357216
2003892276
2352929496
934089869
2698890419
229639705
1526943484
1635311931
1779549236
3606157377
1374120013
1693618158
4186518884
806117136
97456350
2453058245
1533305873
3455340595
3904381597
2886086651
2578663184
1388476810
2271183319
4043402709
880342535
4200790428
1451430180
1328274819
1454933429
2390340738
2729964627
1175291061
491338240
2330094344
1189598127
4206917944
3337906220
3305638003
269977022
3761351498
3324552206
1266665271
2120754516
1503467343
880133444
2444768898
3132519660
4045512808
3765974864
4237318348
2146402091
1256401238
1401569743
3837053838
4289197436
1567960931
3482133898
1365233865
4114858970
2668522236
3230978437
1161596871
3361393108
638651306
3080211576
457104799
1614178330
2236067761
1248124784
3537439699
1177727899
397253696
8100158
2510223342
459001915
3387620504
1580199453
3578571548
958796427
3413137554
871051486
1476737190
664962579
2197764585
2057334500
741502446
3412222881
654223323
3062547248
704928101
2798048086
3928325936
512998603
3373067499
176672373
2790168478
3254141445
1736866949
3736092849
1904898675
11894460
2906297171
2147340749
777393260
3701578953
266380659
218518041
3404192143
532664276
3400088641
62323436
975254458
464125251
1085923145
3118920819
3416367189
2234557809
3662576411
1934023601
1197820215
564962717
4198115260
1993891704
3940018211
4061967708
3001364983
1346002679
456096041
1648912806
3979449731
4051318693
1373467643
1920298227
3809324710
886455262
3944828395
753032901
3835453986
3289295727
3147614525
1808691306
1420695315
2174361669
1676320003
3303128985
1364795954
2611101024
4287231448
2089694473
3578561346
3868672277
1679840428
2585829755
2783586098
362582651
3165531673
2555882959
2653913902
2822196888
218071674
499383176
2000636061