317322727
3342036601
4134805841
386179709
3910992239
1348235595
2337581458
871858386
2361677131
2962632971
2258531299
3648868051
3465797254
2407908960
3700785555
736565276
2885640180
4205694644
291147412
2285875574
4097314420
939418691
1997992166
1866407838
4052121917
2682138804
3990097151
168136734
2664388618
4204198029
3896546695
3672130765
1156945864
1133975177
363424496
44053718
1310631720
1455799227
3253005321
3429733075
3456225469
1853957785
1196781476
102998254
454147904
3047350771
882698375
1213723078
4139492037
593066983
131474981
3389168169
1112201378
2582518238
1472901113
1163016684
1702429473
2514686473
3457590200
3332135260
1728206315
2443650673
4047890099
2045339388
3122807551
108777131
1917971931
996878357
1672046963
