2423582234
3141245945
2268083095
595658636
3842890779
208700048
1658428176
1546350540
459667564
4036466502
1197839061
164677810
1637596090
1371327394
1722430775
3241428409
1218895261
3191116132
2692196380
79495374
3360490376
2202906573
1775368071
3332464503
3849041197
4176676663
3198310962
1364522932
2074415116
1649432304
1692356981
1868919140
1143205791
3044638725
2843932378
3121842426
919439820
4016097996
2453053621
3819037923
3453339427
2525534227
670172747
3320024696
449851749
2396530172
323358191
1968837537
882104155
4211876147
3291978534
2109510864
2703732834
1600421572
3478909847
2016195689
4277503340
327756196
3916296316
1395702039
73786652
328616518
4151450077
1675424779
3702491022
3040370199
1908878208
3806852428
3166914456
4042968143
3807559338
1564256363
3593422806
3626368657
3033482214
2252551077
1082036023
1309283894
196160523
854674115
3964127348
