3611965272
2578666850
1500575497
815707223
3616628053
2974983985
203117334
1948660598
559712059
4279881658
1301613724
3223272644
2328488798
3954822716
2738110478
2753368611
3532107793
3230462448
1743403131
115541404
2819955723
2224887997
3226854440
2653596014
2148280236
4019463793
506111478
770176662
1071645860
293299037
3421823939
720376116
3267969472
2433162867
962807054
1403199398
1358559246
4233077704
683063196
443728963
3006156681
4205322823
545620107
1515364483
1227154500
1507773666
718749125
4050610398
854255569
3531617145
1649531748
1858652662
1260903404
920217543
580948490
2782805432
2250002766
3537076425
1205268930
1574462185
4060216896
4215081349
2242906486
2263700554
1587157636
1325014061
1540881925
607290154
3002945111
323604336
4044357998
1087056852
3040231604
3608512343
3479309178
3759866728
2069570449
2556569305
213339577
1475912610
1909017064
3739051953
1111475169
1458274649
3719624277
2800972355
3898127758
1451830218
2893243904
71360715
1132006309
2450998584
4167650146
3379317391
3561329707
1489352303
3874701598
2956152837
3109342931
703739869
4262796832
306515133
897468598
2345543192
2972099301
1753844205
1920319966
418505945
2892813054
1966068049
198357891
924501821
3946444135
2076533363
678533229
1711745378
1993238042
2713348090
2366046782
3490371299
2514909214
3556135891
671472277
2113595305
2147294254
3034861320
1986826144
914477228
3291916346
3624456423
2861199534
2136804410
3424309580
276676938
2661970787
4136392531
476329839
1893039873
873145556
1708551072
321214180
2096046593
2354155645
3424217978
3854605194
2181072310
713538366
1775889755
16240785
584675177
1954469282
2246783850
3794611437
3555969452
537293030
851352683
3915803033
1600974211
167877340
1748932743
2971143640
2960044527
25664046
2874771133
2702317950
3058261072
2670979330
1330324834
3522801028
726461266
2169445192
1472045002
3208317607
296976103
1194321924
104152818
3367387440
3130064990
1288109211
3348464792
549624357
1840984906
1250752624
2294545089
3947257594
3569880327
4212339210
1496620032
121522800
2385441131
3513186318
1388512698
440411301
3853460850
268769456
473285080
368678245
2213750271
16011647
2557593095
3671463912
3520010203
3067644956
1878112507
3401791043
172065693
589071430
1192297659
2479200942
1201282722
2921937024
2342259748
1233662283
4280505056
415931643
1274957992
3346428491
87800589
923757005
10862392
2602372578
3745402219
238404201
22638986
2011118526
3153916485
988699291
2096066785
3065128629
573982593
1502987228
3348620452
2883385569
4031622785
2581088576
1061912213
2105769375
574750185
4000211697
2325662330
3496350143
3376044021
2741950769
3853223973
2163851066
2531719407
1968235168
2623826245
605276692
3212677204
2418861724
4184395439
2430206505
1393766328
1129911928
1857486657
2147660553
1737780798
772679611
1295889417
3002173946
569205430
3267680776
2443110180
2118361034
721833960
878925167
1487998911
2129388629
1328894397
412300822
1517247644
3058160094
3295491170
2375841198
2752574727
1720608909
3169200961
2447570369
2032517128
94269053
1539988661
2242584838
2874246152
530025942
1065285464
1260317284
3057688745
2871850935
2596325369
417369986
3954711991
3235881635
3442203580
1621424968
69080121
815428764
1199996231
1594915603
3145044880
999498655
3860792012
2589398688
1582906993
507485661
3045290627
1801415992
2515358389
3686257686
1660793569
1223282868
3582475829
4228723991
55904698
1471647101
1020731323
1898378309
336239559
3352214367
3601706924
1365364984
1370367129
623402814
256046172
957277743
949330022
3450067526
1754738607
1898602265
3767309443
2991262147
3150350829
1163646351
2508110217
2449103036
2131770835
3147520770
3674306794
2086674555
4012124764
2201042703
4165370944
1809658989
2717377563
3840225302
200314590
3230214313
3783313793
3897453136
1986995600
4222330027
956631923
2103493233
3304073532
564032203
2588616779
1762292801
3408820765
3051643128
3673308906
1760027665
3577850135
1532426510
1450191598
1387613997
3172172010
2413839099
2207277272
2042251265
1121513520
1567619581
274255572
2492857290
2305281395
1305792971
3021390301
1378726018
1642673403
503131485
1439454656
2620374911
686987955
3553047372
893764377
533575141
2342910009
456471931
175628013
710474360
712923411
736379199
4165055532
3041700167
570671832
972080480
1670470609
1414879018