243636010
4060349669
817774316
3619279636
2571886033
2330537497
3724337086
2746969999
562317906
1951206461
1734846078
4057885306
4153877906
2229800692
2765788522
569510718
3738020481
3433415071
3149374576
4055816641
153150415
1799370650
2484662646
1596401747
1242834450
619733285
456978046
4172848885
491376365
4014544474
1794280405
2544173416
300620291
2930961976
2180543105
782989226
2286469518
985314656
230834301
2548818027
1145414328
3914858347
438165670
755371487
2934642565
3835722632
481412773
444662939
3807032077
2760443613
4226912086
2823437447
3077262440
2182551675
2421029228
2193860171
1391604293
3245467299
143726657
1691873927
868612441
2405717658
1179253325
2029102907
3281002419
194558370
146616612
3194539580
1843690972
2032529570
2402709170
676626898
2331996375
2048978561
2841973822
1033443655
