1218614954
214831478
2945289773
4095506596
2655173210
3876132498
2131772496
4008252280
2272174238
1850369510
4130861887
3429345675
95857708
33109463
333652679
1552418432
3387254250
2603025475
3616875971
2153330406
2522391685
3972788158
3469217716
3834630087
1469815660
2470570663
3876780965
3646976089
3792804541
2343554867
3056020638
1062707392
3086862021
897095416
1327385218
3325208505
2337536694
3753757253
752028878
3257458083
1658632274
3991429565
2465107421
3910708261
2342319311
2124952520
3412624855
2026879698
3689203520
1676289740
499946535
3910896037
1401542202
2092287453
1274953503
2626168636
2134002572
1299061923
1021012114
1784723871
1285336110
1186824199
1711338203
1319943470
3859333426
3804043327
3380449359
2327298440
3431745459
3757379429
1567101207
2104065516
3287029368
3913212531
3575504913
3990289115
2175696648
2766178669
3877688480
365814643
1021009563
3217229571
3940248395
1099538510
1712343900
1987400206
151044446
2881947606
3042516415
4285660160
2940111349
182473252
885832244
1884003050
3189908484
3476365612
814701549
1418984239
1193298811
1296220273
1067429252
