1179536043
343780740
3960149620
1872237396
534760275
3408765824
2228655053
205119291
2120502902
2821957640
1500023892
4191958262
2299202157
672050479
361300593
2565142693
1960435779
1529501992
1891801516
2916621599
3094775077
8264757
3910862385
3630380274
1292676992
1970018149
3924198267
1685476749
444333014
4190549689
2038548427
1297335665
3054012477
757492657
4066547641
3693662561
223685207
1104636970
2839083687
1478024576
2995827763
2525380394
383360050
1962692185
688550345
1680825417
159207553
3879167186
1991982486
573363697
1599889830
1434850358
1683898314
1552055603
2286660015
299998616
2638308778
1956286984
3270129482
3107832901
1905171925
3144434121
2294165552
74437165
665467694
