1671905058
1885841750
1393858571
731875217
230083274
4157744929
3291370803
4045662484
4230991326
2932795957
1904703470
3635811763
1199076325
3149083428
2397404899
1685858508
510728078
3218477764
3339974311
2246122848
1957501601
3674777132
319147185
3706927363
2073792980
1766942898
3821141140
1441782723
439759956
3126792605
729326709
4243422525
401073325
396018659
2020915660
330715495
2765384379
4039696307
2593009330
1866132990
548813094
3415185730
2658746704
3609179130
939071106
960495723
248434451
1830531807
1757733037
1863319396
1819611738
521534218
4010218368
920295669
2850590489
2280957641
1076770554
920778957
2453838727
927387519
1392134060
2242913308
2897183766
101004958
1243929450
2069055541
3622850640
84132427
1599126821
3484566040
2034712801
1616081705
4167043146
1908106090
2625030622
2119007919
1677643813
1066864193
2505531454
2008230962
1639985847
636228761
1354540819
1411138688
3864227953
1749472761
1909943827
143041935
1737389890
2478194160
3057284205
1530908897
3367987971
3897556927
3474160694
3581173066
3678853975
3075861061
2961208584
2475768675
1240147429
3674015551
29620018
1373422882
680934304
920887307
4220405661
1658037665
1560487797
2144090904
3861110246
2974626380
460984612
1461017007
1429213116
3059661944
1235294996
3411614665
2451965448
730053166
2192731114
3749054401
1441547470
1903056874
2510523131
2484883162
446330545
3765836162
1995290283
696492974
3361314593
3093145509
2968388021
3809322029
2000335808
2514651879
2074751348
3488546635
352024618
2995393846
1174681256
1218310467
2584434758
2551745339
1817243476
1547093861
2151243836
3601756055
3497193090
1060162184
2882630311
1634615473
133228160
1332518955
3381339007
2536036167
2808168256
3912785896
1661038199
964195653
1847646411
3447353176
4105376172
871930153
2290560468
2222941737
2762870915
2066510894
1962415248
1711003913
3144399323
1738069879
751088677
1270958497
4275790370
2324508974
4253900298
1068753820
2202662434
3348236742
4108139524
1123960419
2023132602
2839303876
3215024068
620264351
590039805
4269297104
2270804709
4035731218
642043965
1547125569
2969065308
2467001047
55709436
3695927369
908716961
3036140056
1008875818
2674898763
1786292533
3555833519
2342690580
2196263804
2122714508
2875125453
979241499
3030473189
760884690
1752781567
2162414730
2366452845
239608349
383632297
3811915206
1581559060
2777047857
1478956994
3781061533
1808022901
3839147609
606618871
2894913178
692504496
2235636701
2474508406
2626173810
2121871931
1645227881
783806110
386633142
3799983404
1761860695
342435605
3679505638
1102791361
2036889821
4113931573
1448260217
2864864371
2715014780
3529211261
2482046548
2520762283
624154260
558382824
3233880629
4057445161
555792701
2789314444
1208575994
3485071696
3895102025
3252059838
2723008121
1018418666
578463681
1226879994
2167356228
489509099
3185431061
1956427
948371075
1172512951
3554347582
209918523
1697730262
1961058825
2568934190
3828509610
2268768595
2962851579
3163909890
2610016851
3291383521
1871124202
3350403097
792976868
3037446572