4209114880
143486400
667441281
3980884214
4046335038
2385945655
1235599259
2226705689
1747851997
3778237699
3083614169
251636559
4023112047
1145704511
1218337714
202207254
2913771930
3465647374
775564683
2587045298
1571496270
2479848395
1458061530
1720708210
2936173399
1735591949
1427359390
3710277576
3982445089
2355530607
3532651087
3076855706
103364859
1023707811
1504763822
3476434895
2024183278
1743415622
1761281900
251678314
3845936716
1639158244
2882825404
3094906827
597489768
2818320936
1541516520
3400851053
1807758521
1159329951
4168790733
394843396
3420636822
1068088300
1115427185
873748362
38551620
1536935666
508219055
4235535870
486443841
4087090896
1025773829
682234417
2236979592
2453136029
4021680544
1189842162
178666420
3296522454
1697522357
433098754
3404322861
3333117680
3077222054
3250011654
133191592
740908017
288526950
3148202606
2746184344
1799390216
1543928268
618516384
3658176993
3802418373
4254502597
510803828
1867946237
3570859581
669896583
1898454249
3641997610
734646975
2284959906
2425681355
388803046
1772987628
4020129806
615302435
2386898179
3065642992
430750174
1020775983
4130170754
923447354
1746135811
3379467641
454587739
3766749048
