1915911365
1522227075
3512422119
2847845323
2136080124
96690339
2702069371
283803739
2704292086
2413637719
437603109
2056061379
3995187550
866423969
3159856185
3456153388
1426697253
4191943983
3871126343
2013538040
3222291393
3812070939
515640394
3138242503
1682000605
3460921073
779135007
1498014690
3608322245
1042752780
2891432503
1017584878
2278912809
3623083118
3961315239
3370537607
810294941
2155818363
4238319493
2571962154
2758491561
2216678853
3048559053
2642746611
3621429525
1256243474
3476467531
4271909563
2560547617
3813797633
2709830966
1537535365
3217879990
2797928518
2474546407
2504171067
2668457959
1505862678
708968947
983377532
3813171858
4289039125
13431367
2779514489
3191144949
47898118
2609873431
4237917628
4032936576
590451286
1431387122
2965314611
1170822381
1002228759
3301385416
4017390866
2869518683
4133092642
3826109816
993470082
2029666554
1726021171
3510403457
1974102103
1820086949
3600089645
1650814824
2192123546
1006678606
2399618918
491572743
1817474975
3118970877
4206899963
