707754228
944924822
2986743330
2932209917
3825569225
1766751770
973940999
2150865158
374368110
2858967377
423723115
3384250344
381173652
3384499969
1384219282
3469017996
204438597
2119451174
1615135824
2572823359
209237182
369330067
2909881204
1693490202
2045509641
2893978067
2611804268
1380544860
2140324769
3903609674
3276362307
4016364464
4206123830
995166841
4181000814
204205832
825088377
1860030682
487307526
2214545474
1456715147
2932302683
3874733675
3109380370
163846442
473917774
1521488776
2292698238
2008568312
3979828508
3662455472
3725241649
3712656163
1878865254
2056534410
4002051708
2979992366
3777624119
3443837639
2435463933
669992147
939763608
1093428755
315061273
3284603212
3665354790
233278958
2650812492
3578391535
526577314
2893453277
3168241606
1506619401
3061550786
1843280514
527909266
1423483581
1526572646
2321018631
