1832014270
1457818460
3575027103
1189962024
2868337955
4045317297
3882891560
3525908737
3921329971
1461506310
2970748095
981488906
2857892646
3935345448
3676640433
3167083711
694986787
33258059
4119372393
642833400
4279893381
111307243
4211484082
2318123214
2077728640
2365712432
1982214783
1235297986
2274374058
475721909
3794676529
4087718730
1691745387
2759750211
2407848801
4147763852
109682776
2851013079
3942434406
1080467340
1846626969
3462939795
3094860280
1500586594
3966376493
1848998489
774028885
257728773
3983907018
4215125322
1263124044
74509950
3630702981
4121077457
2270359435
3405553385
4066101515
1003789901
2386008057
409058538
2056683751
2072715354
3086962730
2613322127
4216239922
4159764342
1821409786
4193511921
8658441
2880524260
1652246329
35949874
4075089437
1881362412
1960089392
713099698
3984374664
289759514
3062757809
3265471216
874923601
879839259
19931487
2931391615
3959112322
2523895966
1686456053
240387355
2228461226
222700154
2690218763
1427090974
2448266200
1514565952
2563097269
3850262486
2708592722
4102787088
4078072366
3973789305
3936048146
4154110081
3154544902
1736006213
2896725015
682473981
286563622
1566510855
3150131553
3773379315
1944786687
1877002333
499581170
2873461119
1241114768
1136059599
2529792966
2896687106
3604637903
3260622435
2705303249
1128821506
2138938610
4080871738
3722892483
547569058
190426203
2450886400
2742390570
4047796796
3205204087
2055949180
1349895348
900809121
842842853
2306982980
1377969350
1186890191
1599070047
175333757
2238288753
96860659
1366103774
1851774288
3366885234
1433007099
3751331909
1511112564
3957391193
1904020705
1779936358
43716233
3032709643
3360331033
662754147
3246600423
1227099735
3571368542
455966440
4049921835
373720238
1453447418
55115983
2624843124
508889269
432250360
1553559647
1464101106
4072226708
4118942324
4057880130
4206814184
3291003925
2346857177
1401115888
1497994895
3549145612
1452937000
3238446107
2423482823
2614025578
2895037596
286897551
174155607
2825064147
3062130531
4007183738
317071979
3832549585
1954062272
3380193777
2874825814
768695492
3068346331
82704376
1453830976
126409127
3193136557
785842280
4230183858
3951125100
2370412766
1364808675
3876256897
1797382113
3467115095
2833540725
3892148225
380941077
1553983109
528868429
4253624794
24725937
2300973497
1832060373
1127337865
3517487577
857612298
2115909755
2286467146
1026571334
2328598028
3593270035
3471508117
202689178
1810715567
4277172454
3554646573
2556722445
3393081146
2361161324
4118977893
3424830658
2465086631
1148837249
2792255776
4034448124
213351479
1705263051
1571033267
4173177054
3480953419
2342980603
494408159
2612218231
3922807996
799683950
851959032
331562696
2165067112
204816982
1557528343
2898887939
3475403832
47397997
4164434888
2097916134
3046270476
423147032
3743937521
4047894356
2354523574
690904228
1547216683
2794574835
1394999991
953228885
2244188453
4030401788
1836695349
3609668038
3721339955
3460202336
2815746624
2538452854
3685626474
2136035312
1805062110
3333668215
2287051800
285779426
3483436223
879880672
1653868073
2289140075
1959639366
1794078952
3435213402
2871373563
1087562468
1955751733
1485972722
1901464660
1382584768
1923117868
3271012565
4040245449
2065556629
623293161
905245719
4040475919
266423224
4215148700
536426627
2726926345
3894729620
1822344634
1491643889
947161957
3076842534
3910240116
2889750845
2945313508