3235674950
3424008618
417729587
1285322236
4116578065
2751372997
3260126786
2269781604
4146920346
759325719
2243340341
2393896897
3510005487
542475693
1333259977
3585666016
3758326008
1462887067
2017169902
4289021528
1711596311
2783592705
2504906091
2175423449
1473860068
2821411096
3534968647
576459887
2998510611
514477613
153728892
4132165019
4045648861
3949444484
4050128009
3608018534
959404484
3492484662
1437023183
3417643769
1756806949
1581534571
3151740501
499428590
3417457219
3288218419
3113983590
786438611
432696688
946810410
442932789
754338906
4071791826
2935649362
435442354
2993161273
2564184952
1558863867
1127409616
1323224220
433961808
3136742115
336281897
2804243885
277284377
171597901
2476496709
4200385548
2735672690
3864207275
2259755322
838158559
4065518700
1493025839
783293734
1484233091
1002537802
1339577078
1089284925
3934251885