2061320360
2409831826
1555146301
370337944
3442836513
2206408416
2365786847
2312615274
2880715594
4037763568
3699561848
638661135
1377911514
3260837653
3655491667
4232200074
1995937312
3240237809
1399390179
591423344
4030342631
2578823056
2969723529
1712951520
2499927216
2457988143
213300963
4038855144
153996409
3331210170
667038331
1804864194
2062689619
1566478498
2743580355
4253044149
1596545843
1390586170
1760878757
638568008
600920484
3871164238
2849161539
2102599237
227574514
2757129279
988220699
3819865509
2992708040
3932517421
1662349289
252636994
482941591
1509491923
3539319305
1814497741
2350488933
1931340691
2542030137
554166589
2945214193
163247622
2031063132
29248234
1471175032
388924013
1973886027
3154620760
2333858955
2966471997
427737771
3193451630
3777985491
3748681442
376426276
2361376128
902114687
456363748
1855387368
825474835
2675091470
595939931
2958415323
1904391049
3472631871
842518488
3927401933
1327392637
1419349265
3515117486
1874265542
1950297441
2374793309
1607678197
553672594
3974341588
1172070775
684922265
2900884752
248192203
1073668277
3807965126
2927291462
2876000182
149547917
2021299707
339454861
3720639844
1392614854
2817945319
4030706924
410785158
2487351461
1736250078
1628438253
3714394667
409886026
4216019094
1756461070
3137827458
3668577440
534612788
3338896497
2125705257
1625406948
602950389
1719773092
2807977459
910762416
3584611731
3290361535
2670172360
64423204
1836251992
1897115144
4082817923
3071662711
4180900377
3406337388
3756462525
690455649
3360469153
2261666894
2287175868
3583213193
3432606378
1759525936
1475586019
3310387305
1545296681
1213861931
2777000993
4223787116
23651999
1584271185
940083264
3862816857
4010165132
4047661079
1600076712
3284070742
2147990650
2950130328
3972743406
2960925791
3560006668
1225415823
75187029
1770854306
2112996791
1206700049
1316922414
400358145
2245319448
1942669637
905831240
151291326
4082695933
1742663773
3127358972
33124305
518787137
3946132686
1723111414
2177642935
2960333121
4238731051
2075132938
1479968402
1837977036
1678553490
3813048096
3091296714
1322885724
2496229971
2941487250
3451386727
3271480862
2727124785
4270235015
3979910769
2039528064
1694411246
235043309
440285399
4185759313
2135551932
2335670813
4004506843