2411443224
2086963138
2019497421
4232524860
367188797
360604733
583875255
1245638629
4152641813
2074766419
2551997584
3905792450
4003247619
1536848990
725981455
1454998600
1589066963
1088788405
2928394298
797597023
4036291071
1390817407
4189630940
2803681839
4145543164
2190601720
3220259871
1566689039
249868657
220564809
1299565505
2435922017
710720283
1926072900
2356474390
1808788893
2533816719
1491312236
2811212432
3167232771
2358692159
1495978393
3851797176
1210115456
1849657600
249280408
4051414741
2231535528
18919368
1982439034
3643373405
2879931151
3707419545
2351827617
753758553
554521931
2276451374
3636246190
958935851
612642352
2635310992
1689332868
16923055
3155240761
2698224823
689222273
374884511
3849795144
3126433222
3560619234
2534716218
2746081926
2081744197
793246023
1996359883
439170000
2800905143
350725723
3873667895
625992237
660251392
1688978053
2900188060
908761629
4272193563
2695509768
2078394278
3032829146
933233823
273577668
604375817
3479272618
3209419968
3403836131
3335800331
1518157590
3625487743
2046609428
3701604978
134587126
3273051123
2812107571
1585313067
2404146624
3547883048
570148212
517859188
3328511867
1541608420
685240144
2537387455
2307933251
2323334380
1551679233
474740816
314768797
1192742622
2723718496
2353816787
3498418418
3188615117
3993168897
564688785
4002612422
2492398857
4193064254
1824365955
1829932329
3449476954
15911513
4001192274
2787430122
734336400
1280822969
210187112
478015244
1065495043
3468275872
2682723219
3530118427
855639989
638179412
104846907
448464672
3921568147
627621977
196776035
1052806924
3727621921
215680056
1980456114
1077546333
3182296616
195467900
2487094065
1419894969
572921340
1967080989
1211573648
2049259129
1725960096
3279645956
1132773184
1120776148
291187854
2377002558
45223982
2073302563
1579567087
1068249553
3270699484
1935412604
1944373533
3692187779
2862884589
3545808966
2777609403
3774225047
2153697090
546054195
1784662392
1490972950
355117663