2756593734
2089426717
2597895548
90534336
2786876184
3732365702
893709830
1648859769
3147361297
3229013803
711786548
978815763
987944357
824278585
876615060
3783831219
3927240374
321549687
774767953
3798821457
536222639
3353364397
971964088
3728584752
3870766719
1415355179
1077381111
3476533887
100767544
3613008985
3175262207
1302196143
2918215910
3502878994
3120711397
3434462765
3158841990
1677209964
4052231999
1543584674
2317272393
155487539
2024425153
4163791186
2068559689
284479052
1736800798
1929166480
1573489884
2857256138
1938297253
2915784919
422737854
306005820
1448323162
677601618
830501097
1839241997
764329559
2966120096
3075019741
3676015927
2337650525
2152196223
1787188024
2140675687
2135182708
494305336
2001979368
904461679
3023437930
2080312133
3988487960
4230878890
2166764376
1882534695
1824388281
541479832
1080155175
1389148242
3823606043
1130338385
2230614884
2044021267
2187745902
665519469
356900128
4179672462
3165938693
3998752173
3913287859
236815053
3872103125
2714050367
3583324241
2540702231
2985814390
2213661951
1555472428
3241204054
1771417785
624024295
1518032828
2258027897
287255890
1598502393
3806266603
286284634
593005201
912885107
3386554979
1853025628
200348609
2778388837
1825121515
290961404
2131008277
2239262771
2102140862
3563979430
2245331655
354083817
659818889
931723251
3456839560
3072876931
1314351087
1325411210
1361937986
4030748272
3479700817
4140206801
3329058182
2644058357
2927075154
3262096557
1409749030
582444211
3297422730
3270967851
3061687705
3321608353
1714931315
3430569262
3015372259
3574412474
620466814
3172354995
1236250997
3782168186
1771048548
48508112
2042638557
2026690606
2845318144
583735496
924356657
2561211823
1551319324
3869150523
948063274
2262401170
1815833900
179231191
1472863496
561820309
918211324
3394718103
3678280864
3066678749
3943991446
1205178500
1555898775
212919931
1667389193
129591855
2255046651
188176227