1396499054
1258416310
3368570639
3320761496
3387086001
3277604465
3530483610
530324056
4250088007
648602776
3767527227
2725372153
3367862405
380310945
2336496517
1458824689
2369047308
510648756
1069006243
2615956097
2945538260
3742256515
1894021300
224695628
1314724235
2099098841
3728642314
23176650
3389183652
1064946646
2724447974
3054423607
1815896678
2268478750
3360452752
3058499187
1700913928
2866118829
2535864864
1651513564
959763465
3317563058
2875611556
3315123116
1800049528
3785699444
1817522597
1662644020
1079065940
1472966055
2230950070
2121660198
2514817829
3689594190
3095905065
4274162529
840413854
2497939131
2888302991
120790767
449878429
3285545432
2029679129
1200183920
2730593355
740077700
1711342079
563281836
2976036130
3079186791
4233779213
2430478572
2267754959
1467110672
3102584679
2629281065
1068486357
253924194
2836750813
68229360
3264808185
1855863950
1410870868
2253331304
2406422476
4097081203
1611200577
2489582235
3897207535
2128723585
3979981502
1920501472
2774897151
2084057004
3735359872
992535499
2150237492
4230119427
3801055634
804481913
3517567965
883308919
1709466811
3102749313
3078790772
337846823
1618528205
1735023247
3984493866
3824712535
1321452913
1504922691
3917056234
2654796944
1408738350
3454683969
3380987679
3107206299
2829168816
1664876308
1804269596
1453292824
1634155961
1704841408
3132698762
3075361518
1689119103
3693916428
4282030078
954110090
3729708336
2833804998
256659850
36812904
3605941713
2982551951
2940013650
1342135072
2568148954
1791754970
2896257746
568061048
4028655470
2552456944
232066295
3445979057
878558449
1014641659