1314448124
943069170
2279476410
1888565515
2611724388
373954787
1423989941
3685980281
2139388220
3763157890
2653446824
2941854216
3865978359
3295299143
1963375740
2395805379
1763960345
3027670137
3169375016
2943977480
636083454
2656892025
121847495
982222232
466420804
2054520430
1817425400
2464867198
3645656056
2252001739
1858404345
3787294834
3270288221
3071544228
1688102319
3039876148
825695173
2252829969
2026213224
3748504323
4210183423
1153094992
1175326025
3815934364
1322054537
2176104269
247214015
2746244726
2379253994
270561353
1765481800
2902956525
3155729494
3325452660
2823665939
2017257844
739153332
1943417086
3496945865
2305261228
1338108415
1098626031
2563829545
4213437601
3695336693
3675141868
848104480
2741545893
1891982307
1524458020
1076798416
3140694472
3828112028
506683795
1472270766
2113449709
1823582439
2928897042
106232032
344897746
579256331
3383889184
3305116304
1424780082
646686027
4038525580
4053013368
1203767546
2029595760
1366176362
1005390380
3105729301
2230240007
2551670757
3050298841
1661542440
2311255066
2184240024
1906268789
2167159184
3138528623
1478499556
3093375469
2140193146
2641040053
1980700276
3753304724
2024592152
678981192
2543117720
785859493
554993419
544163460
2156041606
