2733407140
3143999196
2635492642
2648539924
2858952331
878529159
1332934609
164311064
3775955162
1327910115
269842380
3224936773
2387129276
2783473893
3707956272
3217860260
2243122693
601373521
3323582340
2868744863
4018205704
966722162
3782870608
2838397473
3085486009
3346476549
3362859941
3211736367
3976775889
1333189782
821996805
3408494667
279847553
2461102732
4281022532
1262888477
3403005367
2229950789
2370008825
1036503491
2979994223
1245285712
1516205589
4088544380
2399217741
2728570549
3664462228
1196475402
345772992
904279383
985745274
3668313317
2808022452
652480587
3546809355
1387403400
3678341428
1389975264
3540381837
2353181065
3726902372
597187550
2422799568
1077627277
745866820
3280768385
4262378050
3554072825
3922231820
2864961787
2160070308
1515076950
2752040516
1926181881
58421703
1882948765
4258902098
3364996900
69966206
4201135956
1893519405
1716841240
542677851
3390726613
4171108306
3202435400
1478925492
2004885253
3895483740
2471622014
3762108789
1388284656
1579100601
184221205
3800075629
2781488210
3667521852
4174110320
3674138093
2630221703
1057402822
632336598
468747323
3564543964
3778386358
2274602224
2995018343
3052158900
1737201947
