4259579381
1591519576
315234673
152664491
2952831207
2675796318
2871671546
884831181
1957563093
3957384921
3230512074
2220649483
1028659641
760613334
3481762300
3554662404
4198329300
597707625
391859220
3158480661
2027792631
2957454610
859586595
594523175
2817090475
503939224
175519217
883107153
3705182562
3583058092
3631612824
1575232677
2408149613
3691837038
4144575241
1384951633
2061616984
157069710
4142882037
950590947
3494232920
1564142145
2162122334
2824921057
197209527
490875597
2854455040
2534312939
2482044866
3145212844
4050948283
2133867677
1171313370
256708482
527024839
4106799369
2504998997
2443193390
3930775666
3294642862
617248242
1681939808
3819212178
3506220834
36053719
2128340714
2590649155
3027289291
3389974793
2277770035
3247398214
2409209678
3799845033
2595658340
588576964
658456597
2713462831
1663223054
3962677985
3593110575
3229043822
1049367705
1580605021
2780072560
2224498692
2993543935
825869163
963144537
2923239516
2843203486
2953250495
2293639321
3011790599
2832240822
3587422731
3616674226
3686925800
3557417918
2296425222
2233948018
2523121325
3503531735
4146444480
975136683
384980970
3062008904
2891945348
3770732615
4200226599
3118219946
1087626033
767146825
2215306975
385654693
1135837481
3769977413
1980074421
2949000089
2004736428
3228708839
2510384944
885380600
3714437926
1638699410
150703965
1187416286
3595595952
546240931
2822744673
867344262
394934924
1220807597
3044099502
3032076178
2819899943
1424758181
2257800054
3784441160
1377901127
3149319773
2678884661
1743811894
831946924
132196326
2586214043
1734315441
3897296714
2196703762
3349488412
4106096032
3626689590
566870471
3055459062
294331132
3341658227
192531610
567187239
3773689002
1475263661
3329301949
649728709
597016830
2106355260
846228465
3584882714
619741890
87690334
4019641040
1930392646
2349171508
4221562332
3802543036
1148417620
2977443422
3813536417
723421521
3490594767
3201208921
3259344699
2779225484
3968750675
976323984
393348804
3047354887
4004068264
1095234666
388692600
1734247051
2616041500
3641144540
3764349520
1311125252
711337379
1820613154
3426889000
1139922742
2474835852
2370627357
2149802894
110541110
55349581
2732012556
1860869959