320069833
4044736810
1002790703
1534828577
3424547515
2099823074
91820755
3176110211
561218974
2253111548
2223590297
523681475
4241591311
969967144
1948584649
3183131879
3267165893
348161275
1409286414
2655638003
210618914
3698484542
1661035959
797489148
4208711328
1147550068
1379832538
1792766780
499415576
51857286
1651821434
272579285
728649532
3819074194
1209426940
3526240757
2798786649
205012401
2288963743
2735738435
1200471044
3090277970
264563151
2282115545
677706969
2272646645
2882572618
3438714086
1233307195
545659280
3217591518
2584802604
3601526869
2454932044
2898388531
2667644275
3768593663
2316017777
211990487
310335200
3572105183
1190387124
124170870
1141976567
2809162649
4082885211
2464355150
1736361337
1078436765
2138889436
1782592975
3052853298
2831347549
2316709879
3801498823
3904481407
3202956940
1425211438
308024766