3270607408
3434315439
3346496804
3811327682
1097911181
3094903042
360933659
1867663055
370200575
3004530699
1726393091
2626877970
417244291
4106880208
934696654
2611615180
158342748
2971062252
3865590312
2000719111
1608855479
3716001534
2831492972
1906257969
1401335249
3575850082
1426605348
3069949654
3194489051
346884456
364713539
4068352429
1854613786
3129709365
1412949893
1909917260
3055657390
60067815
839085351
2405964788
1219500935
1353234540
3104143612
282298688
578665807
2469704967
1108200690
2651303002
2229563249
739203658
1433826285
279355665
3871905282
1263203104
2536055174
392414665
2087381394
825088710
2185599065
1535647618
3382905850
3717097355
4262701125
3903707138
2919097116
3618272827
1304162222
1300906860
2861012728
635638964
1627510045
2148974375
4236622979
3260086107
1856475678
627187158
2599324467
774947226
2121589001
467785231
3821167129
1001016121
304739055
3468971880
2919792279
3022821968
689356994
3862619071
389952133
872632810
2001026768
3954529084
2538775493
3122487222
3392868593
3313047406
1571828730
557054362
2951106021
1558909172
3567562364
718547460
2088644851
2531020035
275735187
1130131010
2194212513
749113980
2789694817
584779314
3152573157
4023725790
1491929279
2136579171
2464584347
2390757277
1811568309
2878115213
4148579050
3017592476
1797700914
2919196195
17466501
2106252307
2619096914
3171618469
3372558718
315030941
2232167895
3373293008
1569314444
182244040
59476882
1677305590
1234924943
3189172
1168793223
2857786500
3898899434
3064229709
1941454500
3506220417
2172003237
1850400531
2190469499
3504404002
1521714415
3166644487
603488157
3364670868
3091081636
4138488235
1518628146
2124369397
780330177
2435291163
1082119520
2602152329
1438964123
2742791630
2474780856
3523121245
335353924
2699358862
682125754
3520393319
1094031257
411348258
3777620462
3717276340
140651276
1800969112
4125457448
880235473
2763137498
79158782
413437484
1569883330
3519579826
430166226
356799701
3316826041
3746921172
880511533
1453887553
404262464
2383777972
1785499692
1543594032
651482001
3089761340
1698583555
1326473451
3117069019
2701818174
3703852854
3440818825
3683852626
3144619676
1121409129
3029612770
3210159917
4217214844
3264822551
2800447732
2700584494
3407030095
3987567334
586244238
2607110767
3603640321
2178177885
3018414862
2783594433
1257783896
2552383431
2343363877
72549189
3552093977
2491746415
805108176
2457193517
3775203478
2558946636
869482970
151700097
911659693
3446085899
3005105511
1856708906
2602050956
3524762941
1047989021
4278900976
3613559614
3415128420
2497693160
2087270912
1030381058
1045607977
2268639275
1010598699
1078681106
831539131
3946027540
2730318430
1700184627
2421986824
2610985907
2068377894
947000079
523553231
2555799644
696846018
2297946324
2739054915
851408032
33725124
668286600
1717698159
3246096609
2782848017
30551193
4088444333
1894990667
3635696426
4048035324
837525415
516764704
1196025511
4212362628
4278221766
4261163795
4125010962
2159211064
2122553713
3937554562
3428849578
2333405079
1127180549
3756964107
2305245129
2165956881
723890609
1614611191
17491882
1201327488
2057645493
3647837726
3175442433
3882239055
1287592306
2061057862
3699991706
3513875188
2715069409
2705401288
3492093592
3204972494
4258100449
275769598
2896252915
985687569
3992496344
351853877
2692242746
1804066006
251711589
3084420894
4163389508
2678118429
517644748
1042783589
872984273
3438887354
3595864223
136902445
1700403931
4067580006
556147319
505335341
2619980314
3176269309
4215425343
3715660137
3873133889
2366062878
1094384194
230344680
1152735488
3507464930
1978371373
2167474895
1943364445
3813386428
3314370427
1337148552
2530232667
2354232267
2603458644
1730853708
1703377325
4097814600
4109782599
3981234054
1011728914
2581555793
687493448
359233957
2431654713
661608350
3133884558
318401151
935343175
3996316013
788392240
840716256
4231632542
1381506810
4101591349
3882814005