1774012408
3985763750
1905862257
2295992537
2810846462
826999017
2880423172
1999122915
2467945991
1856570289
3164838385
3872659349
3090229242
1323474111
4294609731
2666725004
79796760
1000606345
511717440
3093930180
3367070072
1039034691
1822252434
1592250765
3136480096
614966641
901674721
2781647350
4246820851
2019769137
118041711
3046502578
4099903879
983885658
2826688856
324795679
2511273074
3968512895
1225744760
2029359616
536978288
1699544681
1860782369
1857794120
3108500198
654496469
209818686
2822172852
1273565587
284012076
3404323438
2441844357
1596691477
2247256061
1880906986
4239091302
1181510198
3901815958
1511026041
1365580523
55503428
3898372900
1325881133
278532676
518175905
1991941273
242792186
2920182977
1187667671
2679341751
383921598
4214424074
342059071
759975535
1624571628
4045958118
2200416142
3980000273
1631500219
525614078
2337574655
199911645
661541312
1562572920
1923113593