3994865348
1239677633
1303681090
2320212086
2825663331
1620320806
3925938503
933008177
581536235
1215844533
2653563750
3897403235
3477656867
3871633223
1858660736
3591264678
1862536603
2449938933
3960046949
2783368486
3720374625
613760054
1853029971
3672626271
1135001658
621170561
317009910
1367220012
1629740959
1711589962
2602930443
3440086734
281956016
3467806334
682431623
2269751848
3915702082
3925623499
141217747
1096190865
1798703021
1092847761
3977501837
1225127545
941772847
568523180
3452247797
2233025305
1075210095
4192965840
2542660167
3324499094
2667556390
542139361
1378958022
1061683245
951567552
1485087313
2848487464
1735754577
3986636909
2250941090
2962374427
3187015435
895385558
43253282
1769481695
423010067
106859402
2463696663
2413234647
3741150131
3417981647
3852198666
1731811475
1553018898
585829322
961988573
4208938170
3270188283
1466719623
43173724
8244189
2088498952
3344627740
1186496674
4129928150
1644655857
195021515
3199175271
2272887870
1229254212
1521408032
3503263631
1682837633
3012543470
1352007553
636795874
1431422398
1283089963
1573895053
1973703931
1066867722
1306059292
3721494237
3571334803
4052644649
904471718
91542174
328890573
