4133036324
2490053315
2542589673
3056021856
2815792955
520214093
274011962
267328993
1874228842
2191118859
3095201917
2727106624
878739583
3171422729
1790977960
1549122494
1376622486
2483065376
2184887185
2911515308
2436213056
3084795660
3058990591
2829319382
4214225156
4293889609
1733782419
2883344015
1737817749
3128276365
879689409
2089214527
2127509136
239769164
2779060758
1497454033
3806711055
1990343207
4286899384
4124305660
2490414387
751820197
2640140275
2922108160
2919744375
4121930159
4140140422
1617975342
2247407635
418949698
1679218335
2868417847
4072826233
819230003
4118147922
616963341
1715177223
1253588651
346580599
678692116
861671559
145683090
818473892
574671227
1379071282
2809435427
564311945
1748594083
1177987354
1011012269
155657953
3520865006
446087729
1649414414
1005267109
3035135864
274469143
1439882085
1072977049
1052424989
1512855815
2106564771
1772786088
609245820
3948416336
860680256
2578638195
3928145775
3182471797
2022234172
2642397162
1742054361
4218979020
1009412351
2596851673
1932773261
3056807895
2186082163
207440849
865888635
959876373
2304823783
1585966445
1263062638
696220743
1948604753
942500449
1750433777
3667535440
2003175033
2639056766
3458394919
3534055106
