1145494847
1267316195
4146212764
451032729
3516074532
1177904669
2437101049
527070332
3948472034
2328953506
465676386
1045354555
1439022297
390232008
2288566280
445465334
1351836565
3600796030
1885656901
1506542814
1693190782
2332421305
127767878
1346768293
3967530468
2535906673
3563940518
2646057735
2007867548
3678919795
56401685
2809873095
534475575
1742951704
3992316913
3866742698
3000706844
1275355155
2039194477
3939298904
198425593
2384946923
2574797518
1328452311
1643696173
881411347
2837257138
1395291473
1506814981
1748694416
3184601308
2522613927
2479735549
1532731084
334043295
3848232902
2360048996
976137825
1311457639
2562355918
3307556422
2947989125
3922635882
1058691509
1732199927
4110056420
960106468
4062978439
2031021011
3572124581
3910536266
2015726530
1513889417
2248938855
2361697878
109753363
1094771853
3877846012
903428231
125656831
1749672667
2898539432
543568512
3632083476
3078970904
2831456085
773680332
689238441
875983946
3604109325
1036158358
1411384413
3381165852
1154594087
101940749
1255366348
538914472
3458383699
1213724342
4240678057
2976495839
2293764873
1849226306
4013413584
1818937776
2100294437
4194249454
3623831456
3509714532
2950682372
3510328252
636048437
1125656394
3346528743
2028369167
1897864780
3078431248
3581797939
1574955051
3770167799
833448077
4206996109
1068606452
2650158758
185827621
2298854841
3662733684
223998865
431677185
2056209653
2272706580
218357518
312637750
2558924008
3207885803
363963609
3635370038
1707253399
1960506455
3446880234
4013555512
780309086
3437993309
605443890
94430151
2652403634
358786253
1860542195
3485981722
267288352