3478590784
1750823347
3505616880
3043352721
2439457385
994106486
359375898
2971066148
1438438529
2753887454
4037212999
2062390639
3842218043
3370758255
864181516
1596462468
2701014258
3202883150
1659896447
3018614432
87184327
3617515000
664983441
3075082371
208983645
2855738713
1059107263
3132329574
517848042
2135578799
3584803880
1406099126
901148573
4005889547
966180228
2004519846
1972626190
3366878248
2576769009
2924047502
2142398393
2501843887
1863660385
1268932249
2453272996
3475709920
416088181
3955817926
2597237752
688941761
1228337882
2014544182
1721609911
2822463901
975695075
1087124504
4244661081
1466277092
4065301113
112557034
2621958731
4215157480
1487120879
447401696
2256076771
1708459762
2881578541
113229010
1792181984
3802269533
2624061888
3169444856
4196734613
2844050341
3964312221
1028994751
4272001217
1404083207
1216854586
117805400
3497706095
3761076612
32109113
3602107865
701749371
3529575795
2993658738
1018803231
1567243787
3295891618
3227206949
3258546656
1991458008
707351588
1737073166
3827790566
3529387759
4077895866
1372405744
1294782632
932848659
3607347227
1197513410
3075940978
1049180970
3088695561
443746228
885883239
849545698
2576611631
162635100
1336919042
3913501686
2894813168
1209417816
51501195
3028874640
1907565858
3089664925
2800035623
2539807
647015627
4040152837
4077734611
17109796
3776640031
2318241088
1134385792
3401568678
7273450
3368075929
2166548073
1989003578
3551587576
4122384776
122852156
2906914127
2158048251
4253548503
489529234
4106807266
2659182723
567702225
2863205128
2024442380
1936564628
1412159732
4145830514
944182033
24024020
3258955770
1036065130
3470317449
519321935
3376724672
3595339603
212408979
706967753
3714603290
410051522
367126649
367687769
2353668770
2063943280
1318574036
923519638
1928671885
975250855
932293820
2707061651
2313515203
991524675
280489478
4174849174
1168144082
4095432131
3428495931
3064042878
872127036
93648
3175321807
1179832709
1651220562
3959733699
1036773835
493724999
3998820572
3844479944
1154980569
3095958243
393369976
467405328
3016424933
957962765
1307699352
3634007226
2247507644
1251263378
1258085711
548494319
132617539
2306957778
1549055080
3466714168
4246815397
1193156089
3953165569
1552775458
430927275
2642786432
343049878
308617421
2511859261
970413474
4199285402
2066480155
1859362309
3448245077
748745953
4121161928
959819622
1026082479
1113329918
3463968715
691505450
377582624
2768290117
886096729
1808613282
1025940967
2992455386
3467557612
3003600560
3280303403
2822389970
766439466
724157727
2437141694
1644668888
1973963141
1294599157
1160118792
1759063179
1472687193
3573057172
3677984079
396909054
3012779676
1462762974
855609052
3966339711
2201038665
1319005474
2344480394
2477568377
1464060245
2384350338
1997364949
1787047006
1415909320
3816596180
3971766391
1961071660
3327197246
653521814
1422381462
1247794940
1556414171
317233694
749509973
2114339262
2714028301
2546120309
1210603359
3560007980
2611913138
3595987927
2436859502
1914583578
3487551526
77668214
2960583728
605192598
1048393888
864198556
434730072
530469123
3047620274
42364963
3045806041
4227379475
419817778
2213954937
3158021116
3381744707
86945247
3052377602
610248667
3599027581
4039289462
2039358155
1147922017
3353391644
2805771789
567160524
1253612789
2459757910
1408655757
2165422942
3547344291
457499213
2107226596
142430650
3952100948
2233790417
2316113427
683605954
1672519056
1611437699
1903573501
285012819
2405763501