4092405334
3452737156
495013942
2652714834
3653062512
743794786
341851433
2580501958
4182420536
3505151024
1258501160
2217486090
4262160476
2087052541
4029789691
3830068828
1879383748
707558330
2909352148
1454590062
1219245623
2359412963
861864175
2129600868
4169723856
2102526431
2814467479
3446213776
2124237812
3052776857
122223896
2317186864
3580082590
2895811875
887568961
3525347033
2020067649
231545261
1828610784
1472934345
4175643985
3436018477
3250861475
1634550334
2899101108
917870333
2088226744
3071861525
3590935167
3005187738
1029353135
3373964525
3642173775
1784696803
2259108439
3414958860
1723547863
323145790
3745143888
3313448277
1107269263
2781320122
553822836
1492497625
2344826163
589332768
3994700369
1920315225
512990593
2403498624
1486692383
2750694227
1648448561
1829604483
1580100204
1224616954
1213521782
3595910273
377234075
4146733121
4272788073
348780115
2809068662
968881334
2619503732
