3117596517
2894850142
4226069881
2991191818
2656404962
3401389661
1021469135
1097556344
2717494958
2470021244
2148436114
3625714341
4232432202
1139319569
164704830
2944747069
2374614714
3505382321
2682460235
3637777287
2182428050
3603218496
3423571921
1611799726
2753871924
927875453
1616621490
1865754174
1127510224
3333905396
1915451783
2140311887
2802843715
3474067523
1989797307
4086968011
3537577790
3025375316
318908118
3307496381
3536176407
878914989
3987030583
2715108081
3958797884
3052830235
2194288130
1576966139
2787883971
3820251487
1052141239
2651571205
117873337
2128536384
3753094332
1745499228
3348232474
2955507898
2858140700
3141147138
2604370316
3963005583
535328822
1686211864
251805571
807238228
199279911
2100100905
3033939299
576930327
2803027275
2487140878
1910261076
307294290
1659050432
3802004271
3953448153
3329544754
1339417273
558739938
1393113571
2110071195
1861550452
3973759426
3884342876
3280268400
896215588
1888606941
2962614201
3899343525
1621912412
686505421
1244305754
1276610125
3413360679
193986607
3205108642
1166921840
130356114
2703249867
4007349717
4160277847
778764887
1024170300
4052410957
2274531509
1937770486
1973614514
3637818327
912027304
3930808571
544028195
4173353296
160618171
2866556809
2506605590
2190386879
3294159375
1759352583
1958691847
2023784254
1222187913
4065415944
2788045919
908249904
1579785630
3622705723
892804273
616445087
663131078
3941251697
2024669315
1606094511
3015965842
328653258
1669892429
3061442816
2158468837
1466235363
437042076