4010000668
4233199742
1186210121
2981521258
2134568410
186804966
915494621
2761891113
2347645263
2450138062
2572264368
1085748107
3707710316
145940595
3711414240
182768617
3721898668
1719381118
2039961368
2009302400
3941423401
275170525
1546555936
2198614582
3421125484
2187711134
2355221017
1027359512
676633656
3692573223
2088204571
1526645350
827719766
3091511227
3239385657
4129391710
2750672523
2538754464
2196472167
2472560133
3694229932
2175629071
2775664518
3990050969
4243855097
3475764730
4050710193
1301994670
3656629842
596613221
1865259466
3221035759
3954452782
760064403
2346339883
761254781
2532455000
2750747098
795953625
3550696479
3119203992
2364850315
48244747
2956641032
2144869724
2404626699
3676865313
554038167
924535754
2849630705
2834808448
1828024897
3686419910
3405260667
2902696739
687663180
3254558691
755035595
2875185956
2945121787
526897370
1149876630
47936732
124237591
4085178375
1582926907
2716933463
2065085146
1647102550
2583003840
4294278303
379208401
4276113455
1668310164
3019586813
1665693345
1701624976
3485022665
2412195166
1411005232
272512478
3142528309
3341653955
2389655716
3516426891
2754965628
1842557455
4262325252
969691565
857881768
2035017115
4275757708
476154223
77385412
1041245335
3728134506
63412833
3039922852
961961805
437139735
531863119
2890485064
3855335060
2966716763
992739233
551160710
927860813
2609594712
1592882353
2287465999
1135930653
1988558196
857711263
1893435007
4207419545
1544069303
2645309260
2898755717
696605852
3997748287
4245565992
1959445531
1599755264
1246001504
3322382809
2279083754
1754288547
2407293956
1377736780
2899849121
1481357408
785286566
1729382851
3544562205
640117285
4217140849
272681926
3760336175
4228599281
3973776517
2133854381
441566240
2955058096
825007109
2792996605
1748695743
1424089542
2690078009
1556600607
674219585
3123420363
1655012772
434157168
230252840
3588063746
470902663
561671670
1855303975
3147354361
4199627566
1736892520
2320827988
2645397155
782238952
1485989384
368421987
74551923
1105544896
2955053468
1178113372
2550592057
4159623668
2901492658
3560093702
489412680
2902709172
3983103749
1080183552
391842545
2800453058
2355241184
2209342184
2660686511
3478347417
493488419
1402542119
1449933998
3822427379
3301378235
4030954501
2202081669
1165836680
3627662030
381503098
1510254088
2495460775
3576329687
806087496
2452493213
2943730781
3068018787
3657914219
379628057
173375191
1609619033
900151289
2625948374
988751623
2484661236
3809888628
1571876172
2096089311
2669877489
2495951248
3524008245
1715964838
1515447942
1444420152
3141160208
3017982177
630562379
2005011948
1612377246
1052452657
3996462566
3433720284
2547152081
1462030164
1715678160
1734845728
1695100428
4030420888
4161520044
1327714715
3903568343
1547282677
4077544855
2870411508
444925181
750025385
3356212832
4254233178
1040759513
510486244
4088142741
2999428539
1135372645
1176656549
2603329644
365410605
3323096290
2762040785
1236536097
3963258086
1159470391
1123022206
2396160029
725950477
3875478962
1082267988
1469646171
4066601699
2501302036
884312393
954988690
1538745434
4052267224
3037982695
76418506
3493059028
3179460494
347435570
2845085506
1384209594
22212082
402396721
4149248197
1794560700
74909117
1755338257
26222910
4237399155
1355676965
867110968
3181895745
2964215800
3406255626
1610398423
1278644692
1495169425
3916332733
3363998566
2802067060
2765371968
498576511
3820836256
2353142393
1693945348
3102845676
518885676
3324518878
1741710614
895315658
4071533192