3339393079
410352703
2535458418
2019301386
4018969478
1122082356
4032322837
761970305
4077453853
290017131
2785550217
4088742357
2167008586
1095307160
4153975297
4233948935
304255720
3305975419
3913881782
3218147305
1242177292
3257832031
3893967510
2118377830
4070378057
4261616537
3680455511
436419841
361122589
3481153222
3129924423
2319563003
2388589585
1346313402
1831831640
990423915
1181302201
926681685
2104861089
4209361388
925430548
3947845159
2443596805
2256812974
2520431856
2742853149
2545077837
1948319284
4245615988
1580666291
1218140533
3623900416
30244845
1802078765
530732945
3872238480
2562635347
4256550143
1566548929
1248621336
695184183
2810627353
4003313813
2693821853
1814432399
3554661638
1641407935
342289026
846657723
3476208387
733613674
2990488312
124731534
1864676509
