2825506768
2548982677
3752263528
2310529525
1426803507
306961633
1796195710
2640494117
329986695
190438243
3497923469
271320375
2420142759
3253036125
3992826686
2851576971
1053217508
228258493
131310745
4067643537
1444259764
1805588493
2983372198
1220168804
1404279588
628736732
861844303
2589933915
1097632174
255737030
208280696
1883688734
3734417786
3588591442
2786028820
1672933877
2038925022
805340903
4254321145
3566358801
76419374
2052427927
1660132281
687556747
1541679963
2154261567
932496322
3992741170
862290040
4168411203
1139205774
1854266089
1495897709
693020314
1024047023
2534101870
3608487955
1260885263
2349613895
3134927484
2213725855
937713709
3753972030
3336332945
3862899665
3507327183
1957285525
