2453032761
305259031
2376609900
3009504104
3725392548
1927935317
2608428419
2414010414
2415188653
1260723713
255619967
1259231217
1950367126
1715515573
2863537280
3653867682
2044628044
1714045854
4278426196
2743743244
152024147
1699632092
296018512
700897100
372575756
2566838900
2419692129
2122279780
2961807463
2946330473
2851697860
3638908552
685189582
3172845123
1488452964
3864810622
1782116711
2280387177
1724271970
2852706665
1463564177
1442658329
3419546008
3935249476
608209775
281723939
3109994933
3848166045
3070026304
4026570651
1412134875
1605386179
3925056568
1594203623
3896650509
3775124015
4162813890
4184796980
1143560723
4076627774
1222863108
3748066158
3726282601
3966794737
1392614098
1239774802
441815057
59552761
912267711
336557357
2950584723
3300700784
593598644
441405861
654849638
2515741101
1167574614
3298635939
667386804
1816459567
718659423
3450519723
746538042
941797497
1264198170
2349786688
4262379711
3661893860
1807687723
658737030
4255551167
250041933
168959993
2961914272
822273561
142946069
1233222313
3502568196
285115586
3310482041
1333238864
1545732427
3480188420
1418449825
118189742
290202104
1373185688
1344186202
649685659
408784493
1732834068
3998948463
532218352
926196657
2820904927
3642159424
553920625
3029822942
1216546384
152134012
451031022
