3692120662
2228897299
2572662868
2383029405
1620534674
3814322762
62724290
1001879616
349296556
3476967570
1886552079
1660027864
2029323748
838252878
1299350694
2504731834
2267570102
1054406614
834401158
3053668546
2008496853
3805169321
3220479949
240658074
3201305399
2615566510
3781081589
1435774747
3737111331
1661953548
3266690817
3132673936
2664170295
2505016702
1984994273
2924854439
85327849
1477627466
1304375498
584822691
2650481957
168521922
1963853454
568128110
3364457996
1901176913
3301175958
1862504470
1465480210
338475154
897360064
3313025621
2747311559
591735940
2416826545
2638346130
4270049196
3623458088
4232570224
127414285
215116634
2420278686
3708096488
2911222746
4014556303
2238448987
4075657537
1709590963
3362195793
4209617135
4172943604
212984503
894609152
1996395025
3731096947
3376378012
2375243213
1524291225
2338001622
3173846523
4136799601
3828259643
2012635422
2480631787
1517720745
271101143
1730855302
1205489512
3299496714
1385542317
3809208422
243681981
1231931246
3089309146
1577961398
2425839136
1262570127
3502192896