2660656543
4216908850
2545060249
2416190285
2370608740
3102184493
3285353140
1056150280
2204718518
4189166176
1436818513
2282133043
581240713
2282041676
3608566585
950317852
901194313
586725218
1438842965
2859068793
3717224464
856558613
2010936735
614541524
2691984528
1095626161
2199459309
3114168312
2074664919
2128756784
1171058997
1011561104
3136256522
2093925016
992611513
3672915493
128978059
1086234087
1817275545
891645348
13573241
1511054440
835950325
768941174
4180949159
2918155472
3196037500
285718600
3139097104
2351621393
1063010965
2141579131
2666613270
292298281
72445825
2642081117
1936864379
3858627072
563962465
3551673766
2699251186
3526816707
3518888603
1227341656
4098504089
457862296
2919734881
251693752
1755449753
4188183209
2416797676
3911643847
2074196537
4239329950
3789667784
3167531519
3687921703
1874110043
4177546547
2552272849
1381936311
1544991484
4081919307
1445824225
2287261281
1028137655
2477333043
4066406457
1892384473
2823066379
3366917019
3530568057
1133929429
3597538081
1773653041
1884163989
1520489288
1759107035
908401582
1110212745
544006808
1995094787
2108420783
3616679827
688686738
3653024874
2539068825
2282462601
2173490869
2129253855
4277886254
2556072406
3796560523
297012560
3808458340
4163649321
1754117301
796685169
2315340214
574456939
3148859238
2528808534
3230558458
1203578406
782432611
3365856879
993307878
1345158873
2305587628
1028670496
2923670312
813166795
3923392819
3228992386
3688957439
3247462442
2474878559
3378315758
3864560656
2707632423
2139486897
212613667
3920896825
969611119
2515297160
3632562636
2633665647
1971754798
3834303514
2768080389
2626006442
4278248743
2221094395
791665042
2648923453
3984545524
1132398173
1601206478
2044339882
3566768201
1652682947
877908844
735054067
2363131731