3232584954
2719284108
417481556
2104255281
3859072690
1102002523
1106261802
1654392837
2721044617
1445627119
1796705285
3586866910
4074801523
746155241
464800648
2551807630
2048196060
1950084514
2627628850
3850761757
2716291320
1515272391
612771780
2083928539
3433760873
2926873462
3049555454
2932716540
232258480
2476955507
701263420
227220173
2977254277
3243157396
2786550501
1871059439
701847963
1648381542
2031441470
605901367
337882837
1788852982
2998188960
1041836993
2159448173
2645915098
1495089303
931994628
3845515027
1682972840
2758102939
1325190381
4282028143
2371140264
4028529948
1150480090
3134057830
4244780385
2776467572
4243486294
1689790616
4239754074
976387762
4010458378
2711986942
3588383632
2714622578
2175893792
1700115701
2677750308
3145976476
3773899613
1335456357
4190911796
1718688954
1477185589
1183354000
2536085240
1835928637
2934711012
2114958726
3540863101
3793474269
237667931
1913943474
3250606799
1942074072
4190658017
1720521113
3523537962
802169988
1162025815
1245679544
1132580372
3276675306
1284840179
1888182747
3938504892
2578954087
3978279694
1057937350
2190754475
1081592646
1259890261
479528262
445233792
3848212921
2911985892
4010364743
2113407404
480858558
2834687457
2482854183
939853500
3338867818
4080105619
4023211989
3217711215
2317119771
1162169713
974720212
1554615239
2739154061
909425393
582309506
188146960
2505344477
587557769
2155773952
3788798043
1735979860
1865524821
2480909249
534783138
834939024
2789195601
3719587430
1311678367
800811355
2698935858
4230392587
2701011290
1798080218
1236650712
703099953
1986319179
3881196698
3997672773
1691572551
2972305633
148186613
1767522498
1721415754
441465224
377091831
4071793365
150785697
2607543173
886380628
1840041036
3147041717
3491113148
2839536507
2654683705
3921540672