1346942121
3827475281
1351124031
3696143182
289727066
1550056303
627995843
3860491649
2535859347
1891478436
3151154374
2720554448
2708112260
4191472462
597809689
2153268041
2210423760
632845166
1343629571
3142462729
3086264769
336067819
917491245
623990493
1257263395
660797585
835382090
635658665
4062664648
459471947
2302773293
1980274609
4130122533
3512879221
3218309103
1873627260
2081175896
2909116737
3890933903
261721278
2216732119
2780444006
3703861696
200021437
3221179316
453248946
824621999
4068849449
1720284867
662619235
3373748644
1338868855
3804566586
1040164653
119171236
4143941750
2602844048
631111185
656239051
3386970637
3791708102
21220373
3180418803
4204229788
2662446474
2863020483
1727033716
3087476939
3497199949
2519058762
