3098996358
1079269344
2134678063
987827446
2100852153
3850036709
3495004419
1865468003
335507143
2275016367
614500149
1397065488
947470779
1462867537
3113293434
1767473101
2641983752
860000474
458135654
2475684810
43057174
1791413428
2872939258
330760682
1987374350
1304290702
1333521615
2542470782
3191871382
3875470454
3671898861
2234951936
301426825
2130847086
2359890363
3272156259
2300872553
651693333
2779174425
2305369334
828230504
1794057594
2398138617
1001718225
433312714
3077187230
1057036487
423048518
2049649395
4247400100
31507759
1416770791
952065109
3060766065
3142133042
235966423
2050406349
3539216403
210175103
4223546218
2388820844
