2226563386
3830476953
3146548379
2398285205
3199115530
887068894
814456628
645391037
3587393359
328460359
128821489
1435826075
1595119649
4119961028
3927443218
2295515598
464092129
823179678
2776111302
3685773160
3355516839
809189134
2526711843
2797170087
533922175
1405622341
2031993733
4125004994
1755268836
2355050098
3067233496
789189549
788127412
3938070852
4269909512
1284893028
1492264255
3821713650
2541631546
831334155
286973462
3727268289
1441678479
1687500087
1972785941
525585068
158887185
1922137364
3702384793
2925459330
1938426602
265074069
1453500607
3853129054
2865843651
3480072992
2832100977
1334604371
918950671
945393504
295792853
390256603
3800458036
4288598741
904694316
3001442209
2733129739
3285516925
2542148472
1630096954
3112103504
534015646
1958574501
3662023158
3332220891
1901455387
1637808243
4006284090
4215698161
1172454225
2284093092
3139599212
786818813
318217658
1506190495
3743739380
1295968653
3166549069
1012771949
1606161006
1142276517
2438772488
1870963308
3985372919
869999004
2928031999
1646600693
4139889470
2720268228
1803529814
1451381817
2114667808
3037375509
3135909929
1713918084
4013242619
3054229824
3988938129
732152006
3229009420
226010379
2970935828
195147457
3968443292
3847167518
1346174751
3153842460
1551309990
99089251
570570122
1581860132
2857917411
2532224714
2683989692
663755125
233939910