174075214
2979857297
3321458584
3237815291
4089635709
3829236568
3656491650
2400338724
3121913902
123576432
2468169171
2177631666
769298704
4030862005
212899300
4010519280
850594585
4011567074
3686883185
3282000310
3151920022
1514442508
2457691920
478470727
2946965866
1721600671
3038547262
1769939230
2392046711
703266290
4242327966
2663399564
3698481216
520265250
301005460
744069222
2466566479
498006099
126638005
3906749786
108966999
1017037350
344256668
3828039882
1394313979
2382461680
1422481542
2358404597
563428660
4201851425
1110770904
507593918
2929371982
382973543
881470489
3827937484
3370935677
2478296263
2498724089
1126254654
1700523349
3912231394
564596762
1793750521
2545328924
1383254480
3735631930
4274639172
2436737714
704971245
3530395217
132850074
660950348
287348514
302847099
3398595334
1837023586
2535415102
2100368910
3157212731
1517048199
1567357667
2881298443
3923364592
2664123928
5608123
3918402315
741984863
2736247816