355150041
945849251
3281086037
495480089
3400942381
3237852278
501144373
1534045578
2677298554
3231675041
2382346492
3197727096
3337829146
2824547969
965023719
1600234656
323071492
3216751844
3071166602
2841331847
51420442
846158768
501090989
557082803
3594027408
2090498697
978251658
2904175754
2488107417
747434332
274745129
3316020966
667365388
3112396495
2935363504
463795196
206359602
687363889
1364096212
456643264
2733382163
1716396411
2400892436
2304519917
1802646103
1995356964
269410126
73589697
252030362
1739722792
2914970728
3381890759
1107451708
2615112843
2152251063
2661962270
1277325859
3862685572
946506341
1466126610
206539383
4086986458
1842580812
4216066759
1696795867
3050254699
1203084910
953503145
3126383927
1557150871
3817448922
96499677
1351798656
629539153
1570878471
3944217533
1882975154
164264115
1281276147
368937303
48441792
126329693
1674601820
2267337506
107023796
1684340744
3126509110
3453951547
146685136
2568063489
1813722101
822372150
2265429315
2162546340
3551018619
219663795
766971068
167243565
2983639167
3694934960
926306172
2709756198
3062073664
3975563319
367080114
3286425119
1321783366
368063387
2408346805
1232572864
2274729681
2066325489
4211365289
721510948
331511963
2318220565
585463248
3017700089
4045385882
1888240185
3336137573
2362068474
1147842850
1748636312
4160300676
1783815949
2833047838
2248874671
2394335758
27340243
2651908051
2622988538
2484133042
1401421520
54455752
2641794225
29243634
1436106155
4172910510
599137535
3176491940
3548852822
1027162635
1086036540
274459308
433164033
745849189
418995602
3167331433
2654477779
2670967746
6512161
357573576
3203398079
1542551383
3058074945
3800338457
2039112170
3142132435
2719288920
2252556792
1525972303
4221912684
935522631
3236736130
4281845204
3251310077
876675708
2625085505
1808642631
1826526212
2252789805
3755702132
3041823037
1958628451
2489069231
3500629761
1765565858
2738362139
1936731622
1523575350
548854938
2926987651
2973160855
1759906707
2534624155
3932249223
1083898472
1259087575
1579912572
1122715085
2735446849
871947469
2062150066
1899055680
2724689076
2270077490
2716023680
4124955746
1766386409
1959509320
1101724400
2378773741
162407633
1679166803