4043534833
830342951
1097117914
534405371
3187517302
628252020
804868964
2132094796
784560475
3184643313
3331993181
1355304493
3298718412
2974684100
1406710180
2350134595
1579057428
312519234
782856825
881583977
1155092632
4135492351
3414010430
3249171952
2845562986
247114568
942519303
1002993183
3066816506
397150499
3448049514
1493850911
3966655592
3855195054
1403474605
26099407
3503642302
141575414
203454211
2077402491
276220371
688917754
4103131657
1647877933
3903149291
1716101994
1509926191
1723475864
614359253
1611686970
3104566366
3302483886
699884153
2799290879
2293553779
4075774576
1055756217
3414192856
2947419693
3470523661
2061129336
194800296
325225265
3974105849
1850077237
368355776
963461571
341866429
3903702690
3716034325
3224012129
2504275190
3602068953
1942052934
224978919
1347978059
672436124
625343598
3483641594
2961314524
540850731
2342742273
3814352141
3743348395
2799973423
2294136247
3559790382
1747458073
643115214
2628668994
444290349
1489182030
3380419770
2636801068
3646398282
350910468
2934064594
1518408230
689382556
3916304738
1959231778
961796434
1897906671
573603458
1284952203
1095318166
2426469011
3394491393
2342634447
4264418641
2853001331
3612012551
688736784
