868634987
3697058592
930837670
1614044640
3195245861
3075297451
2866930607
3963989583
3571025652
524556335
2761118060
1524621711
3285806760
3174790283
2611544053
3738978527
2027304500
2890166722
2025513199
1584314659
1779260186
3144003298
2002198939
372808828
496271539
2924970271
2113785181
4261543550
3467074564
2103501491
1291141981
2064011162
4178151815
1025682449
2736988559
1778936154
3504626617
3657437489
2135908902
947974189
445701507
1159567705
1291368509
1862779163
4064008423
2865309223
969935805
1779872201
543482617
3825114019
789238360
3943019424
3403870897
3608677941
4157204695
3627547158
3401134011
3948348170
3762425293
1029344801
2672250618
2032708657
232740241
2112216825
3811770509
770510259
1989703996
1199926679
3459769252
343185972
2655147714
2195286955
2565260283
128429796
1098172016
3263223275
2888702482
1448096606
481376909
4204101991
2994599239
2763397983
1124737732
3623041037
141735052
785899390
639737426
3733149893
1377372800
1882942545
2504255841
201072012
2277058052
765656552
1783222614
223555660
1975607296
3281004926
2174116554
4175730176
3315399095
339790263
2412212281
2307061297
97771032
1336204557
2983052059
422395944
156118767
617629325
1939403695
3212331638
1534956975
2530464470
3535364549
3084065154
1834369165
3829337555
3482053949
765187766
2061531049
1221644267
2497909693
1456818063
2639030928
977581099
3133386113
3943896045
1887548187
1439250024
4044367103
2982261495
3369358425
1299617535
3596069697
2112511454
1784893735
1654716475
2617460098
65429644
3397000656
1661835673
2481933138
1850637144
690933770
3884637240
3179228140
1613925556
2415406706
654091249
982804655
829033246
1212840461
210576461
1621875230
3422911583
1125098386
3423544261
513010740
3100968509
724952906
2954685314
2798458975
2690739518
2123274755
3119012145
3863181900
484690263
1280387370
3425815535
2313970636
1061682403
1741147476
2747807030
678206085
1602542014
2926700234
465099595
2452265960
1318937613
357057913
756841376
1595698450
3930463961
1722670247
3838262982
1913855473
2381371622
1669494987
3065273197
2128509388
825141352
3827452708
4091273941
4229207674
3906821643
984809395
2545970797
2677164910
2541834618
2883776008
1467276124
1996465453
2149888119
2344276474
1162114372
538153916
3526188309
1118432292
3503315257
1720751797
3783346189
705053672
1409772419
1942945130
2589548255
4183243975
649001222
3515304583
1050524348
1088950056
3070228063
464385411
2957090289
685499078
4083191187
2424805792
965868756
3283109479
3065167082
3721473224
2109978994
2001997250
633460996
1945838572
560638466
162436862
3776144206
1831246703
2829318476
826633649
2541133833
3340958616
343743748
604312235
2856677401
1045332326
1029926700
847478657
4131120168
1531580254
3565864288
2896185712
3723795030
1719864058
1357416211
3826276951
2576287339
2328677167
155952259
1169801927
1163688286
374415426
2225375849
1245075538
2117344521
4086255350
2552294814
2284263867
3889202518
2124106615
3239840818
4178852953
3970884170
1392668274
2056457056
925076889
3348554674
112062075
2915333134
1114531468
3178742940
2398098302
2750850303
3187551851
1815778499
143892864
2540143976
1072046049
2809353100
1509675469
805768144
349565385
3451370608
2353166664
757117927
4088225993
583584663
101602742
2248709017
1830612986
1878421790
3193292525
2235797209
3526337148
1026987129
1863913936
386635492
1980804217
2337963363
2686394539
4214698904
2994461920
2510392565
3879576669
4249456492
3873458690
2414470870
4118428574
2208355927
2290123589
1033769178
1052594827
3312504049
376967165
603738904
3585250971
410886277
3996276478
1252344095
639103234
1922798046
3602836937
523731073
2613513974
2326069400
860101910
1989762349
3579876196
2048152882