1846618627
612036818
1923996187
1899071128
2507599109
736708284
3923959934
1886093648
4223888297
2648658416
4136583894
1065431287
848156191
1323967329
274376665
3671934669
3655452255
1605943362
3918674219
349045141
1345760869
590678391
3072977238
3265890479
941617294
2272113341
2229707499
3477674626
4147837050
3237285796
2054497316
3940000700
433715145
970966956
1188849848
801635092
1306088991
1416523362
945568833
2382905433
2655996497
3975038289
4286464831
2518351972
1609734599
1927568462
2769408582
3515171076
501734769
3588785384
3265405271
3591383930
3465303859
139101092
1518676707
2192861187
1077932153
3885598301
2506224875
4120250887
1103873890
4068713170
3481375834
1895139126
540407424
2468881889
2375098149
602406241
2987273026
3465968520
3362556919
3465319029
1044186301
2560491355
3875435170
817433724
3711844346
4071755007
1190372619
774960828
2508288757
2708979321
1296905350
672024507
562422707
2370483192
65190515
2267880702
1109182379
2937365332
1016814344
3115117063
1327551092
3056597215
1171592153
2675583744
204214105
2546822350
2608702993
156698544
907698487
611135651
1376092733
1915457427
1266215058
2496116508
2276883472
3997556958
3735341255
907705918
821669634
1218424594
1145395463
2868743669
2866750526
335777378
2677472991
56326044
2012198384
1503823735
1490908789
1450885185
1055095363
240053341
3419908701
4068829875
2884660177
1112790791
333279056
2194411215
3845791545
2804292037
1221933365
247178947
2676853339
1485520846
4154781105
3186296382
305656594
1436396367
995154249
231839933
2937507390
2246316955
3300914697
2672246144
959539514
954004815
907684874
210901022
790670920
4280673783
1398358890
170765566
1532000732
1454749669
240018789
2188582016
4191754143
3535595943
2353890237
1525655325
3855065588
4189316445
1374106409
1685829511
2248469506
1679915968
1333198020
1703717272
645399814
3948527856
3565471012
939048435
2490001833
72738644
4098835681
2344288783
503736974
3304928896
2134531952
1849363200
680758306
1451053562
1741424447
1486902544
4168057520
2640611715
1123000671
3762341972
3946357118
773696740
494341770
3160221886
3324849839
729820143
2909491629
791484116
1698853637
1308459518
1073877871