1239893143
3064343740
1915657761
2705395208
2260953514
2176457384
3241103674
1056573571
3768409343
3421971359
226767934
827742180
4259938155
1696316757
1917222568
2415352767
3480214054
1062531512
2430649221
4242166506
287182629
2788591735
1254812800
3420956164
1500937271
2179159547
2678875895
3642298761
55265304
2059704449
504743206
1226258209
1401540692
2187610884
799333272
2333919222
3604859884
1686867605
2732966250
3436722712
4252013163
2838770178
1113481988
857271689
4181050337
2801216376
2371177652
622318469
801843916
2089668032
1613859400
1626262173
2204738004
3483031964
2162962087
877405706
3826974836
2153636226
426880484
3365038553
2657128253
3938797550
3620218310
727564105
3609519409
3938354822
687447801
2886782154
910863044
2467250788
