175242661
728003448
374445299
2250811775
4028283413
3457683894
422742884
508289279
2756988793
1733154055
1562570598
3579344612
4013122335
4128071532
1668028164
338898895
375101240
1986135588
3903438316
3659800431
785522659
668789598
2240149955
862929226
601273344
893017782
1356110795
1185466072
1028603010
153570115
2559078135
3703834736
845081320
936984883
2459984664
2289132803
480551834
2169428621
2405841247
1853587468
495802666
1815270877
1719723066
2079142790
1405463245
4104163092
1767859678
3588417319
1957965049
2886294624
3924211537
3204630320
1384838569
2024484650
3342127529
2457447717
191597956
3998727626
353760078
4242448819
3657831933
1608956521
