4010717926
1391725238
3760175553
952844414
796295724
3580180288
3669523922
1716906311
2735622731
1514209418
4050573623
3544996832
1478619206
204927107
1490965727
3939834995
2599574794
1793598067
1591805756
1491120371
1800511915
1732143250
3650013213
3009089690
157242818
1588679982
1616444932
1290627905
4153461095
1583758651
2326990856
1477650189
1822918753
1003641274
2416787200
2004168071
2583844422
4240115110
761846392
338580790
3777617453
3080522228
299323467
1562664220
1662903188
604871876
2382788565
3288520735
3665825298
1088028530
2599838262
2491843763
4174480909
2891958248
771030428
3960936909
795288351
3665048467
591625157
370961541
3710099041
1592101310
3519357110
1492409637
2748764735
937990979
919781614
19775053
2144573926
1096257284
2448860716
881932026
1938053501
149768783
1617555400
1797584965
2161138574
2037855424
1329457471
2108283658
1456830981
2908868042
2609696750
4274976303
2186841193
1206675341
3628176034
