3276580359
4105497090
674581764
588626890
423567381
2970257925
3076725748
3838931087
1309914566
1284721991
1341893689
4110695174
1493533473
2599981813
2457271863
2004655686
4133098039
42718751
1238307739
679661876
2214160008
1443725483
2826701205
4048090932
2565457187
51059438
390182186
3778237999
1423821391
1462846931
4129045
4006535399
1039008509
1982285730
3795451197
671490885
2768572752
3097169510
1688101621
3302783572
157933635
3782070930
277698488
1595555195
3787066086
1968094497
3410119338
1008055375
1162139326
270683413
929010871
3096639011
3223500560
2905510317
70574720
2509230809
1057141160
2371534948
3889612174
3483298355
254793244
1650515833
2708601241
1343728154
3796303524
560994996
1903019248
1936711378
3958874861
1885580216
3395466234
1454528004
