3139377183
1611262345
3982220627
3338990434
2276962635
3656444199
1326716889
2725589267
2707226997
2160704737
3320347301
4259615684
2093744275
2174839176
3538866418
3432349589
298531249
861877219
2334802834
1025588427
3188252849
533747757
256636871
609422274
2410655806
1852408064
574166043
3928273036
3982389908
2738017942
1667672583
783241023
2791169108
3609815576
578972723
3267227351
3936975177
2957857559
2668617504
509668556
2765259878
4144325539
702510803
4063431733
1880837355
2026863800
2656106092
406091598
3039419482
2369656385
2831745243
2152777812
2742472893
694326506
4246989153
2723341718
3237794505
1910233996
3524549606
2583313051
119069595
1070536731
1038037378
4189480397
3442928522
