2452821944
3131306105
3505263660
2836856527
2335433547
4253387573
2492858631
3396765699
2937389061
1050390219
614623999
1152896756
775635861
2785456865
3822486408
2735817786
2907988326
1915932360
1635625299
1447247957
965759448
100275697
3758604043
893673477
3298256330
1731276171
3077786935
3718828750
3701164981
3253617234
3080075304
1940866359
502949029
3836611969
487422391
1679411113
1279701549
3621390905
4125142286
2189688576
13003654
284130209
1928394064
2207800811
1993772416
1225215275
2095627550
312399028
1069034115
3248351607
2254944400
2737127561
668393599
749082926
214221380
1152990858
896867189
2547955203
3650007908
1515810061
2390066687
1478323425
651144289
3211601751
2643597364
2005084134
3227801480
2713122384
813769296
848223504
1368548242
1226088722
138395403
3797665541
1795845784
1192865796
1240315219
898643350
853205038
3469127034
2687228196
4252769644
2284319981
274665654
1606319610
1134691405
1907892038
84681731
3921669213
2820785574
1029197979
362586895
420364784
4244967417
3135371828
3415708154
2916279046
818353132
197709254
319587845
4019515053
1024930829
1586458377
1575718493
233125504
257118885
3978741631
3308189365
2269852480
4282471668
2661397268
840384823
2695931233
