2833990299
4179982212
907972149
3006991857
2731391596
4032387115
2381083053
1882777172
2764793121
271450938
2530515810
2411836866
2168254652
2536822694
327651372
565932588
450777541
4238892068
3639223974
2101539639
88488886
3820333493
3101622087
1423871321
1464993775
469565555
1775824913
867072783
2395934875
3923815354
834926951
3657481234
886921624
1656742354
3409039385
2632975914
447768643
4285499473
951665837
355862926
463894500
1396047634
2661887801
2003355975
1481596974
3036414631
2778329966
3026819156
1551387816
899900467
3389018809
1099599301
1104208402
1061067579
3023091315
378946954
1024127638
652823399
1966653745
4063355756
1854146745
408909352
1618253263
3658586478
669934287
365574033
127034591
1611533615
705754824
753658720
2437034976
2119621423
4157542732
1165532528
1210439004
998030846
1842272137
1793964489
459871877
735429537
2889330285
547120539
2596251978
2140898717
3018273814
3250725660
3671351346
4036848677
2642876672
3226648632
96549926
330275706
2510665982
3996455244
360209353
1755155701
564237887
520345589
824747754
3063250514
974026696
3688906571
540154223
180232613
1844958026
1396431656
3711668986
3459900853
2843771501
1985767853
2120752501
1602220673
1766012698
569227402
3908988926
483687909
630222037
1414205049
3314383291
172434071
1895817962
2733504111
1611644090
2063805395
2224671490
876293407
3238997336
3326063143
1856122796
2325583339
3110169695
1310339493
1504358891
3173196320
945000475
2661474178
182444691
337659635
2164300597
400056246
938212029
3622215943
3147329764
350331025
3381403311
656816685
129247416
1635125574
1622024864
2918736083
2316006563
2552877425
4236936265
971704571
2334072731
1072115208
2434335586
4022737664
3935410751
3951715019
374301114
484233257
2769449715
1803781082
2544521481
2077478801
3495681781
265469493
364176442
2802383422
3889277555
1276932886
3860031147
537445719
1478913893
2860137862
3688469940
1394813615
1924841796
2560390640
304018746
2681135928
3152161822
4198508899
1242222165
585712814
4028513263
1550169962
601916222
1593448112
4293390373
1070203722
547713150
1180295245
3435118899
4143713904
3573353012
821586389
1843632167
1525269940
1922156079
14298352
227279274
2725376567
73361
2875907965
2206461571
1834468170
303327286
64860371
3986227130
735400804
19298946
1230729235
1365037456
1487683891
2521523273
3966679648
2224439191
3174035144
939651598
2613866537
1755907568
2966942178
3317252180
1400648286
2704231572
3661377334
1158894970
3387186920
3655091747
712504711
4099996748
1990206144
3093649383
3167979121
2390678110
3630592352
2202542906
2786006570
2039572035
2904106991
4013626628
3626257621
1869584909
1098548081
4209837586
3040125333
2464393287
3676147233
1251441057
2557561083
808533498
678561780
2503371391