813771446
1800807202
2274958621
869639249
3417557011
1050261615
2189835903
2824961897
1900990353
2049744229
114273895
913848748
408201611
2590056943
2299375513
390468982
2571790257
1053434083
191907642
442162004
2730886089
3936832783
2898889565
1267471133
3479129549
3455008111
666874815
2335578648
2289353233
3285686875
3318592200
1550631786
2781533307
3003849069
3869595119
1749287982
824456324
2723422123
4235945151
4037636715
4050295398
404391650
1773702202
2866513202
1961870621
1960063549
3103765262
2787705033
2603184155
3969789614
2130586993
1943789896
1181957318
1331837956
736749627
1639472517
705211896
706114671
999990122
904851247
2667765232
3749492146
3602870649
258549964
2931698750
3560057489
1301598768
3159748914
616783850
2221727759
89787362
1103382321
126935855
1998429323
1788853521
902991325
794924144
877220251
1587461805
3675639700
1520318928
1658222303
2815595793
1050980530
2452647095
1678045921
522035455
3807185991
471814991
525751324
2269935748
288469741
2230482593
3289348150
3737012039
2914833864
1875773768
2877066438
1359655718
4025207555
1877160490
3458779054
1092579073
366895758
3696079337
2453699111
657458391
243282388
3331465422
3497818569
78248723
1111820809
1872348965
215546486
371299982
573695240
