1853472699
4176813148
10913607
989594952
1690263719
3942835863
39639811
1321942213
1732837826
2036479066
1056369749
2250258401
2214114523
2884481170
4080421583
1646718518
608875149
1908916812
3942977595
1608762383
557283636
70559194
3071647178
2475577238
2800732366
1235821083
3135655716
2119985479
2828467757
3165847041
2356783752
945518587
1295092559
194949193
1948425601
4253844994
506400604
4193864787
746582107
942068886
3193159344
1933604954
3076099961
2114004550
3353101040
2075300779
497988420
3425374246
955688484
1679980695
3346973439
1103542913
3747718612
988223259
1304955833
3390019521
1112019393
4198210639
3555712054
2458025033
3909619793
969308792
720175794
1962111947
2937751010
452170366
389916815
1887535987
909987550
255940463
2118793264
3510635307
4005402020
3902181746
2777726187
3041008151
1266536799
4208290282
1459468956
3569562051
4065630124
2854293797
408707705
2198191995
