473988471
3932421782
3996272707
921722007
1398592188
2613204140
1772650675
394760225
3427686894
2312472222
1755855370
4034699930
2325582044
4246339589
3695257115
2172952221
2926330105
2057779741
745847423
1508000276
1557352619
3463654439
2367528204
1573558696
1149763213
2137210672
3153461263
2922392674
2346345564
29380523
4113495223
1768497539
3299705450
2454796532
2289300589
1405985353
2610265897
3345431535
1850841228
2056474842
2260846725
661374930
3889839863
430522236
1231358448
1530693884
1984117068
1401335083
