757690666
925375181
1461676562
2867317946
1099739843
1160386354
1963699938
3480200876
702847801
3139071793
3601479356
3451866212
339448649
4055697881
3991427315
3279406871
1579943766
3823404518
3066693187
3926151008
1157933990
3785957846
1522942074
3883339736
3181565982
3659636645
3878102411
1260848418
238389075
2187126722
861658680
2101738155
1139308164
3893410708
2705057101
3882959847
1555517477
4281948176
196628598
2354428091
1583595260
3013689184
1601755313
4290084893
3309892601
2497523032
3924667195
3064494859
1365335185
770219620
2155997948
3233860998
2740517919
4237279557
1876725285
1601958064
1441539756
2432887609
1234608365
1463629745
310972968
2164646823
1635836728
160415292
3108327793
3505884352
3977128606
2764331835
1559871925
289179674
1264906687
394481974
847060987
1181589783
3332034036
3665588792
3577264677
2225205793
1093612736
1531984716
2378558402
3196775116
2647882784
2494948359
2228782109
2204804359
1462628026
2223323105
2117182078
927162050
2284062235
3456624460
93562258
3088642242
329082586
3270401778
301251705
4093834669
3491201110
2858343021
2179709857
341561960
243429510
1433090189
2915873430
4160151725
1765654717
2953906490
3507054602
1990862329
3386337173
822229031
1974258259
3302758979
2861225653
163695015
2434300931
3201487047
1552305433
2585850013
3739705855
3397510229
2528727360
1363076401
3859335661
4089783329
3615986890
3182581575
654199845
949167464
3264840461
46814138
3907772945
4199693793
3667590092
791298676
2645374610