3165494010
1869338402
3096092236
4057684628
2826433428
1473072356
2622591426
3878669829
3503076752
2231260335
1866975249
3603303559
3477523564
1727128865
905688487
3540526368
243596156
2530451382
4043174534
3023220883
133057275
1299493423
2700166339
3892778519
524798887
2102768525
3860062426
2936182785
645893276
2587527781
2210554990
3345367708
2784940521
922047039
534759250
822051004
1239129067
3110466035
718258567
174195367
67837956
1345765893
1949858253
1921783459
2214360880
2818042729
763494620
3762454988
3327998676
878445271
2402450840
3556033836
3737281106
1723682248
3871364891
2654321710
3551974292
2673218392
1138747846
2631604329
3715256715
993270125
1873524435
1622426139
2775777410
985933200
3697417701
3146054116
172574394
2833006028
1601518789
1006969828
4018451197
2985765231
1317226627
1739995336
235254838
2223851589
954502314
2089421442
463413845
