2940224283
3845222002
801676920
4291451857
3970600336
315512260
3505560416
2205235227
1098616819
4157025455
1976677232
3840216257
3860854591
1363324859
1580244219
917305534
1467519719
1063402412
3331490922
1026104000
1239368297
2958888754
505976857
487733018
4159865022
3012863277
844817236
4217995223
2427559537
2743238378
729003010
1310152603
726597145
3132533714
2427843755
2516463725
3916055108
991415859
3616834213
81036319
3169732196
4213518524
821750192
1761185328
2310111013
2955130246
20871946
566254695
86770311
30414740
2400846963
140167376
2443347277
2320885489
2581338812
1516971160
2463402231
721128332
3823789863
2874497223
3108434913
3431451446
3004696889
1289589530
131708063
3653087141
2020636707
2181174934
1256282811
2808604543
4195361305
3744481561
950736435
2242442633
1808642745
3432738430
4027966414
641739088
1553285463
3360001387
2558737764
505725253
872994475
