3956518010
2515302640
4108130802
900251488
3701924561
4268186065
2344329597
4185511544
2379562417
3360304021
3558522230
3424726395
4231794320
1763129741
2854040343
3664242694
3148017971
3305199327
2683072534
4270802980
2680447872
4139329693
2474924892
461641278
1448744350
1139757151
559175817
1359242321
3836852115
2174488522
3705113759
649269073
2795736967
689586366
2966769595
3813987744
3932591668
3014332253
2487930281
4008298822
2329607241
707124885
3412944431
350420839
1985498896
863810804
1313901053
1596797913
3857616662
3985541606
1308054563
2006693502
2638444862
2614897241
1074490579
3189055669
3611063952
1299520812
443634201
4279655887
1167247128
987623469
2678503533
2224692012
313928930
