975942608
2244912685
63943320
3392710397
3313464876
3251685310
1182681987
728508130
534730360
1921453089
3997468884
3622969512
449909756
407111269
3004141003
1639878241
3734210309
385615096
3074836146
2594197389
1426553956
4151269727
1776319913
4041798408
804996963
524508390
874266852
1145936291
2339807231
2341465354
1260311905
1750386829
2621666037
1335989289
2591669161
3058818633
3196899463
762364917
3629434214
886742442
3399208740
54161559
4187610932
1209838996
931527265
492065293
4032090672
423660506
1086348949
512798685
4170462383
1121850879
3625798229
396988482
809249376
3471885846
1528767237
1369090288
3157795150
2584934094
925571994
2589431674
1908467392
1614089437
2359942187
3331878986
4014562215
3590656525
1279160131
3957413039
881388346
1329190800
52648395
1337427565
3516397399
3770247851
2860829851
2931341772
2998309215
2560378214
1080004170
3276145637
1547862606
3079769410
2322518460
1028834532
1628006543
1447179292
41086010
1481267368
1260869620
2235839036
3625746356
768349879
4289042031
2984610281
1488872262
2686791643
3985247757
2799927257
46819539
1051371461
2350277169
3201258164
60256539
3057124911
989760769
3422456780
3245629124
1856740950
3270853798
401430758
2582019788
2111866694
2951087181
3202870835
4214845837
2787519094
33953237
2095751383
3412136568
1761826775
351499035
1288164764
3500407771
631768742
3339611156
2796487831
3190013249
3005490533
744787827
24083876
2533042549
4079154565
1166980523
2909746141
2982469229
1009411790
3908714318
1184533838
1347763994
377154264
2827995148
3503061356
313334936
3100534669
3179396392
1356278595
3370438902
3496854040
211261234
3251299640
2746006446
3144276086
3275537363
3438503666
525771865
3244010325
809888580
3160471066
4248116259
4115097325
3557914304
893992848
2778641828
2799238804
336372333
4196290862
3752127242
1568123983
2042954719
862829322
1462960054
503327971
1249392904
1037431118
230134352
2109176508
3423110568
1125976074
3032760810
3463089038
13994294
2688743673
814168241
2319962787
920032885
2441369937
2726136238
812369770
506293219
4114466933