1163303424
1148100293
524823935
4178975738
1196833602
1411221447
1310102607
257817315
992641720
3122752088
2451521799
914065372
1480329013
2495991966
381002889
1099320380
816846563
1685040060
2055439923
2374453927
108056383
3733410251
4199155858
191886958
960489605
4261483414
1607256115
147893802
178820684
4012874062
936938887
21183812
609785622
3046177399
3224350885
2820643334
753956756
2268201793
3638494716
2288736394
4179565969
3734705104
3772384370
87436867
4067161804
4177583278
498791675
4040922421
2793262242
1290890968
412997722
3438081529
1572484213
1480609869
1641350502
3671325784
2764439762
2808026528
582644642
1028779624
3069197396
2815607210
3227352529
130283706
2465006777
1679438026
667847442
1625873010
2387022031
2154399803
2254503923
1598608337
1944771345
1234356574
3146865036
671563130
3249232326
785175076
790954269
2596772707
3525696108
1449266205
959570741
2475963551
717091217
878176952
1107989458
1459333232
3434645727
2971597214
120904431
1213022366
2349868015
3014797614
3495460616
4220863505
4264397815
3962956941
877928479
4252889012
1287696096
988535176
1743970516
4087888710
974003673
3482751906
2111414921
1569533018
3552411009
2753410083
1239292036
4242985302
2555799474
2525675424
1385716445
2908723810
922101705
2103190759
1711373200
3456254680
2607343906
3121563
3373034108
294764958
1104107296
2481740612
1945190535
1966957337
3602742955
473202863
1545417237
4139734037
3411718100
1351214929
337966335
3322779188
3435495307
2830878667
4109071576
3592755878
3330231846
1242612682
4050739507
2795690826
3864752405
3788789211
3594801865
2708185594
3520861990
183216428
63443512
4170279246
2514597417
775996006
3252712637
882168489
1903888910
2305728195
1064549940
4062752418
1047217740
2727609647
2333032045
3836321621
3266490411
147476632
4219490279
8469562
3927889497
3263239464
4268932406
1511803987
147106218
2798810798
488304737
627159103
1928045157
2665943242
4130202981
534078352
289719648
594903599
1380723023
2705806776
3150060621
5129574
3277911262
2228944774
3943170497
1792306021
1304716655
702858947
1752872749
584262623
926455171
882194333
2168253542
1310199708
964758154
1769668929
3326141530
4267827938
1330557658
1243265617
335205352
4380510
1584210081
2400659265
2711763157
206183567
1119703675
3575011055
649973186
1021459386
1736407014
3313454474
1104727246
3076373637
1561977031
953763982
1097820465
2002241745
2499626499
2087908350
3546801980
1509628783
3228845452
3039613036
2783250366
1142641588
1895945003
1751520975
2769455759
1733039467
417762563
217836940
3667885693
1550989871
1657492845
1217230454
841597363
2244294411
1232968052
2022683839
4260745404
982279947
182762730
2149543966
4054638184
4167980925
2134672646
2353907964
1312318134
3658945820
3149672477
4037357021
2274210176
2946225035
621454237
477927695
4093504592
3872961375
1651903878
3534013836
518290425
2064741311
41789088
370012419
3137647146
920138823
3959050760
2520317707
3471728622
3637724765
3432362071
2800248085
683760360
737572140
356906993
1827070961
3253954774
3410031579
2723089955
3077702230
4001064924
3222908778
3063000755
597951919
391988178
476575980
1779316579
1638740516
4152775161
2310243123
841421995
3554400742
2021098595
751516254
2658897506
4061392216
2174096663
2174835895
670681138
1967850329
1629030308
2195838611
2434665457
4077073782
3796215126
1047115029
221771964
1983334897
1329078190
3163858548
4012448899
2590902913
4157227503
512443137
3947446900
1930159698
2093877948
378990159
3850339640
429816394
1590836320
1364046963
2342077313
2088233142
4227987072
3833455630
1148359308
2000368574
1441248785
2963715653
3106421479
2250290020
2790729543
3434620746
222758562
3025038970
337871381
3571310644
820270843
1763170825
518462223
283688843
793355184
1725738073
2902330399
503116845
1801760225
663619535
1585329352
337348439
1549690206
3527109940
2637809621
1416895138
1047177978
650070330
2408687210
3136489740
3261312508
3674713409
2080411452
1409209446
385737775
3453763509
3589172171
620184410
1505090744
3571883791
3938146693
1559629458
1580891619
611380510
2624557293
3226165556
1781088147
2934155900
1178008257
3785738359
1147548719
3170677074
2177971574
4112732612
1531843790
1265411634
420613731
3534388767
2945980642
3230501817
3488926817
2992557286
1183620396
3777574533
3924116917
1480920121
1507231291
388014986
139556810
2895348523
1171814987
422703746
48802813
274240922
102429168
4036669860
139459364
3792485598
1212763327
661834711
2547171674
242991189
953151339
2821035165
3626093370
673251478
782866893
1337585185
23829820
154935868
1722952949
2414746596
2881619252
4272205179
1313648822
2228375416
2147272891
3690510397
2368125790
3847752920
3790538056
4287155796
3622341116
4226143569
71463770
2162995774
1539944116
870823925
4125696900
3878579400
84075799
3705790238
1652499217
3039087428
475958149
1816465366
573982923
1661017707
1260454897
1220702895
574086129
3504526402
1931757695
3817033757
637137886
3821355609
3446929005
94375570
315627858
943171580
2046987975
2994324172
783841927
8477283
3319703590
3173375640
405351353
1640075705
755801341
2184721167
630547280
1421462103
3417314325
2232408595
378926151
1955077706
790116633
1901793833
1365089553
4075844698
2805225010
2932998422
3545171678
1889461253
1062029175
1270798619
106686165
2593884263
588408693
4026761053
1446819233
2465817429
2163931972
3967921105
231151920
3494714007
956259001
4139164347
2815541599
2698723631
1989120619
2139004935
127944030
3633880753
1112308117
3391597215
221505893
4269265580
3826654347
2364880435
137995693
360081939
505920729
997277084
212894920
559095650
3532542805
2312479140
1562625309
2671589768
1769439647
3468280860
2594476625
1903321699
1122852755
4153322468
3651737808
4225657962
2749741407
1012642070
2767071477
2072158473
1701411538
2476231405
3129994611
4024044286
2544903262
777293513
983080356
3699800356
1134788747
1292766968
4178108753
508014150
3553901311
615400170
3197632295
3001462114
872434983
463958535
666670484
1046661007
1939721334
1043624290
3364024515
3907284243
3166002287