1590708200
619977806
3517977245
4166338272
4154812887
2297723696
1819274289
686555544
1892106880
1832781114
196006325
1854659414
3686362982
2318673636
3381923399
2600665821
2352700048
4089695227
2350112073
432608398
241512585
2708728640
2599431737
334639552
2601930971
1056496455
1799478597
203978543
2320649914
2508373064
2897725108
804123281
2403556098
3811268460
3050580592
2010510776
1716004688
985363770
2035785131
3611586201
2036130149
1407177038
1850308715
2236033898
2124548066
569078365
601698486
3854449353
3465864078
1554179401
2500033002
1801346933
219945324
