1458928354
3286334669
662125433
3888766983
1882309439
325180923
3276580359
2583430966
1412222174
3589815378
4105497090
2790288754
674581764
3134028259
588626890
3174999736
423567381
2970257925
2253003684
714153446
492677024
213183740
195351255
2805470609
1955603788
3076725748
3390290149
39389160
3134794922
1408607009
1077689654
1442483870
3363306500
3838931087
1309914566
3858230564
3530888949
1284721991
3111635458
2748328663
2251500485
3832844246
2877406588
1930050548
3901043045
3700704368
753196845
1341893689
4110695174
995377876
1493533473
3889028309
2599981813
676731245
2283344562
2457271863
784431923
2004655686
2226951225
222996134
4133098039
3140439624
3611188423
1452432456
42718751
3397824362
1238307739
679661876
907618808
3795927551
2535517272
516193224
3984931535
2214160008
2692734640
1938026118
1443725483
1831601808
1910452354
2826701205
1522430529
2062117491
3720060476
3056144321
4048090932
525305097
2565457187
2686850487
2449101131
28933290
1840295328
51059438
2847937302
390182186
3778237999
1423821391
1462846931
1206871082
2476297742
3881555618
3053645525
4159805190
1516961154
2057817516
4129045
1400428380
1561228445
4248342785
2311096458
2384356708
4006535399
520342141
3067533813
3368970461
1039008509
4156746431
1756997188
1982285730
2504613709
43950904
4199022254
384056791
1242571944
3795451197
4087857048
671490885
348649242
2768572752
2862568689
3187583017
1982380127
468763971
561580188
3555287655
376140220
3981553943
2923253347
800068577
2995640820
3097169510
1688101621
2691147002
2694693168
3558649337
1738738823
4247969405
841111715
3302783572
760826104
157933635
3977385067
3782070930
3839603219
277698488
1595555195
2404806572
3452477733
480147756
1289807667
2849140237
1721926429
3787066086
1532438532
1042619608
739563443
1968094497
3534413225
3797174906
3410119338
1008055375
1138449890
1162139326
3729364532
270683413
2908431900
2217189291
929010871
1872210183
3096639011
503239488
188700593
3223500560
2905510317
2425868674
3646137632
3115959913
1252991129
3170621209
2612697776
70574720
1419167005
3864197507
2509230809
3402265126
1039996007
2184856721
1010074050
521008004
892172277
3128800322
1057141160
639088653
30858762
743473622
4051702883
419909158
2555173036
2371534948
897427274
1158858598
670028558
659003721
2028836875
3889612174
3483298355
254793244
3595909199
2720229051
4153704364
1650515833
2931987381
3111610519
2708601241
1343728154
1045072148
2260095803
3192064897
2808801902
594273560
3796303524
560994996
2954563018
12789861
3955612866
3562294168
3546353857
3622903110
3153126309
1903019248
1191296680
3476992676
1936711378
3958874861
1481096384
1885580216
3395466234
1454528004