3753768008
4115145791
3458442422
3161494120
2508149649
3621609020
3958065804
3188827640
729866330
3052255414
62529858
3149963885
2005737786
2018684365
685364283
941387726
2207021077
3391014724
353637214
4150097322
2990074625
2398179194
3324934003
68678431
2397085835
2478965853
488181553
3538841315
2048289973
296635285
2906369050
1263452116
202519501
948488533
237390734
3519973147
2994906010
4101177083
227857740
3786747555
2435784622
3900923291
2374184632
2993872253
1590095670
735129025
2351353302
895757680
709996118
3203934872
1961315402
3187729376
93091115
68153780
2909707592
3220071304
444927784
3519812891
3351469289
857362408
