2026960225
479233791
3648734900
2077005633
2192824479
1365546409
3693942995
2689665077
527982874
2292247906
923101280
2520695446
3261073407
1992204720
3248462421
2671024092
2112834578
945829569
997978885
3720170487
3615623421
3323275254
2877159590
2321031414
1287277442
1008648819
295888791
476809061
603905299
3551617700
1577373338
2226450195
1934574473
3236864275
1262782234
468136399
3746604074
2297984991
2253146772
53592205
1790541328
3812145362
315688452
544232444
3596799543
127596567
449337711
778426059
2767822803
110026516
1913016062
1956785023
509291499
384196443
2221838335
1324255647
2968041089
1095815206
2756039989
753520821
1156821787
3543671040
3944623383
783146717
1434285550
3454019302
1425630935
1077290716
2205737396
1399506546
2632030207
3569286538
1357975686
4182540371
339694467
122209145
1350330610
171717097
4259765967
1008101289
4013507753
488190733
992505971
2846297757
895945455
4108684437
197856308
2364764957
1857540307
3588639576
3073056762
3216856593
1304649014
4043531998
2024097244
334913294
2708403107
4153437984
3654005247
2988310669
1206867936
709777919
2117367415
3171426491
4185939622
2336361608
795050860
1749900922
3955563922
751508744
4133330691
3233969012
1036604859
645846917
3799651528
489614048
2887980295
3268317238
1435139521
2605774316
4042011334
4178327303
351960174
278742454
1025052642
1122220112
1673529760
4127024304
3005754893
2039062484
821679717
1521351915
3684948789
3242545200
2279360103
2213372542
2811765325
2870967925
1443182760
1871983168
1162407157
604766706
2849288764
1052693460
683481815
3115443053
331844602
2314651118
2164102968
2710419206
2860986585
34291775