3751260884
2700228450
3930002799
2715733665
2405432561
3470369408
2421172491
362188147
2366003930
4217907027
2000411789
412304588
2633871200
3116565613
690559708
1207697113
1625572761
882475984
4032010446
278471463
20827380
2526440541
2517306007
1582726496
3583670209
53739518
1321301979
4055471774
804794267
3079955333
1496361875
900894840
1093007125
611813736
2782584825
4230886395
2978387678
914215878
3918610498
702350507
1002924373
1554001801
1996780272
3409364310
3589408223
3606619626
2728531289
563735182
1516610274
513512455
1821891498
467896260
2911028145
3835038943
2293619260
1366226357
1314056006
3887990932
530558277
1761479599
1199044854
4155532955
160980204
3927668257
1844521099
869996245
3910264120
1208216421
2895805488
786848102
1432517062
1717742515
667078043
824096710
2307474932
11179984
1638470080
3258056088
2173902560
4024204778
3954643050
3984536436
2104140155
2492487889
190444287
1608827753
903973043
767421826
1890080741
615197486
2529233294
1504769510
1092863823
535054287
3048284693
25895925
1073591465
1195497181
2397794454
2027072905
1074989297
78124905
3294750960
3887078400
1746845028
1935482720
1959188089
1112735680
3866075131
951706046
618484335
2817846925
3810714175
794991567
2196758694
2671191174
3602261775
514159041
725676087
792669206
214594125
3436714830
