2699080379
3004678172
3943490692
897977135
1624090251
1576174970
1945402280
3475833471
1929957507
3985906012
3279691735
4157048652
1351185666
344353937
3848874587
146070983
2324253423
870439247
4268535734
1641131199
4229645215
1248987261
371915394
2100398408
3751874303
3014472208
405216331
4253416427
1636745644
1551169175
2678037431
1009487141
2994627580
301771684
34508876
3850042963
4294696812
1029597273
3899195274
3273684019
3909391752
3568887936
2647672573
3600304436
2042477747
2107580732
2944825763
1193642783
2247459795
2494495711
3944757857
1783281576
2209413927
626390812
2204516349
1156800636
3171914116
1264970128
1411848921
630915362
3916471462
1806480504
981429150
2091520493
556860841
4000099374
4001546449
4237537788
2396338412
927112752
2824145295
4191887138
3984555140
3707401213
558356735
527209139
3021947546
629081356
2760868600
4225546764
2075892388
814287415
3345493535
211131396
3334379131
4230864768
888613705
1501413890
211542212
3889068075
3035373162
509109526
943551572
578243704
3118590223
3905621414
3827238350
1595573063
3068690764
3481618742
1964502630
645339234
2635119123
1854235440
2011877173
3118155837
3177895707
2300191672
4052871473
1892260665
864747257
1991614602
446992558
222733836
1680747338
3875160623
2833364287
1169325189
648747155
3556592166
4250861817
1816135530
1234242475
269426357
1153573290
3936762436
1675557875
4107274275
1214168302
1548202714
4060326432
55174208
839302785
489413052
2197643896
2427993447
526620210
2229934540
1147066192
1942603919
763012186
880805291
2626298245
727979559
3043130701
2355958791
1185640425
1619651707
1706623195
2924546114
3449988430
3951707134
2251604592
506704073
4141684731
3734370139
640610435
4090806021
4210468516
3696088039
3930235552
3817990459
2988770771
3046900214
2661624008
1801298104
2955981946
2068376556
1339779445
1442350845
2363164231
3297361350
3227441660
459082420
140549239
1080050257
1278673910
1471029381
3519044473
204935934
3446226899
143926854
2696504318
1212310799
1477923247
957600959
2950469346
3027381003
3230305818
467421752
2868095521
1427967610
222793247