756800437
176977394
3958785626
92222424
4224529656
3152682941
1716460043
858064364
3465497271
851797595
474035457
4258410413
708899337
1253846857
38106037
253955571
291669142
1249089750
4191262289
3874566264
2644818904
2749250774
2851645538
1612206799
3153005171
1655490472
1991717946
1242161896
3970978441
674499923
2673618559
2011716020
480396326
336614675
690772774
663577261
3627318937
273587361
3970483687
266328668
1052417547
768908853
2559478876
1984858064
2480797710
1023082502
3376047099
2019380267
1199488435
4049618351
744396399
1770725170
825310850
855700778
3088675236
3966743565
3973414712
648437308
718062714
3911202897
4095620017
2151405712
733224946
2304617398
833508425
1747477470
1450783314
1071840704
510551417
3813689621
4294390091
4231220620
3462301968
2247919204
699494796
42355947
2787748494
3605131957
3371901668
2715055709
2815897397
71059909
3046160378
1010086073
2966462298
1180289760
2660857756
1766473466
3270196121
2888632688
3712063575
1898004702
3427947656
2432633668
4163711869
2645513299
2799762647
