853037078
1151802506
484868549
2113317381
1140005585
25440328
1745150630
1935514132
3026452943
1496612969
1461990911
2638190820
4267057875
3642777689
817872842
3884266529
2082824467
238358125
287942279
1867156328
3445852058
3068436825
3214896493
41942396
2383294821
2161928207
4036897608
3877815917
1517481343
2901344369
1092989386
4235898725
4097116759
3505439843
1312178283
2949217241
3017775722
3532210173
2231704799
3719926449
485369175
3761363859
3253700499
231738464
4051090742
4260496214
1800019188
1170252043
817623792
1602468844
3215012959
788228229
1593897964
3049568082
1076143946
4148869121
3160890711
63302857
2377527322
3663417064
3934616980
1270885520
2021703268
373961978
1381497165
2553294706
1765181693
3428221567
2782131352
1612151502
4129835806
2814415942
4111780863
3101108160
949915623
2701327008
3036160013
2444062064
1628714489
931128948
434837494
1838349496
2337558301
3450368961
4075959619
1843312982
2995336645
1110735041
1739479027
1529249364
1941062513
1196908951
671232289
1087942721
3561790465
3430894146
2599514302
2530777847
2185421838
674174798
2572500776
3228589767
3840066058
4286145064
3868911907
1092056292
1070058587
4005437059
775838735
1799512619