652528643
2022312932
584135018
595109923
3492114515
1490019842
3166369112
2824409334
1092391904
176855936
2903532696
768820526
3335556597
2950157252
2894995412
2906663044
4200684794
1214240968
1643079332
641414466
3438358111
4140292038
17702224
1635500139
1146825211
3990790068
3610027312
684270472
1498996090
727716621
3132179261
873412883
1657969991
459376111
3896600399
1842380495
3311429073
364838148
66133637
698468736
2420361028
1549102955
464467904
1625104959
1812267709
1488786118
1393198645
4101848775
132967544
3892824867
1756594000
2066553018
826170972
1376621972
1911177688
3895390082
3725894038
4116123733
426111349
2449700516
1910198579
1852999076
758141343
1285028583
744848828
4087824278
1330707307
3624348457
560678498
1047635370
1129009075
3290012018
2298363523
2044095076
2619963702
2450494480
4282829053
926913464
2109767216
2991395387
3384258888
3231156943
1395730735
3866087038
1847239310
955733045
2097290584
3180314731
3451061771
4219375389
323782685
1821055129
1307426636
4254169665
2866488258
674415919
2184531331
3690026669
3733825985
3747034241
571358008
1745040915
409207388
3102490250
1947946273