1040381425
3295404678
1038550988
200014835
139012396
1311128528
1445118080
3784704946
1376087401
4135096900
615099735
4006680465
4041027448
2825575344
721921
1276536828
483369191
3474206625
3081243574
876573465
1337320387
2457430864
3407541078
1543958943
2910921274
1732820644
567920097
1580321769
1059005555
3738114021
1394233585
1819972979
1304169949
3865941527
2637025790
696368260
3464797937
348385252
3043861290
3471234580
1151101336
2064646896
353033501
2863895537
749063699
1946070429
1727197891
2163154899
3088005903
2838054563
2943970972
3186718931
2176949098
1760207309
2955109493
3287188514
3607361750
3229893874
3306273242
3493738763
1720473631
717886934
2815706238
4100231041
2004662030
2774300211
214433458
1911947739
2323213819
1141818023
3224017325
2363650651
2386632972
4218727562
722386003
2069336785
1260417354
2498242672
3244611041
4153679912
569697835
3872238215
869893787
3207801892
2383450979
1380306122
3027883086
2256038310
2605459354
121010061
2356942115
2788893612
153088035
2127394237
