2461909607
2407794405
1902939467
1900948291
3280228441
859028640
1116830848
3991522102
2497617588
2735943139
2216178458
3728561805
2291329063
1561797818
2035855221
3864715605
3583235726
300525409
1757286265
1404814208
3629649318
528659507
3676915216
4018264138
3419117299
453256796
2746415444
1385336405
1322517819
2196519853
2868729377
1436663418
561340074
837420751
1187369126
2263212216
2199484150
34689144
31828146
4132061556
1080989705
1956374687
669126517
620295722
2195792691
3270548903
3372173529
3143446160
2019917233
4148361365
3563512000
692301423
955450395
2541162646
3648854753
4276002710
2164112277
3223173664
1979936496
2728606126
1761414748
1661129711
2678088470
4132052562
160880108
3975062860
3163709682
3669544922
