1178498355
4156539688
257367235
837967690
1357297120
984105983
1360841605
4209216320
1916611001
3741061369
921097111
1967220891
2563199389
2982853161
2025916152
732260716
330178493
2190980053
3085364239
3565906745
59095438
3965150206
1544760145
2459077313
870804813
534041194
1518107434
2795128639
2821485551
2019678328
284486066
2788903176
1465633518
2199891905
1858908605
1127500571
49705404
791434865
2486542224
1726466813
3879483664
990355517
786001824
2047083072
1881461114
1773660153
1664037344
4214908591
2789269046
1607558171
1459248846
2014439381
697326393
799154711
353627164
385945926
3557452332
1097819899
2512299841
1129175262
3037534214
1456216620
3667684203
4084117653
643424341
1898136457
2811517471
4250781969
3027776543
1882924596
591745992
911228278
2686717403
2931509292
291586503
2057573315
1285890068
3425347558
2375339520
4112235357
3755204905
4064988497
1709948073
2084523068
