1953371644
4087244895
3398363597
1278233178
1379240485
1799777527
3497957682
238542643
1901395725
1122964927
3376419731
257169522
3194406594
181427134
4104202039
2985467260
2327218839
1480894846
199723978
3532727478
3228457676
2074681733
2487274777
3791531414
3906237017
4280885589
1372430049
1853371870
1208998226
2317262736
959224733
71145635
3295193712
37325054
3978241070
2552646985
3561972867
1356876498
2245660708
115305699
1388393101
3201145669
852341519
438010201
4052730279
1736055019
1234873104
1851860063
1598161612
611218230
3508039332
3877694771
3082486374
251645346
2275665817
22478553
2423274698
3208911759
847828369
214473736
1838877227
2614161479
535565365
3055785308
3805130834
3715730575
4125155065
3219869535
2735259111
3481984551
1388339081
3014617773
3469446158
4005221833
2839540772
1948050547
3337739175
2528670281
2571911687
1144367052
59928041
3723742521
3006045466
1385755281
2378181397
2028400360
3147788112
3688153364
2861268046
2858009783
3144604800
880704829
4024983247
2324678714
1314717114
1542567600
2706968209
1469349918
2660139203
4225887884
3276879749
2991465689
4201924160
828616632
2080420665
2814954015
4163671525
3241218914
690644156
2695458634
765696812
1503682395
3508939860
3716472941
1398720085
2310567942
