3208146215
3539695028
3071770614
599185740
2037857582
1435615798
3640216566
3880413837
3957052018
3584299441
3589257512
1431818987
2602254658
3919784294
2040941734
3394896793
1229282575
467997101
3919648810
354900871
97515918
1547046546
4003176772
1139865390
3321037056
1147535692
3448042123
2590723538
1694722153
359738099
2295271444
3612304091
2236229964
1368612732
3943409532
417043642
3337946009
3930546042
3736582660
2301224854
2117769122
1586688043
204971511
424402159
246024698
2721813597
116499376
3595986554
672701537
1607176057
1409690165
1978329773
1283106532
3854267210
217808855
12112158
675209314
2155428573
3938635771
2994300749
3100044501
2208538392
2919444881
223866654
3651007452
2900803649
1539984331
549718748
4207060271
1886432983
3105743508
1586901852
1182518686
248639100
3592868724
2647466732
1588175620
3101163380
4223762251
2823593311
1519767243
969582277
1906858895
2904116170
3031333307
4292205590
1417592273
2876974866
3935984895
2585003877
1521846222
2190084374
2005262212
2342327797
4081096404
3537986666
2854877383
957616480
1977935688
2858447067
3460818134
3961627175
1391225102
2540522882
3659057025
285701782
1912881615
957508707
253083954
521887519
1129572547
1882151961
77795114
1326928934
3740373172
3743795976
1111122320
2410374690
3109452491
3174434677
3315319631
1037141516
1920071099
930898963
2945171034
2633221535
1882773818
2830851316
3894270356
1215478439
1591090162
3057078502
1811259463
623492942
2110449458
1532607620
910021430
1577198176
1177600199
2117936392
2006926844
3041990955
3594581892
2474947200
2010603760
2752615189
2635478161
1539650751
3438310169
2872178034