3156788649
550990070
2927807273
63478285
2586631923
1320318454
3651342669
4062067249
1837882402
2839481462
2238696267
684685781
399603984
2680464255
1813428738
127104439
2254793159
2398723714
879677586
1966316860
1933857057
1507273497
2318622972
2670976504
4102652843
1920562723
4159828582
2617770144
2027073006
2613322770
3844501657
1710663168
1634996332
487966617
2747155928
3599961185
1728807432
2263680762
118103023
2259295459
3073344348
3480126621
2364690579
3160087889
2925894530
1574652701
2445106903
2942924422
2659788737
54683917
2611654803
4006348284
1429260898
2780119594
4107828610
3067619705
631399477
1938594952
891639067
3445796794
1102551938
2085107169
2901932867
365333045
4172820232
1282194495
140784635
3874848164
3988480544
1138879808
3481671397
3283913639
1458346713
2760233825
1610617260
2911984275
929493578
4188109900
444356317
182310876
3593327584
258514457
490352808
3779708136
2972932644
4187126825
3706813487
1669229287
2438224131
588749154
3814690340
2258924911
364028263
2216258621
478599858
642313621
360360709
2694302986
3200505716
3764500880
1513127496
3837779775
2976035485
2617748758
1241752293
970878122
1934460887
3162293603
3949521767
1177730879
2148928603
394242386
1461654943
3690556019
1111375019
3379644594
1709515961
2003268958
1957884576
3541901560
3643433324
488822594
517906189
1495697018
2738293559
3578559422
1257056238
2879610951
3302780942
2530050048
2002065239
3526361974
2481263761
2011822247
355703001
1572923193
3540627155
4271845917
4264757403
1911570685
769498795
1651092550
2837118073
1850151104
2533694884
3863843367
761078827
2833719873
2584575608
3266523856
316849480
3799394653
423619566
617755538
1352679334
2312122018
793552077
1838024998
4241208540
834060059