912528958
3410825425
428732490
2265062964
1666222720
3382624333
2585522667
563117785
1602986330
3189501359
4130653954
3515871603
3394790978
3526111744
3625392400
1413835064
1182388408
3261658457
2661282324
1543109782
2546950215
3043524787
1832730994
3550296906
186715912
581532962
3131784241
4136815146
3190285154
1746996246
2757452096
880573745
1265822719
1162036522
752738210
2414606184
3450272985
3233850793
2703353003
1457123969
2192096762
3503890685
2289210763
32089819
1675625461
1868789158
2815195820
1132341013
1777510760
48657874
3450397406
3270799565
3394307010
3930473063
4072400514
879003133
949184059
302848635
1995697478
3248262727
2864851249
2761965836
2774245777
1117095900
2840201902
1887307028
3965947925
3822026950
2269337269
3312397491
586076272
2180093632
3762151012
2810364589
3344928877
