2384198367
1086583925
1717716611
2098631388
581298657
3935848517
2813116675
1871525142
3393726317
1797797535
159639889
3321772676
3523445675
3871663698
2990398319
2501617634
2978135045
3215852766
2096513977
3697461178
2304804791
3531616463
696470809
194123930
93350335
1615074250
2317285343
3376608309
1713912925
3939012486
770143216
541125396
2719465794
4161303842
946973716
3561447998
153131974
4086639444
1285502064
2459590858
1867661532
723302086
4074746317
2769095273
2404820571
3185933704
2746672101
282018322
3392468701
2574168466
1836736678
183882584
804430980
1215602787
2966232724
408266624
3304451610
2312630295
1776065854
3962537843
2427786514
3667657522
2297207568
2295856764
777928108
2106319639
1442812128
3017699104
3824223527
3317711589
3968725671
3589867577
791746615
2756516941
547921087
1339534761
889560412
4195131092
1979731308
1965086912
3335935727
1022437857
2108078748
3283045858
939445500
1870635180
1926322016
2927892189
299907302
3376826790
1190209349
3009758159
2352996819
4052071527
4134735372
1836611025
2396521412
139353852
1322342473
1378290380
1963508046
239216972
3825487209
3203320991
4234174201
590395671
1165489344
1254129465
2746277562
4218357382
3868213703
3570334246
2471038444
2689805257
2271266931
3425851511
3751204883
