2064140380
4171926852
3974702059
1412396741
345737788
3055413854
2056895586
1707590123
1189263582
497406303
120165951
2323815771
3933324509
1874181827
2461089253
3307172237
18857550
508257842
2658645898
1777544491
3596767691
4007125110
3065914942
2998038391
175804303
3605741683
2729489720
2618910958
1118815741
2199164969
3615756999
1724556954
326483942
1208231896
1276780807
1551615760
880634131
1713759173
3894922174
3837315077
2077775988
3527922969
813791625
3009901808
1644864547
2569497353
2994909471
4129646498
60074534
2074956987
1893244469
3203547646
267517041
724633390
1133507131
3745650550
1434639627
2932789482
2896396817
1570832014
2057366392
3126451323
3883153191
3752616472
1999046160
2798128289
1277044527
3674781522
1905019484
13678619
736620650
36477173
2450672690
2372420887
4062328983
3613836282
3972088919
3947224070
611147571
2470603603
3833870382
1216183906
1852549963
3079297257
836116709
2943684880
2686925248
1821798216
701528385
3864137255
2810369452
1300623092
1215694631
131184812
388964654
2067488054
3330207396
1921894279
4061110319
1202426276
2533658690
3094769444
123347590
1168556828
4204050429
225468812
3098547899
3849088633
1718326967
223541427
3445421691
3260132792
1481926020
634501135
1919422073
2623411322
205529971
1595982427
343263710
445696998
4178609261
3531024232
988149541
4045911430
3024153068
3520974519
1375471316
4048881201
4062550932
124732551
2312793069
840636033
3243203875
224093330
210516014
1494196353
3165871975
4012039766
2256893694
212218043
3411383027
3407873079
2076793394
894271573
777061071
206491903
802939177
1331220008
2678033968
1421281095
4215115089
2383249599
705041847
984733382
973403649
678431708
2637404870
1686713063
85914903
2729203963
3894498816
1265822561
1317929112
3496977309
1631425033
3145964617
2708953242
465071980
2553931494
2083857124
3150478676
1655978193
1644809342
1382017036
1624615867
3400049856
1682512769
2488388808
2496564415
2055933854
1667102367
533797585
866701546
3012624128
707818110
3656216693
3420922325
1375062176
3625134218
3327296849
1720270930
3549915790
113278435
2256247108
997990696
2475867129
2916697091
3396479931
4083410546
520108472
773831149
2361925568
2968502054
4101584992
1279263096
3851430985
3978418524
4059070714
3035108387
1437159509
3963175868
874570006
1183981420
4238075140
3564297191
1058413892
1146706440
394957455
3005162896
1006971142
2729527768
2241619457
1031672609
2393823657
880771844
2657376392
24557247
3031414268
1409589417
1971681994
4086271442
704159364
1399599885
621733584
2921973891
4103021699
2450785256
2654930403
3167243068
277185368
2217516060
1591890539
3672028413
1785026797
3030475699
3207944223
670970489
3360978032
802273721
1291054837
1581109057
3403399845
693903776
1968658557
1041709767
891946277
3917787219
3996372157
3328682897
2238998011
358139807
2787913130
794697545
4120973116
3783774039
307009717
3214121071
2874480292
1797775456
1951131607
3425707870
4013599488
1944581753
144118589
2002053358
3896937605
1326156364
2820360987
662034753
2246545181
2374526676
782214704
16184853
2476031976
2490383051
1543072852
3633751874
3819468467