3150543159
4164055607
1727250575
1160108164
1297885064
1305022519
6291636
377841855
3873284650
2490039957
120052737
1760435962
1109615323
3480389923
1403126886
964436668
3795611944
3718751165
3045537604
947148786
3668512880
1434393856
2614589325
2916182921
3174655810
3733670158
2224096061
3342538688
3749627132
459302569
4008565640
3517434919
1987606890
3100569517
429971352
2040276531
4261365273
1485829442
3410140885
413567202
1515631123
9241215
1302142597
3988917625
3778932230
4002137431
1638650113
2976559828
835199869
713774274
2079210600
80384131
1479074610
3919382217
437455081
594336384
2351075695
4084408720
3335413876
405638992
1762470662
2510337058
3281614089
794858653
944413495
3602206947
2290379437
1274858221
303829188
4251391611
421363664
3504691944
2977866064
4260946301
826570083
4250155545
2389348420
1785120927
1231644940
3368735153
2598017035
3201044842
3990521947
1441601692
944060524
191395462
3888603384
456297915
3805282154
195550491
51461843
111938307