1701325894
3072545235
1942049983
2258746429
2273010908
2767857624
417157066
2215217308
1899795681
3727124792
1465904369
1019120672
439828430
3533377358
5464453
2969807565
1728646436
2773993174
179516626
2526555411
3450351373
2025063449
846825972
3475162760
1966241203
2508206321
3706263412
4117449149
384786290
150913705
3290499836
1008323433
2376796212
1900624661
3151526349
984992559
884144603
1059057232
2085444973
4052289456
2738110384
2477800290
196317205
1701456292
189395851
3172374252
1016754199
1174532653
2206482413
934607997
1720830361
813289031
1789025507
790627540
1269846970
2721253629
1028694751
236838129
1665130794
3377048031
487139967
3425939490
2517923643
2810952942
758829313
3824624895
4227925630
1061542063
1947690443
1118539865
2208435043
4074236786
277474963
2801941430
1843107498
3212312961
3607456305
69034368
279054018
2168036236
1878740875
1664484700
2431873294
1077163861
1767358463
974575949
990894288
1831096296
4196524508
386267852
301302182
