2274333459
3928810874
55856725
2054703296
3222523066
885889748
779657015
2958691065
4207764567
2387412839
1856576486
3327619510
3141883850
1245367025
1746263242
786243683
1355254234
703771938
2344840662
2090322155
1020833120
1280672540
1020692563
4238225063
2750069400
1236294068
1175107652
685211032
3195657785
2550498428
4288995148
3564055600
374510610
748923572
1431083608
3880592187
3316786308
1892227549
1770412104
3915711626
1400114951
1926725425
632011772
2078308204
1386995612
1250048010
43490487
4163765851
4077990814
255213155
1660243592
4010594573
3727438697
52461848
3092334950
2564186185
1934216611
2345174057
1030807937
2487657701
163764664
163396696
767923130
4133227301
3478785490
2463651335
1997089876
2539894387
1200828408
3412836056
206504933
2999351607
2711937209
3834944502
4012342459
1758583455
347774077
939652768
913960492
3844208356
3590680353
2335823293
475137857
1745483056
4114966979
717641856
2968361217
3541989537
1933367068
1544650408
4257093180
3708684582
4050128195
3336396835
780342589
1495491346
667488318
3454446086
1174882898
1394399040
205628143
2189027264
2305527585
298501502
218270649
1802144360
1091584961
1244567757
132287554
476154176
1768604682
1876712323
2632165484
4044062581
3429527316
436859028
3029121384
1713101514
2654143717
2959063411
1248140774
98111984
1578758843
1304600486
140998406
697266898
1922896006
2766360255
3643393141
1711482403
3632368756
1585151408
1117374479