1336597681
2714249796
1852591927
1768958066
2312254069
3861921942
177944689
3012178369
2042679015
3911965167
822595526
1356701531
211273985
585181034
3725471872
473456016
1194253978
2658141496
2614157037
2327957193
481647034
3958926837
1712499336
3296743761
1938833161
2225305394
1987575964
2358618992
1306592871
3092262479
1352770131
3013011429
3553642767
2381074229
1245283109
1671975763
1485444051
1577852425
3405404639
3909349234
3192397196
719757561
2249882269
2735339012
1169673140
1300611660
2337782843
2738381131
4169885920
933873185
604373418
3508341271
1407087183
1360174623
3710036832
2832701319
908107788
1051698519
3396774227
1496252772
2392342465
2725198499
3506161463
