3073299163
2962962466
3099706637
1135897529
3304144682
4155940689
1101988574
3771942889
1907979380
2640451985
3411974734
3575284386
735788257
1394935725
2563701824
1754765250
2835803253
410184902
954699056
2987054369
1225547420
1148945096
511270297
1194524073
3448212379
1791477399
369307024
2769619565
396208002
3137466092
3689009391
3116326460
389579548
3821626640
1094778417
3414177140
2163949660
1554609944
2282328418
3203846890
1501294064
3716038812
3850558276
2084035563
108296002
921152956
1797360608
1274814320
3693295293
2767050065
2116132225
3613827506
68088750
4027572196
820197282
1830549715
1731680405
228140448
1673198120
3386157638
2463606910
1040514134
2789711314
241852977
1817320802
3152460129
594996185
1750921214
1921217698
4100822495
2679435506
4237671897
2351835144
2298339203
270231320
2151357935
2404547580
2653644339
3577451020
2195528973
1624509912
518995611
3817818488
85066780
1954226804
2541839499
3059141027
1423476477
917370031
1771912659
2170673669
2038496696
2171189557
3197906009
3075519196
399359069
2298961396
664935815
114042956
3934539183
583674853
1262352487
1138493669
1176857617
2629560373
4234377484
1926363110
508956058
157915600
1933618626
2133493900
1452574404
1041400936
3155904248
1871125410
1758653746
1936857206
22320987
1055806395
1961182986
3620013295
495960797
1496302402
1435874771
