2283638386
2526865541
1249386420
1320668205
2687417975
862512945
3029596255
326290790
483709532
1791958274
3032137792
1476660550
2528093352
1864353478
2159271416
2718512848
2750746662
1406321454
1956879313
4236594565
452311943
3413570424
2362664797
381785077
664094191
941562882
3498069403
297506704
715514441
3696247817
2626940186
660825311
2746229022
3876834640
3820515945
405154872
1956665600
902259334
359216940
1077255957
3939945689
3261226013
825249574
2993405941
2153705085
2248214212
1647611121
4046316676
1604897064
3950667956
2774874321
2585943553
1335846797
3984438215
2855497141
1793885092
2145834308
1124522365
805775552
931288515
948793880
692962537
1337857572
3789544804
3062045723
2136547563
1388514070
1133058597
3948647696
2821893673
2229406524
3998952922
3126203721
533267043
3394374157
1020538640
1652703316
1874663579
459177254
788627164
11017184
2726452211
1351137064
526414627
735683438
3974484893
3463614428
3658953388
445513629
3655124056
1852206521
2406226586
3031924686
3076992747
3497696116
3172750311
3462167644
3438388670
83734249
1904264154
213444394
364586076