1156606488
1418500558
3950698257
557703257
2899011856
2367431364
3273007268
490198671
2172376295
921958028
1243815670
4023154404
1901141704
1832181992
2970265972
3518128902
1490335448
3336702501
687339344
3721805169
3122245616
3979966096
4149978493
3941162688
1948941480
2177135055
2098142906
3857696993
582853384
3768732553
3845471600
935976011
70226335
2238024216
1506128028
1015737005
2822510106
2684817432
4200739136
251068108
3878597532
131045473
657500039
678460064
2424733013
1915738527
524237894
1909490865
4195349390
328693305
3132400945
3557522782
2406842440
3164714670
256638509
284780406
411493682
4126768311
469398378
2631260797
2945681570
2121669058
2037724799
184938448
994460708
2331021842
478196202
4082787511
4292891268
348337333
989650238
2626340813
1147037268
4111864406
3575368144
1503126207
232877618
3686615185
2464847724
1404308469
583385082
1636712737
1472332329
2076555460
3199912077
2525360588
599009152
3952409012
3184697037
1511676613
400912596
749813063
86764468
2879955739
240975357
4145296913
2019691687
3588727332
2084745085
3201189756
886316008
1236032615
3654097462
2274505405
608489171
642473272
3620382404
515641921
