4053940613
2451160222
2870320475
1998190564
951583604
3650843026
2078065406
4061932541
1885940183
3083057496
810137823
90273559
2283031552
1099374018
647340136
2090731178
2223631744
3681860250
7433935
2668268672
3444936341
4066609761
2369112627
2595487007
2705046479
3279278577
2758431175
3158899987
1149219031
2912409855
3456949633
2275080548
4266192819
1150678454
1708841281
3874524812
4241065196
4256845070
1865638366
2812712897
1824242731
863710405
852043303
3491635226
2664619029
2870018391
560320050
3908688878
3210371786
734171096
1800349714
2208286774
646494786
477108114
200985672
1179667000
1909007760
4231086052
499849385
2563355273
427756155
2516476557
736078965
3322845906
74042824
3610272180
131014603
1967028038
3641310190
1033198258
227281433
1632262006
2333773956
3973198173
3757431307
654766261
1567138799
3686922038
2673423704
3219250710
356340832
2187191361
3471196391
2954244023
1194376965
294249904
1533116887