1812610771
2982525255
4004833519
4279414339
2861902364
607553188
3011333876
853138174
2736931425
1197471098
3222786852
4242771364
3461234691
3682059724
543575803
4185457888
1918398891
1313742367
4117533483
3150935248
1481666551
3695445535
4196109109
1703905683
3348637624
2858681473
636552322
2428834767
2162050300
1534642774
1492096257
3437562805
3589670601
56172092
2567990771
1984821847
2236304419
3067059248
119987197
2729865698
1630359563
1220016821
669748297
3862612026
2649823452
3940169702
3656675083
1317078858
3574012676
843928740
3159932977
2471867156
4158792470
4017895137
251738098
2933359277
530339536
3221490185
2189630943
2749584132
317222107
377180335
1212125070
2387911805
2883633067
2228281167
1341164322
3543911054
643446423
147531753
3141292009
1694637700
1746511617
344034205
3147939616
2464614411
1770983892
