1781164494
3434328298
2209493106
1058314894
2222099101
945532645
3415136697
216525759
2706792361
2294055732
24322037
2861198636
1123455831
1949739762
1750916917
4146874565
1573551967
2185115452
4025819377
4121759150
3772426400
1732675158
971958517
2266025061
459940976
1464872823
3840200179
2015220068
248972828
2139304538
2671178235
115199431
3746343563
3237228349
1402210972
487848126
2189860475
3250765099
3497523090
442824704
596962793
2079951966
373437230
553283022
1017853034
3162130070
2628345061
2654437232
1038375106
4132749445
3280754337
3218071846
492581480
2424342668
3822137532
3397253748
3258953070
1694698588
3154133975
792634352
2304139280
2904392593
1646717827
3469735299
1919041842
2776491281
290758343
4083163849
880614318
2485862786
2777448953
4242001692
738755836
2662748641
2383608530
188321716
1468786048
2642307425
2794193006
2385143529
2593357702
1636962005
895851008
1640644956
853005364
2839671439
1560722708
2978663646
3778084879
7892105
1595058195
2718606460
1154266289
305160396
2558247029
426718515
275787516
3559961819
2124535556
3669288510
4035651479
1745682662
430258986
