4211688634
1667660205
3646406423
3195106648
340156548
1166053960
677701191
3365300461
1410781676
60665419
1248446660
1894953571
3837108393
2015458545
3345302405
1245902697
1594297918
3637423667
1515342446
1505404632
2488013941
2896842854
1724505840
2453801697
1153568564
1201283449
3842199482
161909321
3705520170
1005152263
257345075
3001159253
3028361109
319670612
99724058
2053646196
203211276
3182589596
840496188
3300170699
671248473
1420576297
2863099106
1062440266
988506791
559462472
1047089353
1284580805
1138452908
2254945757
954540659
3741843397
1751374546
1973396299
340822992
4144848204
1405142933
3090876074
94871359
1349764120
2493326753
895612789
3019078576
2870828623
87350906
1137594387
3086141836
1805183855
3538605081
2475992619
2880542317
323352948
2762026363
3779220126
289257802
2427332427
1111191153
1632505196
861049055
1976974509
203076402
1539348522
633092782
2145092754
15889644
2223493897
376616543
660804294
1323486919
2215262797
922425442
4243328084
2626866678
3217209526
923503330
4285420913
2977006646
837606039
240865755
3877856304
51496777
2865612673
596941316
2936172438
3241623413
2006298561
552493290
200570815
2523087869
1933761433
1158278923
845778992
3717927107
2623027242
4017093085
3998339252
516609827
1916771906
1088954574
3093132396
3699788262
1502817709
606153232
502092769
2221964097
3516268300
2726812142
1474148740
2825834886
3271055245
3598332025
3690109179
607182042
2957404922
3022951386
1533428853
3431156455
62716953
2869493087
4288910139
3246888998
1385627636
3316730265
178090028
1057285457
1487491804
961395573
3262626140
3357730864
2999022545
1700881047
465792131
870330231
1418856171
931372642
1645801798
2789712081
406023100
3524808156
4086653943
3844058052
453681278
1708655076
3656012681
3462705608
1832728457
1040904795