1476336907
1510104417
1580916936
2723959458
801322737
2714760268
1425787745
2082433364
4256148434
3821046437
3319335010
653724990
1306971125
2519357378
3735847331
2016065107
3343403003
807905168
2023621376
3134325101
602303838
4177887325
3872739053
449854968
3389186495
1993803227
998208461
900246858
4253223032
637660806
3954229527
3425321112
4017952643
4000459771
447542880
928912510
4290854842
1171567233
3387983370
608336965
1877369649
929645038
3292556953
43197433
3852401014
1928517003
2808203670
686549027
2487111572
3979966688
3741113718
704132042
265757504
1862466951
2047411788
3705040857
2591259377
2210051288
1762741500
2990078771
43313689
3319789921
1647188041
3199859968
1266022092
2826086294
1288929571
2198556493
3636618740
2074095575
2050965590
1710173056
3325336440
1049237422
2728269746
2454078390
2302658449
3255088776
1763142476
437049812
220402492
2359648524
1064309438
2729608289
1758081175
3647360759
582234819
2162577255
2093582842
2611764386
4271985902
4077481794
2647843504
2802131858
2576156242
547854794
2219199850
1268912556
564894339
912283721
