1221622283
2372113885
4021564780
3428326516
2070215127
1451556452
1274564464
3908678572
4008853769
607887795
3459429418
3792675770
661779764
1672859193
3435467605
3181115706
2014444772
718434483
4187861923
1162042390
201362047
1847627032
505401725
1678480620
2691776040
2627982376
1007460652
985983582
3498345777
4222083281
1436394391
1628029843
182617768
831334286
2283630917
2403226875
929459642
1259845939
1485272300
1159274117
3922316433
867694435
1724915618
3432342807
2109528701
362977963
1242380585
883623872
2016083741
1334811466
3287688783
73842048
1366282472
3109623830
2048993205