2190643707
1663094592
2474309798
1766118396
3929520405
2726597982
933709924
4064116755
4004800257
770647388
320772418
1430848995
4126386901
3432070799
1011836763
3251714580
2248763336
1841434640
443375442
1136982862
3525754893
560288949
184067936
2420228402
1282331272
1853883235
4255624360
139261385
3443960099
405291240
3521628109
482556756
2747277257
2877743492
2329389885
1426515303
1244764403
1018741750
2078019424
2176205145
1490244681
2557651210
147523986
1315406006
3983771876
916586705
1300522997
575339959
3792382108
3820798786
4088353796
845654313
2750650002
3463938433
972531260
3580848337
2945849326
1669009368
3027048574
322085142
2600438766
1053191961
1290237614
3915396960
3250044336
1333022699
3564347318
919165716
2796727198
1537220415
4125610380
2869001428
2154475352
4170667876
3959521106
3963092792
1126301477
331903194
763964544
3388042518
2583991134
2473918488
4210417158
634406851
3774748768
2397207616
4101595336
2028634419
736041436
3471050585
865776411
1313539647
255914568
1281844512
79063861
1335070876
4227205932
2833791755
1259759461
2071861178
3990218500
400821591
3268438441
2117103657
1514581801
2855160343
425011772
3964789669
1754207217
2562553095
1896029562
2411067913
3173128808
1037963060
2517712231
774457262
747261548
1384052731
4194101431
1861360120
3821697365
2170189127
3800341767
2375348622
430102380
790363637
633173409
1472368599
3612394164
1769462265
2767823716
2951410808
1814426880
1717222086
1898121081
3930587742
364315952
454521768
361830539
492587256
3397576886
671077447
3352107759
3075040851
1509889464
2627811790
484183221
3605714226
496410686
826573894
3979209162
1087211763
2269679570
1163579212
4115383296
3531276890
4039992593
902420454
2595061831
3221505567
3424907575
3554651314
1511369058
2469267280
1291894108
868469962
1387585973
3097225633
3919972533
990363895
1550893123
1168239797
1016490139
2938763045
456539970
2729552772
1982538211
1292843525
2255967994