907750468
2920067907
2701890976
1557486236
2613682047
2967843408
3555469580
3946979302
75927618
3352424132
1464060144
1918882990
2118459890
1129538193
1525506738
650005181
2296952694
1417615561
1088422831
408632777
3792648579
2328729831
161911785
2542844309
1929759338
204813385
2480213273
66398479
4256109148
1309137722
883815558
2878636034
3538827396
1960033179
1664864725
2408674264
1288649571
2009119732
1643634663
3689094757
98977278
1457048712
1433870170
4076397919
3156986082
571860827
4066222221
3619460036
3661533124
3478585735
954279048
3653951885
1114777283
1055198844
4267089650
1913793112
1923451080
1140787633
1948160454
3865845148
3327174955
1612430678
2725769347
3389439195
2451258569
1144670457
1299137230
3793700641
4235160443
4243383618
1132052774
3839408232
185088282
1746382692
774865771
2682970534
4135860958
3732291986
2941808448
429844138
319838026
3330223650
3838275544
720888898
3853520106
102275453
1340407718
3492815334
1769237945
2405012339
1050428799
4230596253
516504347
3114619226
2911349733
4062046058
202947707
3095963523
541026728
3845639340
1764690640
1811746416
2722452397
4110810748
1886943908
3983982699
4209154739
3353874343
700792662
3685165934
1979911762
2450695637
1579835669
411735308
2786351788
551470061
3380804040
3612259127
860933662
2364578454
3686892258
2549906963
4122836734
3183804654
1807592703
4194262643
2112971134
3195965162
2237013515
970251340
1991231190
3846184013
3034644600
569042328
3583297715
1203601523
1077641647
1106498948
4271678127
1369159961
1084188890
2073222731
3167246407
3364956019
1690466005
102088589
1837148999
3279660396
3576350867
1650532385
3176814647
2950248529
1291305122
2068471662