3233964040
3603660459
3467252307
2274018272
643791241
978822769
3418634170
3312281596
1718247425
2833407387
1835051340
267746731
350693988
574351307
1145928824
2318804695
3116406237
3837636996
3776104748
2950167953
3734254080
1379443274
2801846822
219002920
2336473349
3857632445
2811399740
394657685
1050385158
3544064296
3646322236
1679835461
404747547
1069236732
2781709689
2542190396
2776659114
3445989517
2602256757
3176414647
1725846540
2011056692
2212537171
1490702818
1804225528
2435932776
4072948833
4167309296
1421515835
66931350
2263454115
3181791264
2706563375
1143260147
331598891
702731765
2720647524
3380791778
1145350448
