3076441100
1804966222
1146365080
1091388399
1459580915
1726476839
2036579308
3136095091
3196874441
3059464583
1199433667
2363030635
65210223
2538436669
3351561049
2746582574
2059456713
2348097218
2922550076
4197486016
513237222
2917573114
858276647
4187555360
1155586686
358207762
392182631
595367050
3451764318
1578979303
2217850425
3467630872
1689250326
2919996327
1059275765
3929524071
436671443
862310933
4120194150
280974209
98481952
3997773468
1292040204
3423727397
2625883089
1751980748
1910389563
3509935473
2444941462
2719093508
1349549302
3046105462
3340043036
2043984130
1334918345
1912696392
830381471
1726609427
120138664
3975494547
2751991390
3066713652
367199716
2109433949
168705691
1542208197
4001058908
187400031
1511784366
869850104
2482798565
1419056179
2288216839
314105447
4283866312
3316778782
2808062352
2627196464
3753663699
1613466259
722039898
3297385512
403541935
1506305562
1951089265
3775384375
1950125274
236201290
3654853905
3149480835
78112458
3351745192
4242734212
223285665
3155433899
3457576530
2789147815
2690843095
3322996361
3243294727
57465712
3290263102
3704762155
1419349170
893229658
3913676096
463732987
4158615863
2733558413
1983388387
1766286100
3997716843
2336161
2503993216
244835028
786503227
1539266287
613998808
489226292
4039274621
2739511560
1769961416
2807677237
2892242755
2730858291
3774642418
989054235
2991250785
3656922733
2945555734
2669580120
611383945
1540057576
514244710
2922054265
2323361165
2426780915
1057179736
766663983
3966166667
1886561548
1453450916
3126784576
3305129574
897669070
734019540
1122473210
4190053803
2856209236
1880377934
3776658650
2118455393
129107533
2186229063
3136276809
657677157
4144287462
3915586643
123004379
325564595
57410570
3372207098
2476584839
412956804
2802427563
180086860
146146831
678594593
2600145822
221529707
124694486
2578339828
4053207380
1830129258
1344798439
3274265903
1385524030
2712419149
2046788382
768582014
3262195635
4202577801
3053541880
1198315180
568294097
591362169
2675251705
3702662643
1009636817
1267183115
1214535897
4063262281
3675191853
2726720258
2501728630
4158083416
3299534762
837518949
3011357295
4294460259
4278141395
3389536547
1025700259
3623981941
1697994585
168952950
1089693412
2118722054
3636363167
605544460
3799116557
529860960
2261207746
2162709372
2238756396
4062247893
430932512
1089228080
3964198918
815296112
1498453905
1334967582
1429156380
3237521402
1452382291
1796975427
1819281251
308304096
396424164
840605363
3713932614
86001160
619097247
1958480699
1552273240
2135424812
3784681672
3621298991
1564277747
670815444
1800295855
3165555773
4046671972
3151308658
2742557763
2960166078
3587750628
2487024517
1189906303
1032079160
352775579
1869663879
2895495735
1530685618
3908460746
2114706728
2346065820
3160506536
1546831607
543651356
2557093185
128622381
2066550628
1637821504
2259404824
3980472356
337950849
1972561432
3119458416
1818708076
2581533595
2027170752
2492871646
3500230175
2775292918
216899494
1925037809
3074858998
2396657217
1862459540
3718531833
3000099067
3907596990
3226999206
108493742