3962462269
3882707091
2959153328
2226194972
3513622422
4239890435
3475494609
2755756362
2969811974
3878908221
1559581950
1810516934
3882563700
831084278
2397517546
1731627134
133375195
3985970992
2362932875
946463834
3646632861
3237776032
3946923409
3049931293
2373514153
156569948
2406826981
3478342028
2116047706
3171123068
2969999841
3558393774
3628908345
2736078936
459806698
2771464057
3584295916
95895007
211405991
347791212
50604383
2962937940
3671171088
1249193927
977100018
548014187
1739635454
1229780598
2065452325
2472198591
1467003804
3192260208
181384428
1826797669
676793133
3612864096
4220468959
1773083761
1352916121
296385416
3465744347
1802189648
2236949975
3949882628
695055022
2576738951
924663508
1649225853
1293566642
882788816
