1964620484
2640447885
1134380083
3890010536
739187095
3559608610
1415979940
3168131720
2770925380
2837907440
1949410466
465473102
2006390755
2559141834
2659628235
3130016828
1412855260
3814675557
3837693135
1150973227
754930787
1331087284
3542223343
3106554200
690147836
4089080667
386326688
660002989
955809071
3773280924
3943823529
1308033264
1130916539
4061805769
784461293
4205996458
395443985
3200247041
4157448648
577764930
1344674879
3612908687
4199227433
1074521327
4050783466
1378868166
1517699193
1069342595
3625620362
3053773927
1345446048
1009544742
518753714
1865900840
3422957272
593037927
90195236
359851304
