2942605444
640046862
1961687504
1036845069
3645080829
1649622339
4258429872
2234864799
1118200183
539618485
1840054600
554966770
529159573
458763813
2279420220
2377506511
4065502934
2334891368
1753206185
3869350019
3611127932
3659268551
4089528701
4232349801
1394211276
3855509584
3988677574
2535834849
2415054643
1240917182
3055405382
368045463
2955839920
2798915989
1695411133
2909860595
1940286372
1521783558
181768240
1143649803
3456621239
2011038647
1020139350
611584930
2183912942
1819546337
335993396
1613890721
