2438615620
3481182794
94844867
1040622490
284893802
82920418
2527619731
1371707353
3855594206
105305589
2357477588
4203336480
2195143387
413652455
2004561058
3026259903
2590669799
113068498
352709582
522071102
2514011176
2917688031
3914607195
1049774275
2742168135
981436987
3711196775
956824892
1182329241
778358941
444086855
4072402053
2420688276
664532902
3696063820
96969104
3310266167
833889154
3025311510
1616644993
1120970168
3681839933
645723839
714548645
4058359380
53370926
1666216992
2681144252
1906252493
445244633
1203098648
3690224178
107243366
2494743045
3279953611
643770032
2998098901
3250079412
3819304206
2535187769
2139020839
236712379
2279548184
1610206886
3222898803
837179071
2281963042
3951121113
3144789798
1873974185
2689771026
1539173977
292858833
1021158716
1344380116
2027885726
1303145554
3630387408
3102773132
1309680946
122514170
2900974074
1136309594
1741027618
1620085491
4222444670
3210276759
3922732626
245486936
2973593604
2916969830
4012084326
2811226067
2199651157
3226714256
3620921650
1138334980
