2279133878
2207336807
2188897512
2014022392
3960927101
2765219601
4139618867
2699143652
1147597827
1435427198
1652552194
380854139
3624562134
3081638000
861684947
528169897
3970858642
3098662784
793731857
3151175362
3882273462
1314057677
2335561909
3160413320
1320236143
2226563249
2841925021
3894436375
2557923500
4126370328
1701815090
3758694995
164413956
3602845586
1707206640
3279520078
2052884612
624998317
1384276554
4017868189
1799136149
4212404266
2900078826
1655161503
4002050132
1652327436
3764971667
397357541
1251366409
2435540532
1513359902
1775975884
1804252226
2393903378
3111872154
2015907614
3381665900
1403646725
2358415429
2144278382
2414440395
2910856111
3367691293
995396850
4099175385
353596358
1789198609
982672804
3203984580
1060935459
4043028486
1084210875
2721297295
2660667451
2768389697
815098895
2717424067
2368104786
1884502464
3227973240
75043042
446237722
4115145998
3905332553
1229486340
2168223012
4195185259
757876610
3377649612
2494369394
2001234253
277326666
3734333204
3732503224
1096458263
1297461104
4042513682
2507958568
3660494657
347892652
3439834991
4115285167
2734697200
421727051
3033193717
3281950253
1663047128
1477781293
593080114
3725956027
238719808
324595572
2355024702
4083192172
4101597459
630075294
3033532125
1650063232
178457738
998895648
4015223296
1501909505
1709722573
4168523916
2406476431
2966680744
3801024550
2104950311
3065179139
1027448126
1246687363
2481475461
2854705674
701336673
595452181
2567224969
645395817
2221937092
1069768275
1209605774
3903953673
807254120
11304411
37337457
2147088939
540435626
45597727
3727956793
205972412
1142231415
1893716766
3584073650
478807043
228541053
1402456058
4275611952
3828260562
2927402556
135711490
2387078911
752223567
3907528637
1599590220
3967216479
3808612522
3278116873
3676829568
2932038098
236010795
3668072536
1854308271
2344767003
3809138770
670421535
584653156
412459966
3687585577
3459619215
3622962201
3337392138
840557186
573654186
1035770192
3083762872
1103261686
1405438275
3255356543
1253824241
851483709
3854498581
4082193265
600305477
2770771727
3020323351
1061687082
3959928726
3130702140
4178237965
3396797355
3088646796
3500093431
2087942842
4292476601
803765856
4047151376
1433113238
186913270
1973891659
2498348858
1743266981
973673300
2101498622
2134452775
1878195654
2651034961
3422323581