1183181368
219105747
1013635096
926095357
1266702511
321589501
2588994587
325625466
2850243269
985076549
1147351027
3138960107
193482108
4159363007
4273373205
1217893089
2576642341
1921482162
3885775514
1967735682
1671074842
2724879672
1625542903
1346210496
4137630332
1324587378
1960456115
651012389
3551970295
3461806377
262136931
1925367107
611644450
4228251004
1381537010
3189373243
889777423
1339551934
1515303819
1033847562
4165386266
2687515241
2307317226
527493626
494889503
1335984201
1618204686
455703083
1492337765
2718136335
1966655752
3520292180
2089495754
3665948446
3664000859
3370543943
1807774388
1251333237
605833694
2954518994
3943410072
1195994059
1322335468
2731662506
2639653420
993664614
3512206118
2039566116
3930762748
1734970725
3339484306
1133406293
1498623054
2256340280
2625684120
3864318122
2583061316
349818375
1868582060
2804737533
981394772
2702982957
836609899
3926928371
1130867629
1207301642
3824263217
49016310
2520213208
2524726422
3722259359
371630558
337410712
1316435131
2769144471
267293729
1030998066
348205951
1026359293
4102126623
2888427774
1575001098
1969271880
