571455545
2532824379
1397450406
3953347492
4072072332
782636915
2671275088
2915087666
1443469936
1813380443
1606090912
4188273610
3018506015
3869222022
133489157
1593847005
2102935217
2084770951
280541019
1721947074
2355743590
761485833
3309836916
1492345034
551523901
3960540784
1056544557
581266704
4240792185
970049754
759977184
2327954102
2252153958
1094114330
2962835679
1232617910
111756356
2277993556
2627569014
1962528609
3824547882
1507604815
396208791
2457610495
2885731910
2064081564
3965059163
3853754312
3436293304
3154991499
2559502831
1838888736
1127909107
1361347419
2307403347
3457102181
2329129746
2878272565
263058389
1507193014
53131271
1232729366
3507582966
2100703417
1545601418
3831805849
961750023
4290566663
2095099190
88378709
911746894
4205102971
3727184806
2757613077
1271674109
3280654431
1808681837
3118866770
860579025
599179100
3251663977
501510075
3989972462
2138962522
1411909444
661553070
4291005887
761929399
4185394891
1127563412
3208301931
2981331815
1336895353
3257068504
4100362259
4241833553
3004418946
2986384199
657372273
1569589858
3894460067
3282896414
3578401472
1855971401
3210597053
533138075
3940517447
1389808428
418943352
1541843834
4279910202
1521806503
1814914778
3905881379
932822788
1507533367
1169137578
284674824
1654034852
4036361962
1367055256
3293592131
4093379913
4183061161
1022924468
3382138843
