4224678521
2756355682
1924352193
3486097712
1311810373
1130938134
2723449904
3926966033
1786218385
3745429426
1941055675
52030934
914179617
1701463090
713618839
1545039152
418325631
2268463527
1949145807
3247821972
1653242753
2134204559
314212963
3110709915
1023519038
958043660
398090894
1534717454
3492305741
2065599096
1759045927
363554129
2958312746
1168647491
912430570
819590251
749738341
1559225238
1221101391
1005685406
285082314
3673214477
949285771
3781527485
1920032939
2994794143
3791216160
53877308
4261056945
4168109464
4166028743
3104094138
3748346017
4130130306
33986384
2674460206
2529906729
1092639426
1519591552
3926289177
750906479
3263077774
3387923638
2209966582
2168197681
3276713159
3284922872
3545856193
1197920215
2338713123
1564560720
1759803448
793108410
3488940317
2048702399
1502281014
2787140347
3351476336
2543876919
697665241
951435010
3509101579
12896223
3660274491
237462378
2358420532
3696910812
778951742
3668054447
2026949133
3322487333
1869870978
3672096691
3959104993
