483324361
1240665573
538114375
2884756918
4062355290
586086613
1309239409
3830798382
657800983
1762546194
3787445847
498675053
4146496502
2218761013
463994050
235543282
2541400986
3402870457
3729348215
4049445949
3028588152
417080158
661290992
1935268900
4210667370
140137816
3378233882
2291847385
1771974024
1959425746
1216453684
4233166681
1339919348
1842379470
2788050855
3502028368
2543614183
3108912307
769364149
1504518302
4227577874
4015959566
463852443
2500597425
2436401556
1043560903
887982932
2352653966
2526041291
2595170193
1744927293
3012860938
3049961680
1850723972
49153320
2985411888
2554674076
127057010
1546907787
1549566933
755003420
1864293027
38765381
3149770830
2872952557
1461356990
1727330274
1536106820
1665878885
1070111980
30287151
1418475263
3289179998
1297653632
2869524275
2821782412
1718891411
3148810988
1703499540
3083090489
3308379491
2455606894
813536038
2528932845
825226588
3206331612
3161297626
2064088000
185842325
1495407175
2624921633
434099890
18271601
382827134
2610924429
1731889470
2050388092
214504076
1668321895
3686748363
793425570
353351313
663308890
248292586
2947569566
2542754047
606955496
3790812149
2996968123
2812037472
289132820
2388616586
1142094781
3162728480
4106026950
3921835538
3202478516
774060157
3970972716
2002500786
3797478220
2091593941
527220240
1628887142
934231920
2584365217
509333687
3551983853
2011172662
734405216
3672991494
3951515170
3282446030
3216068656
1429244507
2136084719
3815918772
3556324245
1393586438
2948452169
657828392
3941904947
2014074673
1274597259