2758366663
3794421644
2314069370
2297620876
3569318220
1098619272
2590999756
1950526003
1091594026
3565212260
3470884422
2214929182
225428480
516667619
4145118260
2800370229
1718296932
3091519063
2513393894
2781474946
3118729698
686642205
3614327525
1948506189
2708886165
3311257364
3563598389
2522357145
3888837737
542776846
1523803375
3987813536
2642950976
3983288686
2473966374
280964210
3285759563
981612353
4074342989
4033813214
1989146025
3271330501
1643916521
1485313120
3868259780
4259321356
1990104597
1306480652
2773339076
2373078109
1947477495
3393565654
1371457072
3212795872
2648477828
4098064548
1361967394
493745229
1295944359
925895985
4235336605
2271625307
1167937485
3118157105
1520960949
2621301406
770350211
2385680449
701926975
1475455642
2061365751
858971408
2510741724
3889065116
1323801045
1519409179
3967412974
2127045581
2003005255
3436837326
3560728111
549412548
171926794
2027566621
536257251
2023043638
883316051
4280063491
3686249586
2003092916
902404081
3040947546
2517193053
1156048385
2308637468
15544499
2776947481
2258956343
3293818275
4254014055
2064564347
1983284600
731695267
697799009
193092923
3033818456
704311436
2299781488
1427512484
2040380348
916865943
3038357951
2611909928
2792191020
3283964607
3129163855
10572381
1983312305
1026124452
3841623267
3013875479
3056972189
3388381703
2276908294
4149180774
1454579422
2708299881
241196776
2504369153
1254576020
3956781238
2418708449
2930949268
2667601807
1062588623
92518541
50997152
397835256
4262634792
2621602631
318845493
2345405855
3723355534
3243872750
1736357230
2879179327
3265804399
1011650861
4045524715
3944417661
3633294560
3190513022
3411738936
1133180422
1503248617
4071813113
2782735914
3101408487
3182392440
4144240445
3874355409
1704764913
3372267247
1927625168
1823336223
176898993
3339403817
1471914379
3660564240
3143434188
1453748392
593160479
3194758079
140877813
1730367062
2531089390
4272547581
1885509554
3243347451
1591806283
3877494156
1949301445
4046272174
4214756124
2539210805
2836590337
4213428927
908407257
3149180861
2742759142
1397208294
3075410571
3699768992
1777086545
2402145226
726856590
2234872071
870594581
1138189342
3274390164
469609363
2166566726
260404949
3672770445
2142764269
334865619
4212086415
3539882834
1903723491
1234144795
2897067426
3425337483
2078682635
1801616280
2059151927
2617691698
3093631688
8963014
3981995000
2002076363
2546418921
4126947866
1183153601
1197208668
3737841548
3269294369
3734303164
3337917596
700650552
77381479
1786097360
3012225667
572435723
3781592873
3132027034
2753916891
1144319099
2711670110
2643328353
1730343307
1746287054
856185064
2576742993
434970474
2710890844
786104191
2760892017
3116485627
2123315753
66006153
2740437412
1238563299
2754240607
1395700246
1171431295
2021775067
335933999
4221183481
3434229891
1684719014
2763600152
3465275564
3027918625
952601866
3986395464
4013602016
774236965
753324160
2202637063
3444626725
3972888939
354144794
3512906663
3024844132
422278575
1643252133
4176900410
814384946
3610851824
2538525360
673651868
2067587381
824711993
799088863
1453752932
810142473
3280537135
1202999167
1105937807
2175973432
3344938421
2276927668
557111330
2345648371
1531765132
3817244513
4233837357
1388314991
945539364
3014058797
2740612932
2665732138
1805550783
3960020821
695220657
1579999483
162897771
504889612
2327796200
2697620159
2754408263
3352032529
586746976
4217266433
1982187066
3824630618
1479958688
758580420
3639609984
3032818144
3848406305
2929805641
3256246875
3668890229
16660436
889619525
2223416229
2943116632
1205753647
3163064082
2410781418
2444322512
1999516548
3229536109
1462421454
3894895664
2433736968
1947678451
3166905181
3755478809
1956798426
1732694844
2236315980
906698886
2954043844
1832051764
1716303914
989514162
4204105628
4170891830
1236538314
2398638370
3422518799
705616799
1636777246
1040438330
937913203
2903125206
1633612242
2638636017
2643439755
2966618184
4043291107
3972243559
1616764844
1606758288
3885595709
2912650226
1562281547
2823115673
1703825237
3251369474
515428158
2059420153
258942917
114979011
2547541394
1050757164
3054796981
3401657099
1884862084
2319164868
2759416091
418234583
586657690
4254141994
2039701941
1506350840
991826508
1170392373
337732243
1295449357
1607619264
3046702087
4090597243
3145381805
1630551796
1990172125
472163769
484237573
203121791
1154794067
3980779953
2852500276
3306100528
2742739765
3075566600
3621638499
2649257328
3004641909
3131278480
1109867722
728647119
1477882415
1271160347
629823519
1547552515
1151051690
111304041
703147363
684567276
2981524049
1833864633
3332224140
3789236370
2797874287
1069575005
1683982431
868279677
3288232246
2528101810
3558555120
1296658030
2000008496
4247846653
2972670763
2996585202
3670711172
655184208
4203199961
1233685079
516403149
3670584022
936397047
2308648943
4200119355
1612363234
1584953688
1434927938
3172665422
1088038541
55101195
3298793385
3872667129
1287539566
3996121979
3924896212
1907267785
4276804929
1079568309
1019487372
977109868
3301993507
1855185567
2774572428
2123742776
4243449225
2223685812
2804855063
1036188634
2013444132
2519274447
1791528095
3744053915
760735285
1585968850
1187649748
4125588442
34965625
1941311040
1150054726
3440562869
2474641751
2106274131
2078835649
4152252686
1141607143
4157349453
1011772149
3727912545
4090208489
2887471518
2632672506
88972874
574462858
2004165477
1358593016
3857597188
1898929522
954752584
3869028043
453562346
1859986285
1006336735
3234765374
2108624776
2046135204
4076195537
866043792
3404365150
1810374113
4079317537
4140034476
3962379616
4135654944
1344196881
1465892981
2812327795
326702183
4033369184
3077179767
4073006612
2239574737
3009303526
641849583