916636326
3615684483
450951928
3936260004
2780721839
582530625
2302950592
1622236765
2268703298
1067633459
189715390
2294425215
2073278799
2505648812
68434666
3020765331
4053264155
3120497333
2111944023
31800877
1585765958
387443035
3253716799
1132658339
3401719342
2818836858
536734183
3627852180
1016047447
3680987667
2995705340
875011556
1489290032
452862257
724075587
3532329286
1054256140
488406293
2119086585
3981128322
1105246798
1616510720
1229167858
2909293126
910548485
2236761915
1402621513
4160674908
215556132
3104420462
2554173782
531998465
841563707
1590834499
1424260742
3570835598
3681724093
2088859341
2008503994
1249554164
715241481
772173827
1385155112
2398722381
2153092522
1222621458
103759449
1184670587
470097779
3242675335
3817825419
1199646452
1416804185
48686836
