4251486451
2054075307
2453841749
3446328339
1047108170
975779494
252859035
2978830916
2840054320
2640698801
3405780225
1631594103
2866922069
2797728696
3220672210
2062819807
1572576265
673774245
2239669838
3478262697
638780194
1322649800
3361764614
1862997687
1723757147
4214466155
2833569950
2337312691
3364217617
1309838602
774906175
192647854
1663294799
2372306345
2799060203
2844586312
2830287620
308583366
325804894
722087009
576461706
2890359568
2438490464
346891516
1875351353
2246599173
926870902
894552962
3450614295
4285388205
366228882
3841572136
2090002725
3365645179
4204215784
1092289137
1300046348
447841673
1397062031
4125445393
1412619774
2812181993
2673726248
2506505537
1156792608
1396489395
14049646
