2526671983
2327510072
3735701854
923178916
630898717
200995821
3339073775
741930011
971618709
2199736511
3446532469
1071885394
3906252020
1244359390
3888905304
2578152484
2849446664
1054322835
128821039
2027363014
3306544978
2415494509
4058902246
2758501115
888485936
1532912656
2773148286
1279546847
2823263015
1829528291
999419379
2165541267
732397515
1365577458
4017252986
408647474
3523057697
3404635413
2520231316
3186271007
1524601584
941284059
885313054
1487647414
3304198035
3247937723
2936149258
844281548
3893573970
3659190677
2013740873
857041749
2416995704
3199041955
4138586097
2323551921
4258472191
4077108166
2332585155
2295824719
369375802
3921722195
2333945001
379572627
775959289
4097517430
330289844
2718798326
1433850546
1228811708
505825790
2639295784
