2974131430
1707168647
1744425621
2276261320
2962176929
2909710911
2348946078
2207129546
1522922380
2033301134
379394413
1420623975
2237611619
2711513990
2964725439
713032320
49444942
299506025
2227768826
2778212590
2830635572
135067189
258385130
2248886756
4032932631
303315658
3120918736
3116166676
285616176
4292426207
1656812622
1830948269
186968000
2103624649
4188987428
1854351325
2460674708
744391853
3642572414
997783475
999611116
2034650637
1765260593
2903957800
688815594
3955382924
1921793735
1139352495
3958612589
1989888420
1182514868
623927701
699637976
3790974665
17813943
4137737654
849218372
2782530097
2480961357
931948896
1847647106
2851073048
2545448779
730775403
3482803759
3997832675
2574524619
4069708670
3478270401
2283660412
2932407836
1896196491
4188274930
2283765262
155212209
2098149536
1095703789
1715075182
2865511634
464157495
2566693518
3939759552
4199115770
3822705453
1250218585
821232321
2974726695
1691755711
1257004480
3266373697
384250795
776060969
1364639204
1026322660
2120636685
4030216412
2334854088
2660298974
2988774690
460082616
1455442127
3843268972
3518330583
2075263121
425805986
2429836489
2243285982
3403945052
3118495439
3242244521
427682917
1110151768
685683057
1780619134
3151054411
2259779207
3500976356
2306248096
4058649714
3382434515
2086121611
2118859370
1723651821
3585583811
3003289141
277682468
4079832520
580832882
3452541162
3947850322
608673741
307196259
712943704
3605726613
1407668338
3168649899
1791929725
3147418608
1809593948
1084912685
198393140
640887251
4163935570
1999892557
87833985
2477268904
293599670
1931472336
329069045
2426158171
2027356164
179142350
1890160296
1636273791
763942483
1928912954
279376620
965930559
2353122241
3841728816
1500680776
1655947792
3124766680
3957503274
11211725
4281183458
2275530733
1922872046
2711721992
3234154420
2093431672
2365957358
843754494
1087742966
2642647163
3125475828
3002275253
2233367922
3862048942
1144893356
3548984006
1682688471
1656628257
1846147110
767463179
3143202251
3799367620
1411630125
1250153828
2952137266
304640853
2883867023
2782423304
979205060
3277548416
3875711992
1155637801
4007319253
1072631802
216235448
935706534
2528369334
1806564169
3958822814
1200382768
2470965117
3476353658
2981273318
3757890113
1119225807
486708914
303415632
2337181501
656896960
3428067399
2095603688
3927521606
112615375
4101780337
3408147103
3614549239
178467348
3693471180