1689213746
2761176545
1058095834
2695688734
1055309744
1746636653
2697828296
2374049357
2832490551
3258787065
2395826272
286388304
1157650312
2921779841
2858804914
938392618
2477912409
2860805205
2971927570
71346759
3287962338
403527486
1112936185
3271672775
1107738039
1913917278
130228748
1866044796
1877760345
287731611
819903070
486495641
851443122
2416677912
3893012891
3108095555
2663149783
2919933082
450124579
3604004775
1612290406
173421070
1836187690
213413790
1762204211
2610332112
1277253253
609623379
4248975340
3555687016
4112118112
2673934574
2029473831
3392893732
2664449155
2895000316
2327324918
443586478
2100779606
2928490265
2017475703
2572301352
4284520314
733068116
607626914
2075640590
3262937408
977309754
2352119881
2098235981
2959764432
53687048
1381144310
2551610497
3715782075
1529084207
739350461
647131467
3337207720
1776031480
3123578965
963927303
1985691182
1567071855
912110540
1911412916
707810079
2681192828
3858014353
3581173724
3551677440
3533146445
4062147201
1988491603
639853724
2966675301
396302283
3039813112
2901156935
3739420773
4210722109
2260195675
2825352390
3760532807
242843079
1573936179
