4253834669
4096268534
1258167431
1189848566
4054831811
3413727688
2983072201
3746183812
3346647771
161506127
2178650715
1415118514
3005942425
2035130936
564035509
3627533326
3254506702
1993248131
2098792199
1981922207
3324523956
2915562637
1285306511
3373965094
4234469389
1917076549
32858706
1428206882
3097481823
547836670
2304145814
2416094130
1036094388
1497779178
957534363
1733262161
3139447114
1107420683
1195777249
2646541099
3324613557
4006950095
797037138
2715925813
695189655
2442768352
2791275543
1652578940
3323460878
3723011744
2152691117
3905421358
4021959841
4139658334
2074558051
889214717
77637944
4106553191
2076633133
535748392
2205552008
3461624557
256758517
3028386613
482756372
3389797282
1393462353
256980436
1466919295
1827950505
1358031369
4174148882
338508982
1248742167
3905746649
1448269354
2990728083
1815669835
3285767866
1803216120
3129199295
1285542637
2278818878
3353671239
4191353898
1686350191
2271720003
4240944192
192323615
534629587
2506622965
3960085467
3881136896
2843941253
830152744
68826121
3247693223
2632861068
797195809
2166880963
3695142204
3391040327
1528036802
2782027337
1356874222
788649392
2713179984
3590273884
1509516877
1155771413
3324989729
739514027
1513825096
3943940300
1352025411
3806656623
1954740734
3690335787
1235473424
1677649802
3290937552
1035923387
1481883119
1387986545
1891142044
2894489866
2240625878
2719934739
2042629621
2950945947
3340229500
1078438654
4123235057
4044344352
3727238796
1637956945
1504722815
3593031399
2925623471
4067883445
4182661735
374138125
1474871080
1022900736
3420784052
916912935
4149982836
1653583360
3243421757
1460408887
3693321484
2512417338
367497103
3288944700
849104068
2179999175
104860994
2479419851
3085025507
2947554661
3826229884
3606969808
2504001978
4048688021
1677939786
51491600
680011135
1878700563
2531724399
3157562435
4230802455
576712870
3797275721
444504870
4252174168
3434382799
2335911615
1195984921
1513830732
1874947169
3325693287
905313452
311514286
4126491863
2201712111
1772215589
4099541815
643693582
449266293
3375834421
1019687802
515657141
1468662587
636762070
3864509882
1762418587
2120220772
2851715224
2302528948
2189640157
3851256922
1261099724
3067156255
443006496
2906141527
311773230
1927567892
3783041123
3165262007
3671506520
3789102269
4244785444
2297926043
1560875785
829798621
1510686602
30440179
2885990819
3508435202
1892894829
1058119102
2906418259
2528205217