2628994818
3906167346
2185152936
4130468186
1003748129
4192633910
298234504
1020790930
73687946
2548365255
418499261
683654128
524157007
2250767136
2128700127
439567781
2279707946
1485297686
2393453790
3471651753
2623061144
4152751354
2144998572
332460899
1672355073
1887623933
4179259968
880096173
1285345800
1377714533
1937755307
1618210794
178073921
3065111826
1123708560
591608971
769774364
2741804121
3669613188
3390097406
2425496415
3075925693
2583179046
3046901281
1460313888
1239168688
1894399726
2598816557
396456269
3067732639
3227283180
3562174591
628375752
3367246771
1945929246
1005095332
3658230048
846229497
2684708833
1347003856
1403995732
935863305
2939565157
1977156906
1664878929
4134400645
3921055788
1109530446
622249983
4086399540
2309370360
3211018421
1258941038
1604004914
282572052
663324448
2347128915
264329809
3278797219
66012182
4176074662
3641772151
1117808444
2262593387
3832114033
273256645
3956129534
2825165190
4265255913
2707530548
4143998866
1052028220
465002077
4128541352
2699530676
604196446
286362403
619291772
4051986964
20511341
2787891225
4094852735
587820633
3378619966
838776585
526694365
2790680790
2053171995
3966416562
2126313072
1103949352
653148605
1654459671
3713827198
745504602
244929741
2608016821
544728771
759211025
3310499422
436092782
2541310332
1645148717
3254706303
2890720251
1349999834
629669649
865194398
948204636
4103271916
3285204693
407137715
1609882344
865955599
1436006923
296297472
2871127240
2903557906
3697135060
656606044
2853813986
1385835465
3136410808
350015290
1094541566
3856503822
2735564769
3312128044
716486537
2409055181
1434730674
2206004349
966043386
193347577
2073873545
2036723013
1628322824
2442954287
2371211348
2629242038
661037673
3009382445
1875428391
421036141
1407482667
501793581
771846943
2635880152
4176311572
593228035
1911775262
3781762639
1124686052
3355503454
3202702079
3411640285
2792536942
2554614612
1246981673
719171892
337669720
3082746335
672752847
53638033
357943199
3030138178
3500645173
2089405428
765938984
340665856
3666421087
2022322508
2840637416
3232441874
3803201487
3883869598
3900882411
3119738905
2382396162
3605716928
970303096
1610437130
484303874
2359478382
3443799322
402916063
2510562912
348489830
1988465992
2364642448
3915097610
364889793
1941512869
4212126723
3446664571
77854007
1070334511
3448749931
3878033967
2862242067
2919326829
3824851873
3775733502
2997665837
676520778
3740292938
1286318120
252313100
3774436907
1777231232
3610552123
2080226926
1200475018
2314028540
3571122950
1719116343
71488542
1279483096
2555770537
3365019059
2788397293
1359669481
2578601179
4071783106
1517088773
607635638
1552280531
4135492672
75720612
1718420349
1314190545
477131947
2004613266
4184967106
3791465633
799862985
2535736183
2152790331
3413223801
1086206219
2053413176
4284832787
2489721814
112747099
228719065
3338816675
2647492617
3436754981
3661874088
3146061872
3994966236
1187336557
2939800612
2298973765
2192461053
3102425241
36648740
3515386935
560126198
2225353273
1918238613
3145197121
3503537592
3429200528
1185450510
3965584108
675747165
2522325394
3730512316
134276231
2627195929
3862065668
671395199
3139866306
51081425
1513830869
4016336479
1017269560
2436977172
3840938260
3308231436
1412011632
2894735168
1096938423
3996427099
2418963431
2546931804
2465358590
3983971554
2653423315
4243115912
999576202
215210746
3694573056
904835924
364392642
3021844821
2622304702
2406970142
1112031330
287169788
4106975390
3951093453
657948580
2669658242
1734562203
465943954
2091487141
3870165292
4131508162
643065250
1733939900
1792921975
459570071
3126458388
2721981237
1686974057
2161514635
1154901834
2024105901
4107372558
2848798289
2939481578
1786185115
2916993052
385458162
898281328
558929081
1086041336
2407982232
1018366678
2124746868
3675932877
559825111
986603135
3083666064
2573486441
2095312597
586810328
194236884
2643074146
3472214729
2843586483
2753019837
329844699
3110695163
3983779927
1571566173
3799894889
2906524034
865680238
1223795515
2217119467
458183243
2178867310
1785472965
69363890
2427865800
3271001658
572074013
954587137
3563144513
3924590248
3580532468
1246416903
776679705
3054956977
4106857294
3136347524
570043205
4149295895
2852208745
3748772278
653722481
2535759690
1836233296
773852251
1870322301
2817287830
1360666842
3913137303
3946883500
3972774773
398043726
3862022830