2175997045
2117557186
1746087636
2857623059
3862174537
2487181658
2856192725
2396267272
1711896991
2027245034
640762147
3588884110
2098376972
264027321
3647902508
3299120765
187737337
3133347099
250022308
2373200313
1298276137
1621555532
4291255500
137570633
642934080
2171696225
1941508093
95897323
3445001898
3071216399
3007725786
2414864852
3566324511
3404668262
1602144974
747357555
3385290039
4224192374
1472972564
4138314352
732036292
3560938480
146922440
1886530515
1299968238
131151814
3354757269
1893073313
2471331416
709705029
3429604538
4000730073
1542568195
2828987499
2444213594
374436739
394192494
2890699094
4270297520
3455750407
1098335641
4264585706
1593242197
2800023421
3858682318
1990432192
4176623356
1695281029
2107547600
979680900
728473815
428173362
154027882
4268362000
4011446990
1381074716
2343869087
3696182893
900588379
4165095487
1612545651
3635156318
2794859994
621542278
3598371215
1590084012
349959040
2188611163
3479525287
3588499628
3732904288
2455017829
1260207336
3162568130
1316497801
3342522920
1538697922
2815313693
2665291897
688499310
1262970517
2035558043
1677799257
3123853955
1942951418
3641868163
1445477491
1870024747
983437768
3070319253
3293934298
2625648134
787338149
2179544564
1649014243
2215024301
970506872
3113051296
3045656559
4227702749
1648687872
561006111
3671202484
2944019943
3458238282
2833325452
1613303745
2007681487
779341255
2399835230
2782441776
542894756
3407163092
669476284
2723927266
1450073046
2417212539
2907864583
868504665
2800074083
2374870564
3254968402
3962184348
3725215627
205357730
4106860785
2731950185
1825919950
958744072
3797079135
1637102967
2520447539
208268455
1724692381
3838059221
1390326871
3483289716
520271211
3654378688
4228811065
1917296545
3468921910
1544117420
1978858537
1030640393
1877680671
1313314469
306576214
3540075470
667872240
4015493361
3108827551
4134079398
199568689
18374500
320292908
2742051107
3375766732
4239300598
466272325
3867441951
2309914257
3692113746
1836854152
3630218850
1812796561
2769191869
2279835207
1958376408
2508259772
19598445
2222342505
2603227979
3822792233
2308053402
4134569707
154483565
1066211238
2620234332
4225851791
2893255175
4135655916
1356274895
2640508064
1220298044
3064096070
2284213514
2242372722
3848699664
1777309696
789030962
1414366662
1811793979
3868352760
796002942
823768596
3681500143
1256016642
3974516349
1852181118
4112776482
3228981584
3475341377
2546085894
921080510
3332290900
3538395567
3121686705
2629273185
3199434438
3527233686
2153217091
805795157
832221117
2983984990
514912452
402394655
1003578159
413315899
3996131138
2314246596
3399549291
2229359191
1281096174
4172815761
2558707684
1398786322
2736540305
173453656
1626619060
2800358102
2549056151
2061111811
1949416747
2885049917
4063171215
2875464952
83209567
1397913587
1308707471
2333462096
4063281196
3412796970
1739073327
1040026643
905024364
1581421141
3045237519
290917319
3324803859
4063735825
1723293766
3431951867
161307837
3779581268
3929627007
1905164888
1195698708
2968256577
3820097844
13440963
4050304209
631058798
3673790065
3376882985
2153601921
3746395525
2905500508
607133529
448696
2175614894
2295802491
1082712354
2216365114
1699649245
2732724253
144418367
1549277034
4198482808
2756323854
3512995025
4070168603
322347351
1749207783
2901420352
3171512574
1155474707
281390700
1115762050
2639593913
970825920
3051079713
3249487813
3533434310
1405025124
4283963316
2023872036
3418977759
3607745929
4246543249
2367786330
1587042980
2026569549
108602123
301895887
1424968284
1721025993
1570965238
3615437015
571486198
2772692091
790003862
307947788
2395365701
879995464
4024493392
4279100707
2202237545
3282177281
1745415232
2433913375
4064593155
1221374697
4162604284
2986852547
1917140384
2986015717
2681232762
3290285554
2273452692
2236867422
2709000096
165435498
974762532
644005690
4090509594
3048864095
2097366246
2325772280
3457802902
4293062346
626344940
1258781371
1451345396
879308
605195925
3368570876
2930909107
4249672066
2395392105
645572685
1876757065
1893453250
675768697
1446696963
2905229542
351682553
777612043
2173045025
1815250757
1723874399
4285685306
3811367466
4006658647
2004108537
2801094791
464641689
3663412920
1353702556
890264288
3221637921
1669250912
1106220549
4185576491
3441634647
731684633
2519840129
447193884
4205780714
3572778952
2301579240
1460381834
2558960781
2636567600
630175883
3038109060
1730502634
2926375716
2260692028
1404067243
1576466970
323613030
2678835495
2198936296
3629113872
670287026
1179204440
3447993842
4284599738
4164163519
3293190973
391203965
2956521175
682667623
4214915788
4262587989
1449677971
1705076046
3333541602
3909334410
3776623404
4278338986
3678961701
1180578692
4083891051
4090777001
3475608420
2870535893
2079662657
4045282833
1886735720
3856037508
3313238333