1776273916
480586390
3156963307
2733036376
2677807559
1133275467
2431639883
2564837271
930706594
649758569
103300525
1295262449
444723858
849436137
528797498
826435580
1350736475
2908687469
1567847809
3654585806
3254309644
1969920047
3391274554
1209458234
1759597688
1543581919
1756799242
3273143476
3565356514
639991465
836118832
4136479153
2914958574
2448255343
462610407
875077728
2520182591
3750594401
1093632283
772972057
4290505278
1744389797
2758066199
3286463296
636995204
1625486777
3455011619
4078239603
591505614
168611729
480246241
3961216386
2152663576
2173655037
51999877
2211866892
4122192930
3939296118
3686972151
1930049054
2998461047
2790709947
1898609720
2518926445
81630349
4267942501
1230253496
1470045901
4035196505
1129642559
653155252
2899247122
2264489851
2085675297
3906153962
2304192499
378861109
2661831990
3173035943
306332194
122509050
4101347340
4096248203
4094788856
1147538153
3848893639
2566411318
