4160463360
3180220961
3517059686
3149347424
2689287431
970152900
2765364652
848466751
1722280407
2574246843
1751428814
1843520748
3558291832
213301382
1068939357
2002340797
3656907320
459168463
1500763362
4207998999
3969563153
1498341455
310080402
3768866133
3967941407
121629075
997692358
2217132529
1899321952
2751951158
2149718794
2033877014
2240552207
3240555835
3827863110
2131896939
1311893470
907839193
1956803756
1309073233
3406289272
1656474538
3785166754
2761361031
310004262
1002204234
3370499768
4227944481
3630456858
899162785
3594468980
84246445
1869409740
3598944654
3645384762
614916226
2269561570
1012444505
2532715244
2768325034
4175247634
1266438778
3202178665
1404285010
948991113
3889207964
19702781
2409015315
3252186950
987753745
1721119316
572382045
22975339
679889074
2611886043
4070023273
1433309042
232393674
742946753
2957413606
3064675095
3584097726
3865348998
1416188187
2193308973
1727060696
4218235561
2624276450
45028308
2529790078
201682014
3846361479
1966220470
841321159
1284445237
4222980308
3711545143
1710152290
2848700727
3278421008
3691862725
3459330697
1470142142
1068240364
693153335
2669309719
455540044
163328319
2001526314
3740315949
3095903157
825925569
2110109148
3670278584
2279260545
