773463163
1456047199
4216889846
1044819086
3580487700
3237566096
3008997697
2457104657
440656160
387038213
1663873129
3222867601
3965778047
3938148541
176240135
4194223980
2908772131
2048513670
3748152044
1097161017
3060821931
314179900
1034412025
3938672317
3669492427
1010130271
4271649340
3490685889
572809498
1526276257
679030553
565932814
3995361631
1589467366
3377237215
1241619233
1505641821
1936981814
2143058431
706108297
3833693066
2087912349
1763050155
2719556494
3759330712
4086233950
3918743456
2618821271
2799001214
1508420568
3292794551
3889126783
2998521801
3292137863
3553778002
470927473
684538623
3885123837
159653118
672956162
3381911295
3334910415
2377195560
2621227379
3435771314
3226252469
2029654772
184033971
3649473004
291853670
2941875590
3442075652
3926507597
2921586867
3879965201
3431531724
908295167
3457565952
437644469
200531244
2230160035
25358100
117684868
2292937183
590060063
3013858885
4116776257
288760356
1490971302
2764702573
4055287564
3985398917
559840117
4158608189
1844050377
285993182
1819385418
358411894
2018972034
2784568663
3689567278
4165339477
2229884504
659380375
3208316404
185123134
3659980898
3608958351
1520260430
1835547950
152735011
2116820541
