2060668450
2894846636
606006899
937676334
1462527086
1048380331
104326679
1101124440
1598799937
2579842365
1414765137
3424981148
3608306235
679913750
964697404
3237949538
1893417884
2244213178
1861875819
1378618636
441652176
3468461714
3494411864
1723397488
2959551199
1339590136
1767217543
1817497020
2087990411
1421896621
346242129
2609034789
2850507998
3660885579
3648424349
3602689302
2835487761
240143173
3443248040
3278042754
1842421615
2546308487
3853671836
2345541220
2292790655
1130467047
3016547829
873992230
60047669
732903745
3341258523
4163862704
3005900000
786368041
527609514
3624899214
3237027067
1216688663
800798605
300603411
3873087980
3962340832
4177746396
1813571109
3566228186
3079473746
2441685896
2649204182
1691837134
3787988823
1985248760
563710966
1732119873
2660954368
1711942497
2558702494
1410050599
1509874758
3435402588
2245413821
