3181076464
4228563630
3584520486
3225237563
1527208033
2963619804
1785428414
2777916976
1192264131
3732098479
3937623584
2857174529
1120646168
1514627164
1438814202
3974939059
159090500
1333155974
1215119996
1081004211
2094786374
1576279334
2749922441
2677357697
2889023034
674686553
2370450821
855675460
3148270688
2873802038
530643576
3603408234
4294768280
438178641
1927152222
3980038952
2958952325
876697893
4123682441
1273559872
3216235902
3417205676
2692963877
956918580
2727809861
1931021154
1402141694
2129252656
4056298405
1649476754
147866284
3375485649
233004226
1731257234
1530750716
447138147
1360931947
4171390940
3428177527
2586560748
4242316425
192337948
4112307275
3063684024
3117744934
3899226938
2314869493
2509118446
2774518517
3630264774
3293573064
1972575619
2311402576
2879638357
1218238817
3205236041
2860798223
3432417241
900374985
1425381975
3433811788
1987805996
2819969678
1509028405
1697954358
535889215
1227276727
21044680
3445715621
1473232700
2903162806
1630391050
1987290586
3365653181
1734058898
3758063799
2371519947
782568316
4029982105
440207025
2534136582
2668197432
4144044208
3872031453
953456654
1103182541
4279899634
2940594008
462488596
3362691000
3702932519
896298113
1976533173
1820537935
1874204987
2200036337
813676296
2714546051
435953541
4008231278
4170174977
990077731
891885482
2593756300
2342805518
3644076577
2238506259
3489502180
3330173317
1260069506
2826532734
219329697
1432077916
3397521890
29466603
1549133042
4139914240
772923984
2469450481
434032855
1087564338
718733671
2627653055
1518598228
4073337076
899748124
1009159301
564835800
49284791
4097406074
2632628210
396256398
3815374252
3741830377
69643308
2586759206
1570145504
1107740496
4177611324
2438480795
167816709
4027028149
1007428185
1393559681
940148104
3600740787
2427692480
2759789000
460042446
1308001130
2869168692
1537094762
1103713813
2177509528
3001882163
2212784872
4029525717
1110240493
3919318744
1174483391
3141763867
107517880
3840592729
1839146707
62558838
55255532
3488695431
2956377999
3670789298
1262411805
749762474
4247354750
295548852
2111541115
2554968591
2604812788
2667163213
2377561323
20449522
3958065118
546166476
806717746
3432018878
2799694963
2505454898
1639998551
3120480735
3689962888
2309028153
1104715946
1749475388
2143919062
2728225256
2989336770
2401064979
1477806441
2424589313
1815383341
2461609325
3890322290
1818728678
486230300
3935359490
ICANHAZNUMBRZprrrMEOW^@@^
1441886832
523140048
2217495043
2791796103
2860364672
1559540144
1791555193
2053086876
3963072124
3140085777
451349921
3054902486
4144668347
1064191731
1514445672
1002148682
258750065
2450869259
2859127835
3026810407
2304665541
210515427
3215619918
2213328858
567948032
989648236
368337879
2289527517
1588424361
1209102806
1905596348
1061633032
3773583961
2213820730
3483297022
3607825520
1350867052
2029813727
1595267627
203337442
2473340352
2450412397
1023667205
2814392266
3272858889
2094743580
3201750400
1148309813
113448007
4140111484
3286579638
438913842
2511326422
2147517251
3412415746
3187911652
2511479957
1039954286
108316117
3102269923
3369419890
2516358294
3351370920
391652018
267309727
1735070586
2651735392
2552349030
2633000276
4189850215
2040051315
2443886020
4027207605
3959103756
813643637
1996376063
3719788083
2818226031
225659097
790415510
2637775801
3917078866
2673028222
3966498588
1617055316
3674671518
53005706
3809106220
1597427372
3701486804
1602536585
1005948199
2087577054
299696631
705624241
1887785101
482712673
1337077292
2703168781
3958255293
1108496275
636470302
2586698152
4070167261
47449383
261512627
3738928529
4105802785
2917998418
1652693645
1795166087
2170746686
4193363874
172562774
4079467985
1870856649
893852137
1265891229
2098345108
1528138688
5039871
665701605
1448140697
3789198350
1404617374
2567450808
1144258080
2152485114
2487952688
3193588295
1544583344
216056159
4121147416
2427952959
3608236796
3635235763
845075195
1638052144
843894580
914530073
2865956183
4271653326
1918093891
4062837073
58503662
3736286570
4218170522