3242950851
1671119958
2477331965
486852136
514375991
1275088621
3931513212
1804557765
1198971193
2896644744
2130735282
1791947876
3513962901
1217699834
781411473
4074406594
1506393338
1487093257
2197064977
3874556038
223811213
3701388566
707954401
1096683827
2502469245
3421951212
399902351
413187604
3958670235
2542397503
4174684770
537355747
2276649833
841880554
4045636622
1114422503
2078256173
3887768547
3601603722
2824257440
2041727548
1606561081
3183837739
1287308247
2284062862
1611666048
3775577311
3307832294
1046403690
1220830384
3501090576
3696714292
91439518
3526825454
1714020069
4287001932
1396531705
1655366718
1791924934
3680546080
3060502035
2351399886
3888360063
3695213213
2062968676
282244583
3914289378
2116859123
2132038471
2530928859
