3360309906
3010926083
2334606009
284563871
3383481544
3107574922
277919051
1245848406
2650745719
1641593701
1662662618
2144402522
4258172348
3308293564
845908185
1534365953
716869499
1751576566
1603688110
2511797143
3847158506
3839867059
2878711829
4209192897
2406573096
620231112
269202051
1922441326
1177194541
3063188720
1624038104
1622000683
1546494272
2163520496
2963109871
2892051205
3032193297
2337213646
1233477136
2938090650
2111383152
236322382
2011487601
452625386
1199660580
3626300234
2163630408
1309303067
2371416732
2170986701
3450092045
2668546860
1452196624
112695921
3897642913
4247969980
882987834
2676380237
621633492
631613997
256319766
3385964777
3513227834
3244881719
1845996811
4172375486
4225293431
1439971092
2651047353
2610345229
132425048
3104837260
4140592779
2043574221
1507819180
1017072654
2481574750
2929460983
514891340
1608847439
3528345948
3537488260
1810128840
3168484728
958128538
959630997
4176208582
859319883
1782469770
3536796256
603625226
2663685107
669210289
483674700
2037355079
3053995385
3436661212
1992974966
2048078179
3565664434
758869359
2617186811
1336388515
2460025633
2758720590
1150107277
3337263658
868744885
737264780
3895223968
4044321411
1168198744
4074641593
2637457348
1756618140
1839262498
3268838906
3099707959
2748383098
