1651715885
633024267
2057203509
669170628
1476256377
3451618586
2987549475
142285545
3965372620
1771102163
3262349800
3727536908
1616743176
935173509
768835176
1096243983
4158245701
1424192239
737476901
828960436
2489841936
2051658612
3518547647
716369618
333435894
4100105981
896193417
419253950
113287250
647635798
2176404202
3143276720
4170273475
3127765758
3270073070
1235364343
1368424883
1693844037
2078187855
1291185895
3009597688
3297457122
3474012861
2587444840
2266030204
256024717
911576690
2241646694
2272035655
2778114954
927681368
4001459937
914265213
2095123304
775375332
2162996315
3181576647
2577025269
1933001288
3717418338
1094074673
1815546685
2649945446
2222472261
1094218219
964309098
3726778128
3358630716
29106606
242272682
1579411634
3630554420
164363996
1180178915
1603625571
3983775009
598707418
1148663363
3921266868
3462128399
3373470563
1415903141
3026903898
3941705129
2224531194
722863162
2492427029