570435729
1974450213
2520574009
894096329
4172392234
2776352653
1518226081
3757121095
4142917378
1987132590
794251284
1945963012
3336331417
2758499589
2560216013
1446778084
4149962056
2368495670
563548000
3762291686
1946098423
3556619171
2864535915
214038223
2993335234
1532356689
489481088
300099405
2779024720
4138093535
4185399478
3264855432
1855278957
4254999054
688759296
4085695840
729720531
3397270722
2713287594
622686399
1556784307
3769072083
2772387530
79708656
1489281690
2470318599
1190689065
2652710437
949264011
2580664554
3339406389
1825147523
997674233
158470626
2355050291
3846280226
2947485968
1990871690
1954875938
3360729929
500925511
1626816752
3856074601
