116926409
2422343757
918278437
1313781472
961856601
3642719502
3462888487
2110528575
894597947
2581040047
1720525610
1530934260
2237096094
271089068
685054006
1302732122
1231877500
2781889665
3185033983
3487460518
2499992753
1366257493
2915354812
1055463340
130881980
2116240586
2200557079
2007946903
2310717730
214141969
1432242213
2084164589
1005335675
5223187
2595677258
745875164
1671919726
446285004
2916843396
2056812048
2562137478
1015752958
1880348123
3577566076
4068163523
2885955329
3652515335
2833527692
2759010364
1682596096
3447685848
964379143
2232171482
3338448663
744358526
3049431212
3945897960
3346012041
252974554
3141584527
884556886
329654388
3196761893
1684733075
3969587368
360429098
1450533226
272497817
2615078229
2136307539
3559642711
4203044511
1653713271
3849232336
3479038936
3446856903
1318720996
2151892634
914805494
1978711164
3228477130
