1498286641
156338137
2187623484
3484839494
3740733922
1203796474
890575820
1370561555
1695249854
2169841584
2083474482
4290072734
586908489
1935652061
682900634
3510879103
1186117836
1796149878
2940507101
1600646276
839420485
2072785886
3849703480
3663211502
1707715078
816703357
4197537088
2725113502
534050229
2611986660
2403030350
1180370385
1990134251
1867351766
3311957713
3666234452
2683391265
482954604
2290055366
2422587122
1817480006
3146594006
2870670041
592704143
4268520657
3239288438
2256816988
1364667608
2105014279
2613104114
2224765216
3907417563
2024166399
3443086120
3687247317
642822376
2058052198
2022267776
2351615159
3690211668
1300850243
128340134
312113508
1465155774
1864079246
1226472406
2918035235
1532715228
1182225000
4072240665
2642290337
1534712799
899458062
3006358383
1525898670
3969038320
2864368334
1309243471
1453672239
3518735785
3254316891
2021573738
4150365585
1491691707
1707154486
1606756441
1613844647
2094894664
3913247632
3747772237
1991789201
1433500786
1743689718
2835267381
3728438421
2612271576
373059232
2890469434
2717613517
3773950985
4080219054