3008577818
2128574691
2149475837
1773374000
1070201129
2202829931
1976139809
3039638018
1203813995
2975477055
2340300001
980128627
2115025590
1170852495
1900750406
157649128
3681745914
2194463645
43341283
1565439910
686247416
2504777814
1918059388
2537397530
2643262619
4154448126
1333676455
1420326268
156082553
1718097088
2086600518
551356836
2936961799
1793475790
549045453
695327994
1870401496
39855999
2513708432
563276010
89312373
1720689440
1910090072
128902237
2280011699
3588317934
1271220812
1130282301
1582749845
4251885552
2934518286
735380900
554137600
1996790307
3015990566
4080235739
4015452334
23890177
2555708877
1795644981
4211714190
1446714337
491284994
815938105
2437897022
2059221716
3963877474
1951935213
1940334734
2960707165
785862670
3752847366
2939048240
3145519132
2890175912
1754962420
3581051133
743018262
2276517545
908367699
1667369641
2912663224
499610876
2751648360
4293537666
2496787664
3169091395
791179736
3578912769
3093623166
3355890026
856937860
3724395131
1351835796
2963030063
253718860
3881882944
545032768
2962156113
4275616475
2909235626
2815169738
2493662830
2956869353
2960693776
2127674845
384166988
2320127333
3690775839
1509579174
1097993771
1316073780
3867334668
2821952900
1612298383
1239250019
2435377233
1663600283
741012670
4139140399
655758424
2986363688
4291814332
3317584210
3096009182
12257320
652401218
1136887998
972954940
1992295738
686636888
2209660576
1724110648
3189996242
1236587411
1376047035
3288910054
4274355156
2998947775
3046352581
1253190508
3344884838
190258805
3118583696
1116675753
1245854659
1173745347
1058477806
684928071
2777805289
2479196790
2157755643
3888442298
3297282577
2543272222
3717131932
1918069262
1236256082
2126665968
2239732690
2336548853
572997110
1085885402
733744081
2613981883
415139303
2568395905
3898901519
3718547590
4110170237
2028030967
2023003360
2179201551
581770319
4097985002
2124548950
1338852405
1840635680
3010771176
1430887112
4059235988
2356215167
2766104742
2392055072
3643073871
1768394414
2862720098
1591062390
3739973121
3906497326
2360738390
3910982121
298989313
1046587360
2301192513
1027354227
1457375188
793438540
538005361
119107024
3931641771
1789370478
1059214026
2867494397
2623499799
1856497277
3251004916
1655790927
1471054327
2594806716
3989372308
242398623
296623352
3387038575
2788665555
3228225562
2091944193
116714562
212036368
4207145905
940321915
678169653
2496972449
3790611971
1192307927
274929108
1170394221
2773872631
328325612
2593736747
312998929
1090529112
1300379648
188865278
2467455862
3705230118
2800273285
4177447697
4155018469
2722843712
4197981533
3401209173
1516169368
886214273
473656096
3397369762
3961332649
781250986
3099067258
4200926317
4252491331
758691691
2738161992
952727167
1218604545
3560585785
4293003764
1881671822
1729456134
1910026851
2645447639
2569510301
3123221416
2167272403
63448495
1350578902
3963556504
2223042873
4009244962
2552170029
1080103356
639900485
3198596498
2317573193
2062886158
2386029363
359123166
2679473965
1266680415
2610120670
48535220
3420632267
231288754
389906858
2203055633
4255166409
466449278
2610134314
1638702006
1634013399
3925347227
641651409
116733442
1551111083
2662488210
1724492722
2303873411
2855070170
1013744780
3987317843
3709245627
991438124
2029621512
1884373167
2451299621
1419616764
205471425
2296921400
3887439650
3875999071
1422335350
2846967340
1735776446
1562552501
423431686
2626461916
124439668
2382149372
86891265
2222960324
1452894703
970544021
1194582291
4267234007
276723961
3828026295
4193843115
1982391587
1068248031
3111906742
2482127536
3329678714
4082436166