2486209170
3558743171
4042641844
249130048
301950281
2165990548
1684709748
3151552121
2619169092
823826221
744686162
904417963
1957344861
630214190
2198309265
687914602
931537723
2834609918
827467544
576086507
176352036
1867253299
488450984
3887696645
3112923972
3379350551
3232225030
3327913864
1076067209
16022541
4257275266
3969222613
1084169519
2095070484
2971872176
499048648
3422383884
2758007892
155189753
3494611542
3190307364
2322614267
1058330344
2454758405
1778929873
1339643558
1415974980
2099193232
1965189438
3429032626
747966177
54080786
1938979228
3209659991
3107518031
3926337436
670646208
1585138337
3047011052
913955033
3938679845
3726469605
3936972861
3596943683
2915518879
1026851432
1744530556
764250479
3168635423
959191603
739802720
3762496652
87221816
3655560967
2181906799
79552377
4170846613
573014428
201739488
426111940
1035865914
1695731510
3609147821
1543631186
3724829325
3979354353
529124391
2405161333
3795562875
1800804638
1887113771
4010221818
1761283528
359355493
2526548134
2030468145
3494081031
2349358608
2983912969
2028554622
2559544918
1393910010
638885602
1472576591
1195819109
1666830028
3803940493
3949736584
3347487709
3008584061
932832155
653633224
157725239
1612663806
2391463993
1869389488
2959871956
2284320239
1616857304
2507294688
1877831563
1112478835
3986983162
2257159464
3431448674
1775861073
1546152915
1549697293
2030447469
1990651249
170596062
2401819202
153871245
785261048
3161461903
1819608855
1098169003
3583691391
874161212
737244697
440483445
393214182
652342309
1304832925
10058016
2242502159
2883267314
467469208
642358579
421186979
826829806
2177376368
486778393
10973065
1511144736
450379398
4146680720
1610228467
764377431
709538696
3239424693
3530689565
1430032239
379961709
2743617762
3193542039
3077213397
1467508320
2944837209
1537611433
1861437137
1972195223
750261802
2371833735
3589596538
3740877184
2610963357
2861121952
3943163934
1064545159
3529542316
2151272948
3581092726
3678456707
1732415818
1962396074
2708884801
233650593
273724523
2924789408
880084576
2970125856
367174657
3090311818
2027307187
353703382
1174816106
396707277
1803197877
283820788