3121809682
2189117781
1324539324
1679227811
2633062919
2743197993
1746039720
3740099740
2772334235
487948793
3772959727
3794375626
3776739251
769557676
1574953304
2297950794
2973435966
432734494
2428775164
427756920
2884822866
1024926164
1490267481
3271140214
2142270919
3153919097
1513249801
2520258327
2270142114
697992259
1305515388
636463856
3792397689
940396271
3061279056
2867703425
1579715998
708838678
1337342518
1305410772
274500580
3741533658
256825367
1963947964
3580371760
389310000
978640577
3515827410
1586961798
457275499
2079742836
2451244684
369340629
1336728615
702668542
3762672981
675498230
1316639568
4142129375
3843217469
1548486671
298676593
804705401
2631785183
3137774487
731071029
908044834
3421620125
4147802723
3864266056
1997734005
1154935775
1347156151
989901970
3235549225
727305792
2210963700
2654113318
4234000549
2197734820
226821143
119592177
1995346076
4001797160
663542768
2077112069
2316364820
69442584
3663889720
4066921499
4152384780
1545960237
4273913125
768803489
2518608996
2293993209
4032267777
3605188916
206822744
2965110059
3435632856
3667917873
3432393229
357694190
20384576
2553301174
1756288970
4250460907
2768123135
1859894102
135382472
2097773543
2854065943
3480841556
3922782548
1592476699
528119828
3735916594
357700938
2923800335
431828060
1864606529
2433915936
2687423279
3353187399
2775870471
3174945379
3505040389
3155582026
3952640128
2708171580
138759359
1188936653
1311079319
3361847479
34373244
1563704768
1957094697
2480609046
3258356016
4284074229
2554220657
1971038429
352701245
106222718
4254725720
689284550
1555561934
2612759142
1008183970
202505460
102644562
2644072951
3614623817
2214179117
1971877480
3422996964
1791874964
3818907617
3735430193
367503677
4018368927
1217152124
2410083549
2218852130
1702681438
3957204298
3044218136
3421552210
813015980
3982995218
90660531
652568581
1989192292
233100237
2593070032
4273589293
4224400471
420071697
703555384
2575196369
3296200672
3509282255
2239668622
939659734
3019799300
2589544212