732897907
1355659686
1619642022
3757890718
3332250094
3278515318
1447060180
3322030752
1525991054
2931322831
3012142942
2776416701
1570540159
1159230831
3219385953
3638123423
4019454386
1662762363
3886741390
3192474138
3528171765
2512832276
2349077330
2734664035
1846875453
1209082282
3763583170
3713666151
2853504532
4049169758
3254080223
1765083057
3449819303
744822500
2516824339
855882032
4141964234
803114882
1596101613
2425848191
1376564785
1625086538
3885786197
3408784901
585021902
3169555667
3483482912
3326789628
335970381
1264994289
81311885
4231869949
77400760
1086210129
3595433489
293941469