230882424
3701355659
3146168292
3994250631
1657846735
1931468683
1822067549
836757768
2361146804
3385204116
2020339597
1672972240
523945536
2746541036
4191621876
4007855839
2265678521
1136727650
2890652351
4070253867
604892513
802560238
1309781021
3423292706
2380756713
699339305
396510249
2061945851
1514573829
1056850688
1041468857
1006987776
1799929292
2941805151
437149134
620355553
207345675
345622606
3349826504
182026886
18559489
973651275
336362600
3722404827
1019212477
2001377906
3120079409
109770632
3316617198
3994890945
634257788
3346178706
1717143726
2873674441
682981172
3587056582
3752607255
3803645877
566857068
964800497
4227055346
2980244830
2807806684
1829018849
3341897954
774300650
3404189108
653479973
491429317
3025926738
1288262944
925889231
1439240656
2025997482
1247445574
4016355836
2826128128
4002299045
3204584722
940014850
3636813085
2904755871
845767596
3018431134
4142987357
133795162
2464160633
2257221112
1508891085
2783312909
820437601
280149415
907059539
3631238483
550108808
2701423726
2415000120
896023000
4003991232
853308512
1178913953
3352845835
113388361
4091070737
1842928751
3433075133
501103951
4248750663
4082506034
3088982231
1205930466
310686895
1694298853
557249827
2274757474
2632177273
1972528641
1210387124
4219155917
3213965810
1405486447
1095729180
322997307
1595001782
1825570562
87780667
2649083773
3222152246
1780634519
2899802271
2768965901
185661232
3823159973
517847951
1196607460
3191375838
172431078
1985361413
1919901255
2635082461
2747555454
3734598376
2552242913
546776765
1976824110
390909633
165604089
4152413066
417658368
984112548
2656742480
1229355181
4038284883
1398389577
458489994
2677978431
3834687369
4088369478
3815622037
3450021162
1466026112
3134811316
244529289
3455414182
341035229
890614275
1727781879
299855052
1685957000
753115585
1798453613
3156052433
1614057142
3657195910
2752067151
1218346502
1139650679
1777628509
4181785824
4175365922
2991051190
17156335
1757673970
354381681
599711865
1790258092
2252810701
3993139558
3762853259
2326185929
2957788418
2498737837
1123842908
4044878838
4173417161
3051918417
2229511954
33594826
3184175281
3571398180
1327791060
1323077221
1273298838
2760195341
3733855528
1484580630
369062550
2246494314
3023133222
150602106
3940662197
1191255278
1214432881
528162786
3985641647
2859966026
2619839547
3948672352
586760592
1957724430
2364788260
3523986283
3126262524
3181053534
1649681129
4200491036
4062855544
3822227681
2848755076
1778195433
664521676
1614797062
3908911487
1626938043
336072851
2640317990
3969147135
2936892835
1555747009
1994878448
431514106
1546930970
3163129893
1437205936
2264046869
3111088231
894952205
2105916468
170896576
3321631832
2410325159
294470148
2194512094
3857006262
931262013
3317270785
1707281420
608656560
3336101513
1707380054
112026924
3578530227
671609924
2432941944
3661595468
3834603161
3627508409
2623397230
663994883
3362154738
4058751539
1720557654
1056775667
69391886
635299617
4061777989
1523870886
1171382000
1520939014
3845315209
3906545139
262470465