2385958644
1693530167
3052233291
3273905171
1883327676
3612525175
169114813
174406301
431563184
3401862110
3255956810
3040933579
919414283
3945950801
2605230961
3874167287
870519620
2692913831
1960696352
3514670807
2951144652
2260627867
1185796639
2004611190
3148745106
4029017385
547994804
994283112
2251132084
3280291237
2252383295
2588079908
2565916987
2816032205
4207246868
1110086998
3430592988
1222333049
3649735496
3664780216
1761946359
1849955623
3444774296
2132958440
2736800653
874243713
200819674
1007521660
2731043704
220688017
2811723702
3237628408
2851537203
2307699856
4265994769
1602411924
883019418
879107845
2977215199
1554125188
211486406
4265358965
839829731
1794268436
856160446
1342679947
1323408949
4184972088
1569661182
3278693146
1415690400
2265120981
3872438518
3520370891
301914426
3570590871
181082049
760055534
894996648
806041737
2974596502
1366285103
753057302
3702666402
3595147563
4007705181
3853420908
4279942621
3631955704
3346312153
3638236549
3043966838
3464423822
