3531074907
493185598
2534923184
2710881243
3343074758
1223575265
1734511838
1927478192
1503388264
3266616608
2510172720
4118650513
4051642681
2745389523
1025494780
2946751892
323538866
1221872201
1376953779
4100189506
1770647046
3278251430
2034911467
3364523066
1910628362
3872498863
2751920167
2878051985
2923835916
4195358462
1770933834
112977866
3139044430
1340073735
3620665822
1572010641
1159041855
3213014382
3760649697
507691132
3576561354
3461042541
2071590038
1746750290
437397017
508726772
1816503097
2418836096
2050762277
3718346779
1428881572
2869352890
3985461685
3715065095
782656536
3815628068
4075813252
577638962
4281448047
3395894143
1823482002
652293182
1012435096
2413866492
3974380611
3665432692
1016401172
3186444145
3202916444
904917865
1411040820
329949502
3025792141
1316279075
2567934015
1039514960
3048844319
2788802653
4009651380
2892715738
3044608007
3227210717
3158868491
1115077082
1279814270
3613173596
233029196
1435844500
2829980701
2703259097
2634741582
3284534281
1825918248
584299814
1528876930
1985532147
1793394399
1803022366
251698526
509544825
