3964661066
1140301888
3918997923
1935033758
2869824020
941606533
1201352765
553436346
2795317974
1779310401
3270748869
3561010220
3085931738
2884566893
1687376922
3639944317
1203927860
1936564598
2593602352
1399974635
1081830993
1210798911
3934617539
3395243956
2512560203
1659841582
3786714397
2903296170
1437527869
848415231
4057716155
116692384
2443442795
2087372528
3127269335
1035461446
2846375419
834734408
2387303082
4289057875
3772069444
154143947
3076829564
3158894269
1548630094
33964417
1427587301
1956705823
169207018
1173393080
2354778506
1267650357
507406666
3249219207
1725971375
1792793663
1546039105
2253973142
2856494320
2354250770
290636089
2581290198
3998729551
2256182991
2073029996
1124430388
3628857818
2954021302
3157881456
1787388690
4162820108
622518145
3289165845
2519265962
109894358
2663606805
2103889239
3068062755
3588874922
3992264698
4110207824
3772240070
1471682287
1101409759
2564537313
2464235031
691162909
1755154548
4133515747
872494773
3006449237
3118957824
3914631305
1552759869
2480763716
2519586046
1455624977
3619643534
170593287
3196315226
3506912310
2963155396
2983718849
2113328747
3229341670
3278815762
3356447504
491223929
2700444437
144126558
1259773692
597022558
696205177
1244659320
1604136942
3940693066
1800758370
3184305880
3739794794
1459579859
240688353
7026607
411417683
558597156
1940147943
2826055448
3620181534
867252370
2123105257
1483771454
2846797969
4132578992
3739611608
1040187394
2768719176
2035230226
1427335645
2730857412
2111339636
2185761360
2140510607
757557674
2713171138
1173843664
3970028059
3755478801
2843099208
2886887437
577195709
103050346
722223114
3185801184
2833806506
1518063609
2915014463
3905578497
3445387781
1215895306
2347918664
1625256400
884780877
2771965062
2386564746
1734908491
834713787
4036845059
1660734244
1776118123
896377827
3527975669
2237463911
4008949415
1004283872
1389183549
3937831137
4084848094
146285902
2292870657
4191874255
2098521059
2410736280
4014078606
722605393
3711490909
642295050
2401569196
2149142284
287604144
160896312
1282810233
850811158
1137169796
4272746795
638736143
535722381
4291984485
4022970871
2784239433
3271967503
1109111783
4076008196
3486043927
196897596
2786037241
1350117826
2383241001
3377553996
913604296
1421508854
3213528018
871018309
3472584115
2595090508
3494045754
219452599
2673210983
3208442377
525695066
183621348
3790799170
3136602617
3817060890
623345826
3621490341
2521004753
1030881878
3603235386
3957035072
3581177715
1008050890
4052623353
125348962
3211952851
3511960590
4159450255
1341557436
3827925881
387370065
675607642
4235707495
4172567600
4266120964
2917695097
2074845726
4273221697
584193701
1802066691
2268979249
1810923399
1421219378
2387514138
4089010301
786989060
2959554088
902520554
3419712586
4028460772
2850763092
2291002332
1571604
2071583441
3819042315
3811551995
216794691
4042854878
2772240344
3510272338
1335812898
3270264747
2192337872
137886310
2215206852
3072729167
1964339948
961349966
3607322673
299599934
3441449056
2188228366
3958204610
3750706946
3839168265
139390483
1671925241
341445849
2206166658
2590569111
153752464
886695437
3917220806
1344715575
444596292
2946130936
1264959204
1699794339
2055468108
412743562
1911052905
3150810612
4289811160
4031231025
924858881
2904035640
1265066680
418255684
2222180499
383474727
2596869645
1176009721
3585206766
2942209601
3618058112
668371176
2886441390
2731506287
3670721792
4228710851
1129815309
2651991703
3516603570
1976070216
3517307745
2149582283
1568851200
1408653628
2954810141
1427301044
1794887821
1120673712
1448825663
1494125400
163077476
3149315328
3573944205
1458943203
1672487597
3978942248
4043512139
4218885980
909001647
3187362193
2053818174
2775303157
1967267585
2462191014
3686068127
737755167
2183856378
1454751032
4090199439
2824532874
1625303855
2388220730
1062592456
3342831114
3105972420
3378577053
4269525107
3009337534
859523661
1273879196
1577465176
3912968739
3644137729
328324340
2805521533
3101453731
2513866279
3038058043
2790962421
584912728
1450994911
294053000
2133106677
959807115
1529513866
2807196453
1804536900
2233772739
2743677372
2119660846
589767376
2713223341
256111847
1705288952
1948086752
373052314
2321788803
3668792425
4085073783
439803583
2523220553
2882869843
35892311
1617777940
2466554759