2369416234
2032077959
139915770
3536085163
1650632725
746597626
3193372872
1580709667
186856538
2310697564
2693739138
4129330363
352470996
2822738080
3531775542
3423063283
1477310182
3968831777
4058376976
533193237
3067218467
3920309657
2377056184
3495472477
1555599800
3275212045
918055073
1896047547
3493919958
1357721015
1366227564
3317054175
3934440844
2427936270
2024391131
2880892618
2903377813
4010082954
3144563005
340975630
2720813370
751454394
3170152131
814759161
542026698
2668867494
1445241356
3477412204
1694903805
581884191
1271308638
911525430
1844823777
221510346
2990952706
1721689497
4123944489
1636976657
3191801354
1326549525
1163350819
3064472732
4010998608
4021282197
2290904339
2202609425
713944439
4070566528
2284283574
4091297644
4104738661
2253932814
879794889
3171243085
709689105
2659721234
1616343141
4018550900
62119135
1807771070
1394002601
2724899228
1354199366
1226156006
3146282102
1899845025
3720491061
1397282850
344364653
285624917
3374555487
4208431262
2372633941
221536377
2860467666
249850392
3484327762
4012289266
1282965797
2971230389
62472441
1970135662
1727477188
3933378684
1467114198
767643294
822204336
4064800957
3994352837
872458330
253380264
3936290416
2791565433
3745243407
2015683266
941675849
124568846
1673069107
3515498615
2331110132
2085574004
3991281210
3361372652
