4128249478
1540293843
2647867534
1464777555
862382408
502894275
1778596682
2686780467
3026935814
3094428967
414691912
1119176069
2683573566
467886292
3883181311
107660400
1466013089
2600244749
1332136639
3150603872
462818281
2386032764
3363806470
3512263543
1450832510
2007045838
141633419
3322509581
4231221507
3420386973
3700624579
2161392316
4680209
1650527511
3973351779
899190279
2653988247
3133080217
1895846774
850063885
4178355976
2459249146
2530812017
2049829933
1305662972
1372810935
3845790672
4124074450
157602465
2783310305
4241701508
804499740
892801995
3313523812
449264414
2124698356
841684692
1064014703
2145977225
3228113902
2250202557
2089917309
4191745069
3936381009
3728577418
3436307761
527226567
973472543
2905095901
4111966942
4050686048
3366528182
3696549245
185039753
1592796971
2916957163
2488765189
1224206565
2167041871
2538275147
2944044252
902569373
528048255
1312398599
1177528147
3819124552
2999974055
784032974
390860783
1808826511
3465639953
4167854579
3018506960
1441106941
3875359608
963618571
432841351
1552875009
1808651147
3410205715
1721655234
3984113623
1376622737
2487262984
1607203070
3294422146
3294341482
1741724524
3068634005
433578029
4247835565
3305458785
3537503071
2195367561
4185914955
1379474885