1073832623
382822679
1908027862
2902501754
992857161
2274819181
294521955
1170283946
2465005480
3145730337
1513525658
985340247
4182897746
3954524905
3794043256
1736639277
2204264908
2500111620
1164866940
2991065403
2715231856
267654581
3357023306
4154377442
3450740075
3962462806
2577345232
849605915
767555429
1651905923
188421347
1440960074
339836409
1170814302
3271502713
40744462
1005419521
2421354151
1521252932
241165156
2042786725
2215016565
3384901571
1820781612
1907569302
3040968437
1147120315
2548184281
3827588082
2998325425
2729030633
1651866046
4282388429
1083930542
3205646222
2108299218
2019394386
2673698186
2576133685
3083721886
830939769
1129134158
705849980
956449644
662534648
2022892729
1745789810
1075720260
3356552857
3827785422
2538439240
3308033956
2730133788
767660684
3235135390
3584620427
270315676
3775314888
2818014846
743820464
3202112009
1949691528
233813821
3502035357
1063371275
3772618076
3159969866
1889619262
1778044209
2269585141
2157134794
427344024
657877911
1953821052
4203954108
3505300069
2341833868
759354104
3339631049
2552397095
4018248826
4074470631
230345716
3131375859
4287944923
2094784870
3379888259
2654797575
20884358
3787275596
301730786
3716934899
2330952601
1393044977
2922609781
1203627193
1566667975
257758856
509066019
2565638860
100957812
2855161413
3466892784
1661982769
1826708767
2583956210
1979407011
4266171368
722992340
506481228
3493643458
3457858421
749465645
433971369
879643830
401513574
2433262200
447475705
2865672953
331161690
4003792981
74797041
2401072354
563293926
3642894289
264423907
1487885444
2425078726
3919556371
2152117519
2163344308
733990198