2991741903
1219293399
2491981673
1036205327
1449823407
143440243
888707532
3269367956
175190125
2956151089
1634344632
2319956358
3610840582
3367993752
192594379
2383359959
2833612828
4068544391
735077822
3581685495
2695568456
2305268227
397797425
199044884
2641980127
1949585501
949772991
2891229523
3087226023
625367141
3315952297
469206626
1620267097
3561226554
658231994
2980180170
263503470
3078939547
1982245370
1077888181
2876500168
2684511709
2271999718
1797508872
2896733475
2422798881
4223777067
436318126
4275286489
800622164
4045930227
3703273965
786183868
3499639250
333586523
1086124624
1415757931
989910752
1132065357
3292680788
1363358155
2333965262
1614291752
2837864600
677443119
561900515
3407741459
1355804400
3367501534
848192965
1149531987
3185210351
2833505508
285604162
942709845
2204870645
1401905261
343053861
2334177477
1025261438
4100287066
1114335463
2991201701
881722613
665746268
2102579114
961217364
3126491221
793371578
3038555463
4070556391
2424071208
1871642572
1912154611
3520615219
3098000116
836543463
3999569424
1737634266
3107887420
341869386
929295636
823572919
843437885
2656114878
2479076546
2768139860
1192038748
3856288918
4118357435
591745341
726098018
3298998602
3701561915
1067971056
3924983354
2684839169
3917448722
1951485237
1984885691
2881495405
2096372492
338469363
2880434875
244139487
3145210588
3367558390
2177571274
1954867249
1580907597
1470307920
573739420
4066428891
829680621
1456781754
667817296
543954549
306142940
964445201
524447619
3554868478
1654447867
215132997
2162191828
14347973
3562091872
3127400611
4161345862
3313139717
2363191251
283634945
1615182691
157451440
2238733040
2844251510
2101369696
202342500
2033743215