4142503307
3756597344
2092126880
964582878
2745079180
2319621698
1009134506
3669079055
913029766
4258627393
282879045
2058282125
630250404
2790507980
1337403545
428478024
2163058476
34365828
2367671751
1679579530
3298109665
732581670
1245553653
3701276443
3275994084
1766145987
2682559917
2029343631
306907883
1306573891
1496317237
2478591643
1417420249
1838950857
4057761073
2712391909
74637708
2472200424
1568254678
3891348315
2813798614
2041477863
2887902309
3449461724
2986264594
2270249824
3037560172
1870314278
1059529581
264555397
1684198737
878684320
3559338510
2560037831
2526032626
1168525056
2434137918
762300999
377423891
156221755
3741094973
2136430308
2443529240
2166798079
538405393
1109218466
2539204973
428127529
1223287615
4052917235
229891429
3387364193
740900771
3247549317
3647141307
2989112169
2631119277
570656572
848506123
1124949347
4129324498
4111724128
1777469936
1783260606
66881156
1498477375
319599581
13341975
3788684650
2788005028
3364722338
1147438348
311158726
2196662842
1588905910
817144945
1607072227
866425737
1983233790
2637930025
1948391179
1492055452
1489791683
48189448
2580795953
1017958806
4222118620
1444565098
1120766015
1835592204
2987733251
606750030
2316779131
2349183193
624517161
3376744836
3328735082
1424733125
1512114750
610837374
787114937
2289808483
2042010274
777352858
1245303988
4155325469
536791571
3145239998
682802598
1618157591
2151135003
4224717802
391891747
2449983487
4258478039
810277693
837161058
3220955711
634937484
4174915848
1838706464
3621699281
777572057
3984797743
2640631362
3977453019
137173183
2410086384
1491947934
560761161
1652089648
2354912857
2699411334
3744805068
2717559293
2332908701
1211545792
4221113951
1221558296
1565440516
906105043
3648315496
1310110322
2527652199
528467066
3705220171
890849310
349879647
3954407736
2097341594
3318023231
2136772472
1218321214
358710402
1223520002
3859982924
61570698
626424109
3828876797
2780374070
1383376368
3209100261
3288174935
201118245
1282513657
2926667469
3193627515
2688140961
2299471665
2839161929
2624566809
1581052361
1506793732
3219180103
2527193298
4073340545
2174579735
2150606618
773602316
2798885937
2180234846
2733743945
2897450045
3989230586
1207968264
2360237715
922570044
347168546
2078392291
1061133261
2575536916
265379246
93551685
3971528747
640865982
2795400790
2072365933
705607696
1332818131
4276321745
131005579
902084891
418185750
4000092887
2977124741
3396011381
642038962
1604536448
3169638466
3676822678
2014789
2031786028
1984934321
3675273522