2578167294
864269536
769940592
3973839672
2530280415
611944867
2861477079
343428102
2471082168
4258566910
794407902
2783009342
3334871860
289092635
1482045621
119373716
1367330634
1781204426
2444639035
30946332
110961831
700041809
3604484685
448094609
334663007
520222590
2602697219
2053289407
3793483015
1761171273
885001188
1861171488
4212527384
4103074728
1622567031
521503728
3745140395
735117109
532796850
4256190231
2420013414
3085339749
3807075110
1698513482
3319822087
1507170127
2956034592
4301137
158630018
429638010
2926680005
3777209154
1837102023
3219960439
2594686933
2962186214
1538393877
1369319294
868398839
3453073537
4213839252
3006531452
852635573
2960540079
1484612931
3824953459
3893523408
3802496755
2910754569
81692467
2794877798
1957983742
139461201
4203765666
738948521
2841879803
11464583
3366065141
465870911
1281418805
570776447
2505779568
3306087548
2351897688
2673431752
3872248425
2844851807
415120809
1789569854
3759112839
1837509228
1553287554
2969485340
1535343423
2893105670
2028283218
3585718382
3558920276
329726285
3219564928
2959092711
172104896
3825385653
1314624016
2752609377
593749820
3076680055
4146119647
477342763
3921288149
446165619
2892765249
1436764313
1558204491
2765582531
927076715
3747317340
3146680626
2865339380
1482537464
1731835012
40644029
1496639878
3797236045
2197951305
1791736825
4045869910
884077833
123699155
827082942
951441411
2108548076
305819081
1127777495
370385913
1084173031
2273849305
46716763
660809666
856150946
3626515077
3867289954
3801294275
3202130119
1493243872
742902748
192962536
3702096294
1546817032
1735721524
4272911058
367919384
3484024488
3560482976
3068914408
2092540592
3169392855
134708236
703251359
1962500743
3167536506
3222830007
1643943275
1608411311
1396172559
2266020479
1350339628
1887986492
2492470609
3856417331
1537207811
255293241
4267392460
2557676789
3500463917
1415069516
2787627098
1146860386
2798621219
1239806445
2396278168