2751751161
3208570307
2723640700
1450870178
836304467
209228418
1012950042
2368136594
2953890080
3543049471
4283440992
2739936747
3573266423
245897823
2380146226
1537716379
2181918374
830181344
1424121515
2764810603
489259234
2370808169
709029807
2186965515
1505029523
4170711830
3857564621
2319392013
2155489005
363585867
305895617
1119310031
295416810
3276274300
1504864696
2587354495
3371433306
3904082463
3975364976
1511555652
3569645362
116553985
404824080
2513804051
8851527
3549712219
1080281692
4043526046
3001852977
3797274736
4115732996
1761997083
3377860088
1353846844
593953466
3898863599
3437362934
3855436406
2189711635
3868514523
2805926336
1338098718
764054467
1490989077
965545918
1414367392
3661219263
1600444312
1193688952
3828496837
1811744429
1291736259
3676093494
3029078950
1440016252
509604155
1942714702
3218955625
3425561325
3836265040
4169639118
1734437217
454165238
3447053603
2549192391
214277022
3026554537
1753853246
1089629633
588425564
1348549327
3798740070
830130519
1098108116
99322024
3631061863
3261338472
1277682369
2822356172
1764947538
4096457999
216958292
547827984