3937540524
702196405
3904225171
3670878743
2389523748
3847536908
2536046030
1824291470
178058834
486522342
2174666631
81800550
4258329162
3728418001
3911128242
1486170830
3154402169
3242358089
1558371837
192496292
2354370601
3888243776
3197556317
658512164
4004928202
1256335733
253309790
24532344
892233409
3203509003
3180522047
673902483
2697724171
4152792977
3699076164
3350859014
3094321602
3751614218
73882847
1906007079
1232501530
2548251800
639190137
1000426775
2126639854
1815288903
2304602188
1982050965
148978632
1637813811
4292241784
1203901113
370845876
2201461290
989057207
517710044
2696227741
3741387535
2891774686
1715119897
2280796384
544050915
1194306588
1718271852
2948180012
2863162189
2224276837
1644553676
17784808
717147495
3351271441
2039074726
3430202421
1300497041
289265504
1676379085
2761535594
71265351
2802610350
2180040507
135568063
861393770
3553775793
1942400731
3956323364
4181398689
2775663318
1775289282
4128561619
3213284714
2084323007
1643843446
3898196505
311672172
2181355875
904266456
1987565166
2403580445
1644461259
3778989376
3896470457
1190193518
370515482
511091582
2466552610
2174908313
903439974
235408708
1690659225
1900512333
3073911848
2774812620
780746701
4199106582
4059354972
1149545887
3762350418
2077072085
802234215
1817910877
1401576327
2538934593
451242558
3197366782
2711607866
2265816649
945346331
3205312813
2422427546
246105842
1467241860
2551985301
2712250814
3198816743
914983963
2582670093
2526380671
3780525934
1868676356
1027663994
4168070903
872368222
4258077858
3009701375
3671426919
1032142599
1103068414
2569318924
1834521426
2919323824
1587203076
5498805
1495147123
460686610
2730331658
680244172
3232857734
1685177922
3459553219
1156163299
3782018532
1865693856
3936338519
1255972137
3564607510
1235048936
546674418
4276011910
2357344246
720423533
313127528
3536015201
2868949265
813745927
3725554477
2158382882
4206517317
4140369734
1418132081
3094192942
2115905585
3221160946
1283847638
4124987888
2285603583
2656107637
1441991843
1980050854
1155979775
183675916
541719643
2942662000
4048193780
2390984576
2899385756
2307574137
3118330974
2370579741
616565929
3125364313
2641581408
3636070993
4282836462
1658984777
306307953
2194807562
1202626247
3568319271
2237674472
907616998
2641997983
2259243826
3122293688
4155736006
1528166643
4216682964
1031489615
3877664851
1666918502
3860397403
1937705968
3470413816
2870024071
2461313780
1119729309
3874050917
1752153304
2049020026
4262736903
1376736055
844986324
39118905
2349138726
2837320451
3852519098
164403693
3738732596
1790901431
898378201
2139800226
3994371406
3618225195
974659665
1100686201
4050940180
1799983909
649570591
969282605
1573209125
1871710266
188016767
313598594
800541581
1485048467
832541523
954897583
1892950259
2383591118
1971432017
3134417879
3962129409
3175872265
2993824308
4105998486
3032294243
805289488
2714667441
1602877822
711789258
2458663982
2575622911
3532267486
2722170488
1326427288
59328333
3740902662
150732341
395902391
157960321
3733765182
684041751
2479150065
100457677
3999882008
1940636834
736942339
249788138
1582705448
2797553293
2069536360
205105744
2766675631
1909903998
1855567385
1994319819
3527837476
554118433
760261985
3043556644
1126263477
615979106
2324990825
1280639841
331651975
3407608556
2651635327
3494652356
882417863
1804142203
1944600144
1992921277
2470242494
1039354510
326879606
1270898620
2054087376
3506515712
3966404337
1294318558
2341378612
1138634969
908245664
846335755
1881523442
923282349
1404581983
2550537598
3980750584
913915829
139903531
139563414
2261261457
469020806
904147087
1551183629
2737253898
167874158
335277927
3126256240
4203600537
3911938328
2746618794
2857701382
46875768
2781936867
2115427847
543058514
2984559164
2451733121
4151266786
810021584
779994373
255474957
403997826
1241415296
2317773364
3455009980
253056405
3810580265
3061756162
114986615
914212576
1240808262
2362332056
2814705124
3955650606
1563504083
1587620918
3641975283
1507033734
1347635018
4096993972
133278069
3714678029
3195683953
1353589433
3002676081
972192276
1715260492
3730113319
3207949282
2342702238
946821424
1919420352
201646407
356732372
4181243279
1916303606
2352985207
4252473651
1506542842
102863400
2308614727
2249812798
4117599861
2704607464
2136762908
874950670
1490165093
4044933734
3104332603
1008450142
483032570
3730191779
3966710512
2957879385
1280269698
3674756745
2713520085
1735154807
1169318315
3768720409
899299248
661648920
4130218969
4285945865
1938199673
1037661058
1525022658
3143813269
3454698231
3949176356
2361807604
2556533956
2640882155
691840180
3518655782
2994781996
4146990805
513734285
70471182
621199280
1838068682
3997362771
218886365
3880420733
2724216321
895569297
1743441014
1987799211
1503763633
3699139039
3073769227
2882413848
3304802302
2256986870
2028476830
3880417212
2514427045
3170034492
2264169931
21522916
1468554056
3202063773
1942277735
976716060
1446591861
436452962
2797379477
2473175975
1676260483
2974908470
2672466598
1056131094
3001974668
436536583
3668677799
1098910118
4049424717
455611674
3642490697
1503028131
1088971601
3024615820
2835330193
676271291
4186568295
1085484372
4216775888
3962931765
2714017413
777515328
2431374761
3038683953
2497089231
2319469091
793696301
1459949127
448624040
4228791046
577001815
1918693305
2645556272
3256704683
1459108667
3720536327
3773684905
2524758402
3257609482
328536958
2696720471
2440828464
817962327
1391876323
3625020170
3792186333
3393134360
2054419774
2000944271
2890767578
1300347258
1296144988
2172161673
1915377114
1889226069
1607315248
455247486
4141703192
386401433
1428225736
2165889757
558136004
3122136356
2649072774
2815947023
590007034
1820933503
1565802936
635745177
3372888348
222778521
3688074315
742468127
635108467
701094546
3860798296
420707827
3062867320
2928544475
2879961609
1673679011
527842272
2780526757
1072979876
2277381169
765561048
4256786225
3335160089
586680347
1019969891
990960821
268418562
262768947
1603063805
43854077
3040883516
495563772
2239622957
1507531183
3243570658
4252355334
3768775099
2058061579
1853645835
1672252752
3919627918
3334264831
852666495
2869194562
398580802
1491440027
3964212521
3829034837
810341975
4239850715
3696746774
148720836
1014393040
1347192193
721431466
737646711
1153967230
858653482
903893500
843360842
3292129351
2115435071
1332559975
2048787575
63026152
2067041881
3546650933
3040735106
3799037040
257040936
2408525195
1580296863
3795986015
3198073410
2428845695
222644708
1593595871
2224459502
1942689192
3783630516
3022641139
3569583911
4247637816
3012196017
3072979263
3038820032