951533140
3724061789
2497303901
3346411943
522728893
4148713954
2316735941
2130224008
3269023045
2457491789
3793774890
2658324382
1855313245
3987020358
2519847523
1709610525
2008368405
3286127543
3892947502
2515369705
1709201159
3529973899
2959316182
2157838065
878990241
2387682734
422684545
1593231030
2523856700
2650081357
3116907117
573600845
1200408127
1440909222
620171493
1973096391
1327426176
604090487
1842937713
427602615
998349905
1622821710
2013268303
3055036119
2247875611
597213875
2095996899
564813893
336982248
491410177
4049253222
3786056737
1008598174
3974689390
137858837
2234897816
2573826009
3991424786
1977694401
3349430087
3476388188
1053551197
3231678375
2292915632
1800130684
3310261162
2586614903
2802067389
4127885472
4005224949
1106882915
3071798468
2517316770
3855905355
3531434126
1182764083
2344800493
487639722
301869920
1606974906
2861594720
3611296294
2080083414
295017348
2037549684
1214088256
