2360170587
1913291355
2012215636
1420837482
86157202
975302989
2159862828
2627980530
486628412
3189770686
1945293575
748299195
661927094
1867463382
352785159
3948491671
1643037255
2908527602
3134648127
1251862237
510980815
2785809211
3697252828
1938795969
3675234331
4075436957
1469625548
3072318830
154593915
857333096
104211685
3630038057
2820354706
2235259882
2306412873
401780478
2008391390
751007468
199607310
3299506949
646055539
3387699062
2219671176
2737560382
4082014207
1078152525
3051789368
456480561
2621834793
681116581
4081442554
754998915
2313654118
2027628996
1004954475
1402473413
4152894476
3841556950
3733832834
183487528
2192153958
38519411
1768415835
1423935328
168071830
2201754977
2663942012
2127722567
845455687
669893393
3906731486
3771417220
797885465
4166528612
1569185125
988306470
1055717537
3038023489
945533064
2985317262
1510348067
2165408165
2849865530
3560500878
3634239225
1405348577
2144894539
1549902595
1003265974
2195770633
743767250
358853334
1989565661
18011664
3861284380
1675778548
3302779595
2449310327
3560374367
3974371212
3556857767
3603540124
752026377
1324721981
1661661777
1590679617
3491969546
2860091811
3730654921
4194571376
562285920
2675629385
4130441560
2793043967
1447448899
1787439198
3772426008
2556170682
1447914465
705646170
2830572419
3722860375
1127738719
2997126039
3387430424
370064621
1661117431
2134159569
3147405760
1377358955
2195519020
3847104974
1161904959
2756063278
1225718311
1587621925
3060699758
2739623007
3117772727
161296031
1857893329
208295891
1826855748
1452513809
1758922332
3591234284
2476152981
754822557
291502039
4022766021
2609607385
3638056219
779290809
2064604745
4058357248
2424123861
103642262
2549788166
589726523
1500387850
1743704751
4234684031
2286318824
3889692548
1287295769
3511492728
3735830770
2322985355
2657860255
3774715426
389354490
4188913895
2608246329
382429132
3972916906
946362099
951949355
2429723763
1003230860
2528221710
620149350
1459208223
1862987230
270754269
1511557496
1301339540
4145862792
2323191069
18724129
503349343
3034984322
2709480738
2204693345
2659560853
2763944807
4121767007
3108542531
2056236531
1654173385
3305612704
362286258
4059857054
253952518
530797044
2977470969
1799780326