1884222733
4235426948
3032636495
2772588161
79564059
3815890390
3830373163
4233123809
1009605674
428567546
3356875871
1396169593
1720289927
366188190
3568290921
99442055
80589292
2873310241
36165530
528864977
1454282124
3653187477
2169368138
1293868981
2329422576
3186661655
2711491394
3208255568
2605205008
1193030550
2498885111
3789965384
2362274570
2796181519
1899060733
2979894546
3100253948
3994025540
2318409330
1929203366
1144663607
3095252778
1034696140
3803578699
344033939
3393361043
1397898077
4090796001
3489631344
4253071596
4052326066
3109683637
266700404
938293694
4275494933
1815397761
502300960
1015144314
4199078614
3883659132
643442294
1441153728
478544070
1825203591
1450862122
2537319732
708999823
3945442047
4149190012
4265077760
309106011
11298615
3322540254
3957581910
822283468
4215855196
3874663568
4086856900
2200052097
942950680
3610199272
1833908808
1939948202
3104509741
3315028125
3458496484
3398000095
3024172534
3656999024
54848649
3302643593
538904981
2505612034
2425734580
3772603243
961965581
2864234535
1024174667
2380504029
392739996
3152657810
1732833883
1058340325
3319773915
3552721756
1987174450
2008684394
836450242
16244993
3757591590
3108075018
3490764499
2208246992
1918188043
2396289802
3977208032
455045536
4091785412
465648252
3624139658
1857734346
453797694
1073213703
2813497267
4091909135
1232366954
3146652093
2876661993
349994613
1109446688
70060005
1933467902
1344142727
2381332628
128578127
4086438532
941997669
2989901738
2304747621
1433178670
133005748
3314094372
232011537
1762052008
2217186445
1203040547
2246947277
3119122939
1673287370
2363122174
1150117997
2789319976
69910603
1157842221
1190569554
1359309902
2342333760
1440435951
2160194437
3141151668
2374192190
1299802414
3379938089
3126342445
1590164679
3608220434
183472768
1495733197
1006283256
2729522274
2796242385
614641164
382118743
159790970
1490839212
1983785524
861951099
3308278557
4098193209
2945063470
2473275837
2219734582
2189698611
1930089065
2141727766
2306263174
424523207
682738869
3305405587
386581239
2509752789
515040075
946720911
3142383207
4259051537
3708321763
3941152806
4103876269
1678790901
75131764
3861879918
4129364204
1890791075
1361253828
1082100687
295513205
925392569
1893211528
73499692
4134478339
4077263276
798972654
1615368583
1232438304
3559304306
2967941823
2061947344
294803279
2837093646
342583872
3267015467