1473743959
466478582
1033484105
445971239
1757211060
3378064124
3453151594
2641019933
3484876883
1037934084
3230065490
3831678614
697551363
945588823
2086988594
4160122524
1580682189
2674496704
2946299787
1670278239
2255414900
213680561
617426022
3583006197
4072248219
1383436069
1150406219
2622147422
652856558
46322122
4145385501
2077211401
3928083427
2778366326
3432660186
2338461482
2212739533
49293871
1354631096
1921448873
1857258210
2397464245
3945209301
2054218070
3195788964
159764575
1351405888
4111159594
2546065918
1319098064
3132962932
1101314949
1733696500
487799569
475068988
1640157699
692856300
2418269173
659809150
1461923675
1664516879
3004863887
3566363952
1697152739
3398381311
547285187
2296194415
1491864034
105273427
3536636258
1491253420
234778511
4007643334
3252426473
425056822
1316964420
579313828
3395077227
2388306494
2594709485
2123213149
551964710
4122760260
3682857476
2527059811
1418754050
3827631209
3147979304
2108286706
4110554970
4283860593
4234116948
1106809575
453938532
2719226927
3224739622
1066486047
1427872938
3671569099
3443359661
1219056472
357981201
635338753
279844813
4290904084
1703937661
1637483460
32901424
522223729
3322813514
2818589146
2310795582
3238279134
4092840278
3989444631
3169524087
