3931588267
3297219388
2233682612
1166107568
3104933038
868937129
1789051932
664849988
243033259
1990113609
784700288
501608877
3924363109
2956538561
3512683080
819390635
3129358353
2566333176
4275344839
352043232
652817707
1860154668
3019593671
2462769779
7753275
3558426139
3014035451
528290147
1560037903
2656884686
1479227128
3699917625
2509980868
4256445688
1086935381
22676602
2447800697
831983574
1683208111
340087483
1704597814
3730696007
1596028145
214754894
3696965280
1421202392
1882626284
2709300431
4269926618
3390815360
3553977381
1679838674
3903667460
1729635181
2901856679
794371106
541395302
1854922947
3642819074
791217003
2721486260
2182784819
3970661512
3954467367
3291137861
85409843
244958865
2049392007
365333757
2564754165
4161044630
2674365526
2184930013
131991956
2648330620
922657010
257154212
2420155098
2725747441
431938999
3681442511
4008992960
1352545460
3508901068
2434755423
3046920415
487606697
1924529645
1263465675
3961152183
3882044924
1126308769
1193581666
3304711738
1339295713
102629632
1803862243
2570594159
1262552004
3291160364
2899557788
4013783806
1509809505
4229917304
2535338263
70892556
3193628402
4293131850
1173190179
1696103503
2384194969
514820652
2224949185
3958811275
540008831
1649089158
996752066
2308729382
2975571074
2394185287
1341005070
2124463993
1677665552
2134207951
806635489
4111465208
3358609985
3442435248
3739377388
3112170902
324280441
425062316
3195930326
1967505740
2115453410
546113852
3862907103
3648905745
3788409398
1359184912
4293064497
249302140
824683913
3653588263
746053032
4196300880
2651560027
825230698
1920851288
1757007301
1738843012
320937664
2713819850
2232541889
4242578162
3118702378
2099870160
1521922028
969762536
2082284415
251989678
2099868827
1150377630
1216452987
3663358960
612993328
556064831
646270441
3627160280
4185228048
620755868
118421812
980934484
2772301168
3887040120
1255287959
570203693
4269783257
763875610
2113519456
730310497
2886421196
3673008744
3323828606
3404701748
626062108
1941442237
1312352189
340970667
3664259344
916344273
3168510990
1381452076
1089056664
2402837573
3630100429
1498894716
3671926916
3956123908