3869391636
929694291
2467703471
1199929988
4013141183
855312244
228243439
3645825605
4012113050
3872554767
1951717715
2614340625
184410426
2426146953
1785256076
1562049846
2347111727
213033115
3707932737
3496393997
3522532856
847954102
2792147167
2877728768
3916670891
3195874841
456119040
2016032875
2470273530
2978471698
2672028516
2860432591
3845032310
2742212662
1557531703
2907380728
1035084254
1334499785
3998360672
111333955
1261817445
1294775110
3353917773
1996903946
1490376281
1910183526
3676347305
1667685589
1276994499
1818231655
4088694384
595282812
4054601566
1133449592
3496095529
1363575941
1184709358
3355909933
3335729627
1444691049
689828255
3071137343
1765419755
3342031309
2232364480
3477219241
3810296531
3029449700
2067831594
475998137
1221829868
3947796741
2364491954
729572931
2001080210
2782977196
1575330629
3984729316
1311640783
893705450
4010800022
2539497257
967360794
1690976107
2334388802
3257195037
1580458147
2307310932
1885519467
1461959590
270201678
3139801099
3123186726
190505145
3921045787
2949008561
2204675543
3213585911
3768467100
3834441438
1409722272
230431
3409129117
3546329691
2868907435
918268029
3098405136
585611782
3256528282
3288681502
1570532284
1532290909
3272003545
61478902
936341958
255298193
3237089431
1387987145
2237771121
3791022124
1341723610
2736973995
2475630273
1462467642
2032186514
1266100149
3190366549
1767123531
429510559
803989519
3684553712
3870254521
732655103
515425601
1813794449
4180891593
2217233964
670666307
2907423225
2966005192
2084584351
3227438676
1247788748
238229714
3232302088
2091735464
121190906
1214816778
2564027621
28522555
3501193823
65886968
3554405681
1422220023
3881345496
4246962923
3171729174
1013558224
2656101797
3328039590
1508074570
2073304008
2867056658
2320813786
2901554187
4120535971
2105051167
2071778834
3795567971
1595225010
3547865482
3970679852
3410610870
1747989058
704394444
4176934426
1237225175
1733090198
4234200485
3163305198
450770744
1882368705
776813800
3047763195
1866129232
2089749829
2052153127
1138312311
1444612998
900142773
587324439
3498600880
1098182076
902836448
3776563160
3662001013
96052780
3833862621
2694417478
107613213
1737572294
727937278
678005126
1570788281
2224126207
2430231911
791876689
3622695471
3088348496
1421242035
572186387
3801054843
28655852
2868124917
2716828052
4137709488
3834477688
85256857
1533560242
1962887300
50804363
2313851991
1362812075
550500728
2415398234
75849412
2966178285
3081141770
1679245183
674541397
4279125916
3096922885
556683900
1951797686
808706433
1834435441
1437079700
778410568
223190044
2902347163
2115501328
590239861
3226680517
1485921292
3369381307
1116828482
1347077421
3344679245
3682932134
633090371
2213912326
1824245631
2923936987
1092103545
2124755353
1330054472
77846063
2104643128
983579561
2309240119
2738208557
3521510895
13090049
3240853520
331941069
4021275195
204217962
3500285304
371226977
2782981623
333328966
1314968327
254891960
765798258
2174159584
3260055457
3554866057
614225397
1537323777
4196073743
2233107623
3194075475
3300422584
2510380989
3295985415
965559688
3411224853
2172531319
388951195
2239283640
790807787
1437322513
651976488
2166357929
2318034123
4177847492
3993102796
828648357
2289256430
668221888
1374109002
1237819741
1640029467
1900151504
3231488976
199786993
2142142577
2219762430
3341530784
2921079924
2066445099
1525323833
2227357218
2962165763
3455502325
4200833550
3659601161
1376377454
399290919
1256397322
1888001909
1339102554
2510559830
3595766789
356445968
3334103061
2098383604
3605128104
1314062025
1529994844
1918631058
586435549
1170251768
1788808498
912909407
3192171253
1656559985
2702423497
4269437550
3886241055
2140332821
1547892170
1558415126
1226294417
3559190606
597004663
4030052982
2598764912
4139945753
3572577308
1181799940
2872524351
434526744
2031561685
2495027827
3725058848
1819507801
3977133342
3435154271
1362316363
3467574301
3114081438
228334340
2276218829
3418133050
4274204384
30206558
3241561578
2217594408
31481585
3458257683
2447864905
1667774449
2282149142
2269733049
1732455233
1116462968
1908204472
2171226126
795995039
34604621
3361120797
842277640
3263168455
4126990989
2697686906
2893931904
2206287647
1003112337
1358543091
2289311030