3569472281
2611325820
3645633528
456233755
944358282
3721483213
3659383923
216092450
3550212748
654681872
2404954616
28330718
4252176711
2127228674
3609241462
109434563
2687681658
2539319076
3542585698
3134828049
689405258
2300894027
2499316560
167494424
2584488720
3710456420
2334957697
1695723241
449859098
2224001794
151910804
3707102189
3021360926
408263669
1162681091
1362448903
560923967
2564715675
2844169243
1071389788
225970787
1743288220
1967423751
1806711748
3882567340
4011744653
1051208151
3923871432
2437251501
2206547255
1321109527
897759686
1456061455
4200579753
2614794914
1282347407
3080355406
3575209471
2629829875
3103542597
1442317740
3242697882
3939541469
3779394956
4034965538
1498091266
1535504748
1841550668
1846999404
4036225899
3340693420
653727874
2088994942
3661647734
3351338191
1421140179
1414228492
1765185075
3350797218
3491950657
4056779109
1822517727
301939510
3407448065
2635424175
2159950110
4063365878
3278898674
1233244316
3060603580
222549018
3543785228
1904228540
883250953
1981484031
1607573956
590457585
1544639497
3731425445
3254714347
1825375852
1503439600
339860098
2159074704
2558154539
773345196
521947776
2775816024
1342293328
4073308216
3961980106
343321218
1681774722
1296068922
1708860214
3256306473
2565990942
1246710802
2226116865
3294364082
3963052352
1672352391
2325372958
483550670
3114850230
3474648016
3396411543
2304621865
716659157
3352096211
1906440231
1789018234
3089814130
3749573355
1361038483
2001108337
3070319639
1359900437
931422833
2674803656
3622935097
641374412
1330957265
2714456430
2591363986