1608531776
4108405759
611007780
2346721420
912932850
542377793
1906712887
2719866395
3104918346
2502400614
1735220236
595357157
1627123253
3996285149
2669119019
2135316735
1529646433
2287471300
666279130
3150622417
1480631276
453110737
1115131594
98009225
775730749
1945561134
342012759
114865486
3261168427
2400878715
2576634060
4243413402
1338990355
1803571233
402417247
3880293554
281689852
702385228
285914800
3177974846
3905846335
3863248867
145453842
222469503
2253679285
338020124
1657085092
2178589135
3198928218
4247554778
402458717
2657362453
2964352396
514386845
3252563692
748145236
1436304496
2995435113
1092078378
950468198
1833320095
1549991629
2412412322
2069614690
3309535333
1478265806
1411768607
2313686243
2539858381
3602030808
1207706692
