2294785474
1762925117
3612298315
1025061476
3235695038
64363838
2665135166
1622168707
2772365317
982615326
4231093121
1315679304
1101480602
3834451353
1242189861
1815854675
3137590010
605514503
132789734
3248865367
3494839501
3005063964
2627338276
739842020
4194553580
3654696423
88973067
2445863622
1745753037
341368978
2502044949
3026117908
3551780193
3771683655
1193207140
138525446
1541910671
922083559
3710645465
2419166797
3649398181
277644559
3058399253
1830789266
4181694516
3721891010
4069894845
2264791561
3989713259
3224353195
1114630851
248326699
3052475551
1895574384
2838406100
1720883936
2857903220
3123298892
4136997715
253188019
3690619299
1020737456
2355736923
2537542680
2245423973
1195585152
2318848596
2197279575
1685311300
3985093596
1682816101
3528138394
1865719511
3359371679
2869690014
4169945110
1800267411
2082339625
541908973
2264080954
2168829459
3679353159
3524981505
227263727
3455786416
324156987
2972580945
2975438871
1527436039
783285830
1264278704
2044518368
3739043970
703536885
2342967004
3471049973
335827865
1262745465
564289101
1334739308
3925042798
3065806295
1035458878
2944158021
4286281929
124304250
2153043437
2739990778
3844368897
3928495255
2075347090
2102309615
2570283306
1173315607
