1074167489
1777414052
1996498298
3956570858
960871467
560799906
3269914170
3514566462
58467640
3166006121
3465968302
1755146589
4145457355
1538048026
1146764334
3494833326
3470769780
733510299
980132279
3916236317
3964015990
1674886056
4166048678
3029602092
266496166
4214205335
1300031438
277375809
1457718710
3557773042
1301416250
3778843457
1067800906
132072159
962656234
2096069190
2870163632
1080373663
3125465261
3027881116
3697203276
2657991869
2939525122
1105295154
2561677700
2515263960
2750553918
4199998342
530762264
2586833135
2541869436
871238470
597083115
4113884884
2264305973
2192768343
455081171
1913822786
2242609156
490086968
28185445
84651565
585029751
953854355
1989901566
390633335
2924213246
1955308785
4247677712
2270242056
3576580086
1478149905
727201953
1300657327
3905761951
1546979324
4046127846
3174468846
3059132141
1597321840
807995521
3321189252
2040331139
1635791108
