4179982632
1022082879
2122435558
470635081
1435772403
3421759697
3827430217
3398692230
2201053620
1438033434
1304942115
1625671952
3094356218
1551756246
1362898237
1501340502
705385841
3999196294
2752389223
2133227248
3335821126
3756974910
772093897
3504458691
4151032292
3819275681
2932905687
2970162268
28994186
1420339658
3100245551
599274014
1939502450
965226686
1599811497
1595448653
3387124758
1326092689
471271568
2956466787
4203266037
1487067797
1231216225
1296890488
3652038343
366086664
3409568239
2779034364
2783007357
679189242
4220599206
574995068
3867144641
2780810479
4054250928
1684799918
2949004534
4207366907
1853693523
653791565
581854439
558090256
1308231893
3108452739
3853941873
2469042679
3647078118
2335070776
978597497
1035364053
2108363252
2760384891
2050307426
2724024339
3758441875
3741065206
1342333362
1028633937
1438960138
2741657024
714235447
1209800774
2968666310
2868223013
3942315079
61670687
2867706673
2358038987
1815291432
1106494038
4158622192
3947611251
764987777
2974915267
4112421744
1618880588
1226914664
3033966538
2279055982
3406140553
387595872
4182263144
3970422816
585695001
225886360
3675189853
2112342137
1093244189
304099610
991392857
2198973618
560528731
