503656978
3434417223
2319634467
1907004461
201198158
1359951733
2056375235
1582156352
3085657863
1561208370
2620950325
2761482090
327222375
1300696758
3260903191
3614531441
128748546
2580165415
2219258577
14078866
229057691
3543765343
1748809078
2290394735
984862377
2725110252
2876482644
2480983094
3065178864
2963409467
3941581169
1262326124
1068980441
626838922
2935892811
524433795
2654494136
3196694342
1590097028
1210019373
4017412208
3375726360
2681502712
2116700358
3315826858
1101044756
408499819
2973505436
3482371058
3036972583
4180403269
2948307140
2793989611
1232908744
1287578000
4258606143
4047695292
880667098
519317444
3690423717
2026534456
331571797
1016437357
696234330
3262345132
1056782829
2649829685
2844882708
3567474544
1097695948
986473576
329863024
1598230228
1273687724
3314550408
969709494
732716661
3603649094
2503525344
3674497956
298186993
1198804909
4143318178
2020942166
3601694102
1839694920
1455872348
3134997349
2866337910
2786773445
2281377534
3080907720
3580371043
3401868538
2453624546
2316673311
79214318
3188467096
1583596608
164216598
2570794
1413842885
3552197968
4159286947
3168469167
340728071
2748017659
2313116014
1376382511
1773368857
2888780061
3044230664
4186367275
2959715041
2328678648
2969210560
1253817203
4285013169
1309172238
333978494
1043613853
2014121119
2453316359
2256238261
390578604
3509437824
1318435639
2685365912
2635128499
436482836
3487877017
593503332
4209616754
943614183
3090965575
252273515
67896838
432930539
4010581486
1724676105
2729501802
3281467747
514229850
2206560572
1691608456
4254921590
3418086870
3641839488
2472989138
1983208733
1745622223
1455835808