3027410171
810821732
3599238689
1740151413
572542941
3328012554
2868334766
1453653900
3097119762
4168369559
1722850257
1981532411
3824439868
1629751345
4233359277
2745059673
441757291
939182922
2882201783
251261003
751114497
3996655629
38597716
1137216723
130623778
1795478106
2111798528
3471219195
198179812
2226621515
461275120
1966449061
2455982035
1781639269
4142796706
21555512
763895970
2865578450
888307373
2106989063
3397893488
1980627887
1450093158
463886945
652133506
2756190662
92488665
2497169403
766365338
399010185
3011224167
1481828064
1718409199
1707885937
4048608009
3549170112
2268600862
800504917
745934957
899720186
901574707
3185857416
2904870824
2118097527
2012992549
335786666
565204710
3107831422
2870160525
1922604519
1531008948
3718877223
4100215051
384970341
1081295989
4211255353
3616816733
2893759476
1374845942
1636161225
1393495761
3206394596
1448996539
1550405584
2264726553
3163247291
3333202991
4137021359
