4234132628
2684522084
1466626626
3735163820
659635226
1103864722
3584299905
469420064
138166808
1081672642
3448823778
286817426
2890680476
1595215161
803409096
2374596032
602251723
1311669944
4018680404
697110116
105278593
2742967920
3411562945
128967871
1796298706
2891344213
1824913892
2280438372
419584055
982228359
3094978560
2172637977
2507790502
386833696
2821587227
738794575
4194771066
2866086475
3993593137
1385046269
2234713035
1486064499
547309617
950289754
2275147342
3189932579
2714409171
313981609
2277923565
4183927106
1370288563
3495201013
1738914030
2898042536
1641596604
3406518104
3690081782
1551592473
1825501384
2144053058
2362457456
2887679339
3582320579
1174975395
2842570101
4110187339
715538560
4063273652
1321361370
1835477074
1905009246
2612159632
1228952813
3636933342
43047400
1447156703
1136055989
4197833262
3526636639
1512398381
1353019082
4258670241
1147544166
2046839519
3773613174
840499877
2650048870
1227930937
364376084
444220005
1558353066
3823938622
4129929293
3369446912
2352685398
2841825807
2568111472
3345459527
2565948195
2216446412
2589520826
3093702734
2533574585
1166516809
3137643507
1497127205
1185803577
2015246712
603327986
2656881345
3661647491
3039463073
2229856738
1466291531
1875609759
553396487
3902352302
3555162379
974569143
1406753713
1561912678
1847672104
709869917
2079580191
2386105928
466753005
2627592786
3007888077
2588380353
3505587294
1107261672
4151805979
2184301683
2374794516
2249384840
390370231
1518212088
3437311140
500302040
2836593099
2269895526
3203743221
1709882105
1567767703
2024465907
1648981182
767140217
2476364772
1194753943
1154516945
3963010213
991919372
3221332105
2346719118
1210804200
3380207186
1415691792
3899767148
1365242558
705520071
621706852
1556588367
48652214
465095574
2730477246
2248907658
2073030289
3595555248
2315999359
876342418
1419337700
890130003
3949286840
2536259730
3429742105
2433289116
3766472218
170760332
2379589840
2991093635
621281619
2030620235
3694945007
2152687457
190898509
2725508645
2881791982
1236319489
1170880850
4028126591
3220512306
1446376910
3913793391
1020939335