2772107331
1423203168
1527718006
3655592903
4294273731
1815690091
2352601977
1753467496
1156163948
952796834
1493761582
2507261529
1041744712
1231984353
269533551
2761093806
4240432017
3641305709
2286390005
3432883427
1338614491
2432166119
1671409835
933106218
2070995323
2604456785
2451631065
89668706
1177680722
4010953475
3944739715
2625716819
3038902033
2367594508
3002165228
2710610785
4140569311
4284352261
390977992
697057834
1760189225
680667466
3955699869
3022117968
2665044919
1908706865
2996063822
462905961
3689014640
2735118597
2769265740
323440495
2738308097
3925699756
2792561243
2577427448
2729814529
510836955
426824679
2055149909
452489659
1382613398
3385776517
2208015649
1356336433
2866734282
398916122
816622156
293260708
3253065376
1169043556
1727062507
3902058927
1546122398
1950873562
3119375212
3580497986
2676126089
2676748269
770250536
532683602
1238387054
1455839329
2186713085
1777651594
568443634
3434959155
1322835824
1374663019
420629157
2992599754
4022229641
798847493
249569554
3342487277
2394358844
3443645717
645406849
2499901942
3821847047
3170486248
