787262574
4137019617
2228147225
404757016
2319420478
3178121506
2712632436
3108817158
482233294
3514474367
1835608408
2967720582
1729315195
4226678946
4191614312
2884821191
4166395642
758017431
2751889245
2483984498
1900942615
1186917539
1414248255
4155606875
1993834280
2528508975
215176608
1447918003
2789667340
4028655182
2467849087
4267632512
803511361
1937492059
55818789
3390300914
3699249991
3189675520
4288755424
2052219380
3584580761
2121784571
415588796
4111503591
577522239
865965851
946171952
116366267
2277259678
735347112
3722697910
1381292211
4234839877
4280634163
50250598
3644521314
1629289129
3747103227
4154529885
3123723551
3416798967
775415144
304939563
636152443
668320539
1585027990
3543970666
3719948063
2644339884
1419819840
3079092162
1927651230
2817817820
1312973174
2731038282
1649327170
2044055112
1800861354
3118179700
216335650
2963146275
1189696543
488876825
2938441773
3909344410
2073758553
2584979623
2726453158
2035035279
1913657389
3927648463
746198456
2899129816
242880210
3252418432
1337485682
1058862816
2704640292
1217167956
660893653
2459928114
2934959119
557416840
4213574143
1412649506
994202084
3392967062
1222520909
