3552991385
312296413
2201840978
3399503455
2015367417
26943815
3952640224
472535349
3689177043
1288186203
4127654436
2865575033
4204558184
889220577
1672648686
1706781901
4086399976
2063775669
3314034833
4078724653
616469782
1354404055
3082398096
3148845464
853524318
1118220240
24332235
3697392712
913188575
58061898
1098953039
3138743649
3790923109
263835790
2168738696
3497807764
4243007318
1398316038
3545529727
845208361
1220882827
3801538060
3464644309
1546573364
1180581675
2090247237
2205997037
4077666575
1293338592
2547967535
1972399271
2868680311
2597172025
4116488557
1233326435
3193697935
3912289788
3350641164
1588474918
3585779147
3603159550
2284684013
4053413760
1614334033
3855545302
3505294090
425013243
2558124515
3799716469
2603742082
4149080563
3919990886
762307730
3949395839
3178757162
908576463
2267273834
1772379126
1450421938
2595235336
43994339
1655724423
3845962683
1863672401
648944945
2903630047
1076202468
1127258250
469083787
1524400615
3505189982
816382828
568643898
2034089453
3121618551
1037938059
1353144311
3305544037
225245616
1579266267
4085418518
3981343941
1363989469
37232459
3712063223
2237043330
3578480708
2274971194
412827292
141394794
2108574526
3740156544
3121643582
2275733362
272658049
272056144
3268327711
2688522375
2630243008