877814734
3899734179
2126120000
525829000
1753762289
383026620
1071106515
1535707118
2248060612
2680360785
3033778969
1016055932
4286238802
3698795907
3085469156
3119354397
3470236014
3670552554
350841197
2606463634
826328367
1242818960
543660901
3722130527
3454639351
2517566489
3877544228
3549739785
2988949325
4200707484
1866385543
854362822
2562159203
3857276212
2056525534
3756404293
3706069270
892756675
1551000575
368082753
2498684796
2062009088
3599313879
662679164
2158389476
3097273604
721990382
560248201
814644260
1044325337
3085897492
3331034255
1007540850
1590802840
1048600618
2288969830
3970136234
254341346
3486407445
2148772498
496123127
1411952363
619873410
3548793445
1357829400
2940402975
2904045957
3459054943
1332695468
3018715701
3899722007
308180219
553804427
3471727078
1067638459
1160360140
1184336265
1312620807
3057092841
2376560488
1596958898
3093918186
415149298
2449037904
2870635352
2368624830
1154312719
333822421
2161358191
3467954026
2958958407
59391869
2298210190
829551911
3122497479
600056189
3613016739
2012825531
2353166773
903725552
4014348497
2377378501
1069432823
128694844
1350134536
3485240646
476470351
3567037606
1418382053
1357417449
3137359496
3412078729
565574746
4090141383
1247314553
3383050876
2288966216
