2549559129
3410345484
4279002736
2538792567
2496531487
689037917
3045205834
3011093910
4261334280
1401449004
4156898367
2262507512
911517171
1336706376
3612782889
3613763242
2358097320
350938940
62688119
2387470576
3897452614
1564244374
93507000
719153110
267423233
2838327368
777500983
3714289316
1424134906
2693728750
1849452554
3028689079
2680188614
2466821723
3529115863
2946450561
2002753580
1778869231
40791323
687374196
1138574026
3365899363
497546116
2157066737
478717941
2956727779
916107155
3561943645
3169673264
3814822240
3868851199
3587106082
4288060257
1428290306
2298722062
733403609
3141062349
338283067
1976918098
2798645146
2127826667
2678516725
2105520664
1523300924
1883627177
796938629
1821831883
1136373277
2668266712
529452655
3576342926
2615699314
3495243909
65733017
3431248572
4073173048
4194506141
3086801156
3621020863
3363610176
135169660
3583520821
571649219
87971519
2163510253
162162765
1011279116
1242240535
962805514
3647145304
1332495248
3453795374
1188192959
2023656844
1806818225
2705247582
4050387440
4164613944
3271456446
1695921932
3472506590
1591833890
2240057681
764327497
4187499387
4056831534
223440945
741233833
3940631356
1212669163
2627120328
4154134313
4286073043
2551193702
3683285393
2921194068
265229894
3495918008
193624044
1659074650
1517978773
547082370
2611748461
3601941134
1994667792
36415619
1299065897
2277308844
2911743029
619402868
293779622
3721661024
3252610425
1431795297
3337079322
1004620925
894139835
3851231525
1241033307
2333725488
2585252676
1710024281
3511485165
1190682336
3451086382
3854209470
2224803962
19206710
3377339509
1065397244
607340460
4045155338
3552127106
854944071
3166087914
1616764684
191114558
473831511
4019828220
3554902074
3022245017
3348789479
1213382712
1441593674
752393598