3279411077
113313818
3440250006
4083623926
3359814671
647334750
1904865341
1029047656
2302220569
222161054
1074169348
2204901856
454122533
3811711144
1479092593
1023648421
2396605486
1398238885
1124352990
2271735986
4091865899
3202800246
959658456
2829668862
3760647454
1000319360
397112007
863766661
3656775601
41783838
4078681608
1007392070
1249994395
3542078643
3350487444
1902862368
2209402699
4102494734
3931636783
1342939192
10932183
1004285380
3186559310
4193299943
4280483047
274546924
230631248
2964859260
1938920856
3546573647
3290041441
2399701752
1628782230
3559225234
1927537197
2041675672
195968759
3463824310
4074841760
700070908
2706715045
524832870
1820160663
2715353276
2392251196
1667527800
4210233943
3511320642
2201166973
413182298
2611479570
3072971912
99168797
1192126
2445829173
1160762114
3208695058
551430592
313546068
540562755
1281262661
3229387327
266219912
3053213278
2332786546
2027856496
633256248
3131710171
853584393
1216450583
1655307136
1689861632
120912681
3316697406
2976138997
2724332205
2091366031
151646009
154229121
2576520383
1024414638
2686451620
2395408395
1296916388
262357326
2026009232
1549472182
285659136
1616055635
3181620214
4155956245
3959588013
605081518
3923635023
2353261615
1813625984
2394609199
