1406230338
3426912961
2364032553
2734322206
2638248643
3444847574
2761857017
1367203519
2674476699
4112689459
4255579055
1725385640
724436447
3651520870
1364969951
2934688961
2685977412
2487981704
4180601190
3156452377
1225241280
1919807600
2925309250
273460146
720862497
385319949
3462190552
2314863410
16007523
2891858925
4017147778
3549276700
1793813901
1865360194
2393273229
2366132028
7613034
3719788039
2893017580
2322510238
3254089918
3175743313
2338248980
2677738650
2859953054
2232688728
793752634
2911597730
1608303666
1924096256
2134388019
571464251
3378546841
2516637932
1233151925
2688707266
2747485330
2952628936
2709778608
1245539261
3974702897
1185843931
935243696
