4251264224
1929488280
233864967
1096154945
4265487848
1540335168
3557221297
421128406
4101349364
4174714209
3952861194
2493573118
2929994071
628009283
2492638273
2474324742
3160033804
321355535
4222458475
1543480083
3746357845
2220254032
4282233831
1386259082
1223686959
1358336198
1265427551
740293408
3974459447
2609288798
2779091352
3313369748
3007547485
1132661285
3983333729
1072847347
3818135491
3373839269
178133138
2287425323
2308777038
4210106
26566091
2197601356
597912679
3826719213
3870562039
1137936236
2281866905
3395077828
106541495
3523195522
2254935973
418924128
4180033477
581197593
2463749219
785155586
2437457086
204065274
4220187522
2925861759
833664421
2741847396
3252769447
2690958689
3428424766
2228872654
1758588512
570043447
