432058893
2834297894
2555632888
8855872
1815581468
3323316761
2284262530
183086134
2778803063
222770963
3831654530
3050364109
448700492
3475223668
3459960513
3024439124
2559450643
431227173
4155102011
3664000291
1567494490
4060204819
3774184656
828917081
4268492022
3034009787
839627423
3462093877
1969050184
2556890548
1564384925
1915141684
1977534770
2296702193
2397567686
2030042020
1559666448
754865425
1063241329
3740761209
1449357783
2914859446
68181846
2226800268
1281491030
2161731990
1102553258
