3819045001
2919551960
3898304873
1676286587
1526545258
1262682533
3202725321
1872112719
172986037
2346380502
2970175757
613453431
1965053451
3948598313
841676779
3830862595
1217390246
69436382
3421200100
2748387804
1453875173
4098058465
753065575
959236091
1496988342
3528088699
1852425440
168716936
1620639851
1594418541
890094578
2693651997
3209267476
3480122676
1538427520
2087883485
4003297502
2619036177
1071163257
2077707049
1694762383
1909682470
837381694
1288835409
1061502722
203525247
1216858573
3847067360
2242224046
1976829553
1631419187
989247534
2622053154
678164511
2969745523
1531163643
140531571
1533982531
