1372474378
344255249
3346517243
2473867258
1921759706
2920359140
278400869
1254340660
1132174745
4251805648
2135891041
3551615762
3625720085
3926900196
1083769157
12713504
2899266195
2986645792
3891258171
646102631
850301265
2317944979
1912735079
3633346384
790373272
1437457343
2756214143
53569509
591698407
2845027028
1345226971
1681227731
1977964239
3724195581
1501911874
80885475
1799000830
3432855293
1040335600
1289048787
3234897672
872550153
3768063514
1616955496
1248027286
3946096918
2630526645
1670793478
2515659510