1951829293
2346978605
2701221024
1870300529
416425465
2779127622
313285493
3317571951
219999011
4166293512
2591654113
1046822776
3926798932
3651706281
2179986129
1068385889
3557895189
3629010551
756595901
260755436
1285433742
3190986776
3941031536
2850713316
1713846526
714715940
193654471
2202747860
866443784
56853081
2123664259
1860939712
2523474004
1083465476
588379531
3497366417
2186271155
3540670690
3610789606
2360902151
502207570
1117873451
2541355021
1766608391
2400552496
1623964598
3398411612
439709675
266732320
350459593
1345078651
1026003849
2042457045
2824472277
1494449291
280934287
3766882113
503335238
3635121918
2737863284
3121998827
2061034666
1283596010
761305122
2059062866
562482149
889433550
1497492987
943325651
4086813915
3755742234
2895723687
3116694275
654654129
1631262707
3907623353
1993608720
191623787
3546552283
1843643388
3921573610
658358276
1236094653
3869681306
261935829
1512751760
2157436906
