366820365
945402990
539476656
3288952520
1936463467
718608253
3724366788
1762175423
2466903820
1565066647
892252310
414412366
2099602861
4266982550
3423378569
1733810778
564625169
1180712370
1931286884
3118271629
3093153978
1934150362
1330962282
513700898
1268074741
2866425398
2944896656
2153068099
3006813007
1926622554
3134342738
39706808
4274058778
3288751856
2050433206
592683970
3829872410
751340010
629126846
2929133198
3589288230
186356146
765869537
256396401
4012584794
958681859
2487414764
2751240341
3560070760
1089836072
3946363496
1795333608
878851715
631350505
4100298059
2337726529
4077847538
