3165029981
505021084
2083724681
2691524811
2608420660
2458885509
2423311794
1706245721
63072073
3374515988
3439081742
1028850483
3365047566
2273961987
1871116189
99223290
615703642
2970253153
2448896708
4228219192
539645160
881463015
1424298614
3348515633
399460108
1645086865
339128567
438697204
3706358164
351544383
2210569087
3083540304
413759943
1056696441
462761161
33787151
3154412813
3208213420
2360042293
2108763379
3313143500
1863756852
1189979061
2907698194
649898776
3441982762
2070079469
2139279218
2037917440
34212697
1842091609
1691584667
1586611564
4287708630
188962028
152012201
3189143026
1162963844
3336496006
3834460369
145740065
4256039257
2814109424
152873596
1492637174
1443057304
807368040
1836217887
3059259560
3804256444
2733686316
4262400910
3966309515
1011558722
3359433320
198923452
2919911866
3981398810
2436548003
4060901147
2115426274
2725205660
2191671394
3628106535
4074927794
438257321
1118473931
2067734656
1726502514
3140990726
743535144
1850940419
3545556730
936182734
3516500403
1787089375
3870788896
3295729744
544947526
316956549
2788666402
1889658532
3102948673
1688856015
3848058966
1753584734
2902452543
2174254365
4121762146
1914192397
2669492557
3536630272
3170755629
2319066139
3666212776
1025053631
2118512255
3586888874
2368168855
2771950571
3447820576
3317096630
1187271388
2965965339
893088068
1592254573
1322330183
2474250475
689396129
559195589
1801244025
3341546052
3733833
3160242865
849364848
3473287140
4239955711
4029213293
2818176927
4123759776
468424610
847532482
3471749270
1708200543
2092212990
2765224771
25712783
1004304151
1628030233
373660803
1219947371
3160889232
645179024
2457632464
3246415641
4208041538
1128689878
666890735