2380782632
2138254835
1047162836
2940669744
304844762
3287076209
2341274115
3113140874
3536013410
1287208368
2316247744
3826663782
3623886694
960209997
4119624835
3949186103
2815580518
1479236974
3332436115
3142287879
4243205986
4220294412
3465937566
3787842094
2558122192
3998263664
3550419976
4031414283
3243638446
2363016193
3224009499
1733792232
1039002285
2432698556
2478500540
3474982592
1244011364
652795334
1154495416
3787669040
3669289921
589485289
3952555153
1168084367
4240218543
3018025277
1588120452
1457460183
153112601
1401155235
340492904
2232006003
2535335187
2484779089
353571438
663384018
1530969439
1930697139
3343050013
104574646
1211530408
3714070867
2232446808
2610727673
2656493732
345428012
3245491501
1262896038
297586030
1668876791
243448200
3127003098
869899258
1185041659
524718920
2066978633
1995227326
1264880574
344110527
3819946615
3119492427
3670850689
1894188924
60248150
226739356
4252168589
1923110950
2899095045
2183355281
1801977452
1937754312
1232081867
1767911339
3766449588
211999328
3672063875
1299795229
3082766270
4147199646
795568963
3545228574
1923050473
4294397869
2616423958
2323533409
3320418051
4118220337
2710885957
3679140608
436827428
3522413037
2478164892
3682085195
1491085957
2989252143
1211668497
581914198
2655192010
3463192891
4063272636
1607949470
1747121835
240731534
1777929392
3926791562
3089855446
451862253
1699908277
2075608803
355754042
1010877558
4197293853
1772840691
635128001
2228584236
3345284351
1265083842
2342740321
2713782686
3098408192
3426498274
3670625257
2315166511
1113596921
1720148354
3591045136
2714759386
771865442
3413405665
3420512106
4057134128
2008774304
4051090695
619078318
1350067674
3070086206
3054051696
3676796948
134253663
3360149136
2213007674
2145084276
3815284892
2525837834
249563668
115843914
3209539383
1485872877
1060621930
819663927
1883619905
133493922
1737851499
1504305184
4051013105
1729980534
1614659181
110780886
636131318
1092001653
582777505
1840675157
3782404614
326211157
2474199473
1418081923
255208276
2792191757
3926883520
678012986
3209200438
839492425
2070853975
1282476831
3471586507
3653451382
2971097669
1174516284
3247879112
4052766052
4164014498
3710293222
3503090183
1574160122
291395329
516400981
106307617
518573492
1862329503
3587579095
3465217660
3879636488
594932686
3289464943
3504017787
2467551616
3857147195
1618098462
1840810574
3342393889
340782870
4071600739
3476732802
4223756097
1352705236
2351470884
3612314346
433058926
2121389792
648145676
3731244946
4031158923
4112123189
1256282230
3442277204
2956460440
1224138643
3438224665
3937700316
566423807
4006468140
4053533311
3459750222
3731716119
2399688233
927769876
699671763