808941462
1147791067
1698969693
3371708402
2128606281
2267489880
467777824
1075951736
2253867707
828920853
126289649
3588381596
2572334094
4231563662
3731879191
824961308
3421948231
1110344811
1649486762
3546826034
588989658
1348507598
1424736106
324400833
1786607913
2987889046
2645294088
3805537661
1167690417
1005655426
3676861076
980338477
3433627701
2862776039
1068252315
659282110
4049230298
1375747079
1752740013
2414807997
390548943
2053311181
458993173
3005374316
1359566697
964672728
2923152340
3903975395
2750341531
3461175972
640979553
655356981
2657959056
2875898561
374436665
963961521
155261161
2213166457
1640262124
2388466710
1322308019
1508100108
3648718049
448980103
3791950491
214822376
2215301031
4056193012
4252997529
1657599409
1648157750
3008561369
2700082983
3559482464
3475013912
1141956245
2977612651
2672629160
2044064773
1633628412
1438218111
1123240836
172699504
3088429926
2543855092
3354534161
1988640415
3733768421
725524785
1392622832
1272759408
922797479
1864838942
789227691
1228066316
1799562929
1411616933
3613645695
2508797166
2640637354
770900119
372608047
3248742442
1160377786
950957537
1992619468
3182461363
2893182295
2992176279
3108617308
602975552
4093926760
1986758712
744086831
4028497470
2148799349
4178076884
4151600807
2144277954
653332351
65221074
2468280663
2687320484
627063292
2125532494
3349446050
538723300
1660353407
3986775262
374456057
3297651457
1259227819
4101419436
1118511950
2020901434
2116496621
4104929068
356548477
3324366279
2745577654
1328488047
317312132
2982684136
1857179777
2088881671
1359666117
2726413148
908961900
1618322194
2392065069
2249307130
1974418239
2614783614
3634159763
3903856911
3313048440
2600110220
1202606686
4096619379
1248460246
16584590
1191955319
1371168326
3430194466
3235781168
1894521837
1637464369
2526211277
4000429646