1441263437
2755980167
2202995377
894873001
3803908539
2437896045
202749123
1167426045
2640362724
1478465917
876425892
2548365820
4006848041
1925616311
2123789132
2594016610
906532359
2729536117
2117464076
293899963
1776316256
889611960
2504775852
2246164100
72829597
3894984692
3273975907
2126940989
1950773829
1612466153
1170786638
1832762395
1311001713
4094109396
1877451296
2460537189
323334366
2118639857
1211909294
844403826
3295198878
2023514972
989225879
19310792
387399397
3749429744
559169449
519950917
3177114738
3682266807
1339766187
2447198039
2896325914
2895370981
2981464920
3737186050
3211361278
870252145
27779944
3062061580
3793766066
3012254165
2127202345
2331244068
3162753421
982195377
3841292678
574328392
3297356644
4262291104
2847057308
3734158412
3459893056
322950165
1225508677
4210380240
2873253866
2988312599
1804494867
4139017650
4217057637
87536791
4184231751
2755219523
1237820594
3039649401
2445061848
2608098419
