2811784667
473687476
4054291127
1958617530
1825514202
1276545462
3075883590
3366208916
2628869532
1087246052
2252931410
2977921662
211656394
1459485129
1368076833
1400845085
2981281098
3518519454
2245239276
2254222169
3593588855
485588092
78366726
3743407898
70964530
2939795738
2321091002
4090832863
1233525682
4075847387
2358169526
2251369218
224526980
1253400721
1084058305
752205905
3987528418
3500116136
1415941070
2075508795
1725612277
1452815260
3455022176
4096438746
3928248906
2420417816
1555000265
1002825239
2755085583
2728094484
1765412864
1519176553
1249479471
85031270
2301524301
2993928912
90232934
3785238522
800401576
2618389828
2789162366
599921410
3585778814
4177698734
1004979774
837669193
3978098896
3335951170
4192419959
3526717318
3540092466
1766446184
1638226254
2100507326
3893166699
3414137473
2367920680
3776913674
3508870025
1831340818
1900927436
1971408349
2398199264
909814673
4172068811
3378224667
3884239547
3941460498
2874668041
3337675563
1499963551
4118127508
860434233
2990987125
3290881935
1373712453
517908056
1567653562
609314543
4114806429
3015125683
3917526003
3248341515
4170094826
2511042362
4019181760
1181516392
2524650644
2461094120
1830486619
2464161885
459837600
4250209112