4248989334
2793442069
1257681419
1847686640
2242351925
207077250
1893624185
3198764082
1643545250
1948190681
2872243365
155606233
3251516785
3583577270
990280652
3614125360
3665608227
2871653652
3429293342
1026261310
1327824204
311667949
1138057805
2939936238
3638758310
2542662897
4107081363
2671532328
298440898
1391899230
3017582847
1119939241
1050543366
2247691644
989882898
3434698402
2933950243
1667047917
2302160053
2852526421
3672402567
3262862980
1029699838
733314044
669898418
4032485990
1002891454
2813697491
3608734088
2799538441
1444213136
1942861628
84466172
2889920563
2420666406
1803263059
1046750834
1260960463
3265805698
2122320431
8831301
328632739
515990693
2115188889
725805709
1086515244
19410055
2307830016
3822980705
3964198453
2745777011
4148844178
502336856
3993574421
3245847219
1297926426
145642553
575180278
2749989341
1106271549
2726797884
445966150
2942080294
2274165034
860195852
2143595470
3252602143
3314035227
2830327305
2158327055
4174001106
4272035747
829250964
135047381
334663271
3762041515
1896272224
1406108914
3255742937
1675145387
1292770287
1266669491
3667490198
