170019539
2915285418
2829290192
3134707090
493330369
4105183920
1718578817
541253885
3975740552
2627976501
3979576323
57448667
2734444031
547441684
3215277478
3828720144
1887719639
2948870575
2865349957
3498323649
3678317313
3462907176
715170353
3859480373
3815617930
2781943901
2049202611
2880199777
3076693191
320508275
2686862839
3720715027
2668096614
3753777742
3966841544
1433778598
3200337047
3791363976
546587328
1274882556
3323484378
1888845952
4094448943
2614532971
2613926016
1926847704
2932803283
2463918178
591098970
726930085
2731505209
1916817294
1589738718
1903303408
2255291143
4013579205
2005590386
2745185733
782636473
1029047085
4130291768
2566083517
3676508983
3135633040
3474424404
177116436
3588606250
2660357510
128885269
3074355250
1694047455
1892870399
2420254089
2561552098
1825743031
3082221263
1592698547
562936219
385246158
1005907003
4183865594
4239195097
1271759814
3286415594
3340147535
2528686262
3779814190
3406970814
2833526955
3222887997
4027497675
3871327614
4151943565
1816515387
2075396074
1510362291
2090568798
4256981818
418330768
2110267583
1117645684
2824270157
1971906816
668448179
2546770583
3554981662
2745387152
2247178541
3896468241
2671360670
358187198
2078734061
3329506357
3849568154
2258709805
856367570
2757183833
3841693576
2517209243
3239217708
1582179262
1521501051
2692935494
3700173456
1255988566
145761025
1934560561
65953575
4193264385
3920492089
111516447
3338707844
756637909
2319994800
2101268944
1872297338
146162172
154620460
3650840773
3928061750
593705808
1798731872
56507958
3094602839
2005476117
320210256
4269342002
3207351895
2441027093
559620464
1595644359
1970444254
1616688058
2013673118
2160679983
768192323
3538959001
3339487353
1551213781
2832411681
2108549621
1901099617
3536375589
1001466092
3042225617
2840673275
3817744301
2712314955
3792205808
3879724453
772583478
1597372151
3290715879
2894000484
2097686500
1256996055
3556584681
349399509
3363832480
3077767800
2246337471
235495479
1441956342
3740860448
1756548732
3727712070
4020389468
3441690374
1198247750
2193071261
2023771562
3785852134
2348738152
2862930547
1687005802
2605740531
3157746059
2079490375
2989622311
3120899877
117418010
2036183054
1742332717
2440372754
2063638562
3495196023
4003752036
734961687
190863143
1826580262
200636943
2917296469
3838129520
512048338
1350762138
1327013649
1963842528
2818738324
2240011125
3938370082
2221555632
3728953897
455647808
3572970734
1045174110
1668449562
2636259349
2945414636
3042303146
640815340
2202881035
620034820
3697360467
818440715
3450557356
2456684122
213654472
2262907436
3610333097
2260856194
366053532
2058835375
3776317040
431137039
2712829902
166023028
480235019
1613022071
2833238778
2765293187
271641454
669491782
2373296790
3362945444
2898564316
3967743443
4203648202
1509799890
4236926993
1912464068
3150008869
2974476423
3189056499
1995860520
238042895
613400389
3338083320
4151799835
2708687848
69063748
2207800382
2006123078
3181547058
2127090056
804744103
3038757214
3877033417
1220579875
2019857305
1236639817
3216475401
26341158
1412715270
677863203
3312873159
4060423490
3291816894
2012108758
3110905800
1710480931
998815283
898167039
1012975811
3669284273
1174032853
79996943
1672261503
3326507682
3526080776
2858908056
389346294
3647811176
1957935013
1127315119
1151342488
2773429620
1139263528
1367899403
394139339
859206748
1873011310
3624682104
1578568986
1029182197
1674513470
1467953296
1033362888
3336431292
2716443484
94293803
3732172245
4237900239
4169646673
1640693226
2836618415
3537028819
2420748755
2684870110
2715933185
3980220027
2586718913
1075245531
3964731860
969053086
2208612962
936352354
2037612526
1688333877
3428925255
741332526
3615333148
949237131
3005538347
2258226740
4096900707
2644362620
322259209
3058148560
978227472
1199216778
1018105427
1820066970
3401049166
1446057827
2083103966
4022397278
428685826
51941162
1926372252
4245088412
1347252270
76996182
2796020939
1752842482
2273085972
1802120841
1244747269
2735038829
934609259
3844086807
2862546171
1443808000
2577864037
2748054157
3641980318
3534481671
2397155461
4199353872
3531492806
4278073990
1849989508
77765758
4284083888
2489380767
2952545167
268273983
2792146137
1025127189
3136926931
4055211475
1778522411
1434393062
3503844942
113224724
3190141776
779857035
910326827
3633357032
3887862858
2793460006
1977697482
2994757331
434108656
1078630261
4165690885
30592544
860364743
588438055
3216411360
2866324487
957419341
2450196920
1016749011
3537860994
3935615066
2949739012
1274828022
2238853622
3949774382
3331595410
574654805
776400242
2068949988
796758615
1954019099
2976557461
2486810827
2529682095
2706638804
3749398818
4005423393
521246501
4235345113
651526033
2697113790
699699040
3655497825
4123034644
2947916553
3467479245
3018498210
983022878
1714461725
261802143
2710984581
2865202327
2477146399
2476592705
3705210151
1393559220
2347315104
3198139944
2170018180
1091654722
730320343
1503271716
1982744487
1749710986
1384719531
2797287964
1215718660
2582962514
3760538235
1145872081
1586587043
113134477
2444410961
2520059483
1093499170
3947980527
1695237807
3426439898
1093039623
228170342
1330432720
2555606802
3892511386
1701668743
1744117598
50365823
1203172217
2241044914
1036007919
4226446278
2360936800
2195715701
2576157286
2829121816
3098139623
7789123
1845050022
1165430556
3902880824
874594776
2346262354
2261849171
2247424888
112865541
809814382
2820342735
2697194736
4226942830
1610623635
2611206065
3860581208
1241539601
3194567483
2044106026
2872372582
2977059172
4181484275
356290172
55850954
3004565532
3310195020
2823876730
3187364367
2531489041
1515478689
4020858250
3524763243
3487442292
3458278843
3084740646
2327863179
3415937865
3909202829
2382068200
791353369
2218371661
376492643
3545118928
1777666256
3424834883
3677096097
1748912078
1280981846
2092800691
104140503
2558368062
3443252326
2182173813
3590827165
2525203845
1663314630
2724063545
2686075126
249209292
3067029755
1595457960
4031107164
1307853145
3010061665
1834094447
1400898072
475921183
1067705074
207609777
1670738197
2769755195
994318464
1100939647
829893031
2124377912
473683082
187429398
4102607069
2665677524
525440229
3181270248
1806765515
4125147529
4229817727
1861756009
91047764
857393452
9349496
3926342480
1790963464
262913205
500693956
1079631119
2898410997
1681033581
144735238
2789488487
2877084310