2036069540
3113654280
2202141086
628627210
2307035455
414094481
1942579218
133356557
642198856
552064815
1429916886
3721394170
3828495952
4198986558
2391528232
4235960735
1235070005
408951989
4186924214
1931540437
3621538888
829482705
2926588488
349169496
203864308
2034900504
623150594
2846737530
3191927904
3578044916
3857588443
2796992113
401480708
3266435276
716633931
3721936994
4054891287
2616428829
2676172520
1189748096
1788425821
2640951578
312523824
78537971
1750304030
1309706477
446474851
4162471589
2824985029
3325783273
3936574841
983577406
1667128759
4008342884
37286740
2407113377
72498509
54550226
841771244
1538617029
2024259401
3368783068
767029442
3702188771
3919481104
3090783366
491356968
3231721931
1012031597
2753786589
3844656898
3501806131
2129300683
716307470
3866725281
1864467644
4037306798
1429208608
1873367747
2753982497
3414995107
627541384
3310413125
2058018119
4152043667
3136494366
4240591109
3232660702
1436731670
4152336993
3152682759
4198321325
2447246222
2254642449
2545184271
1287550336
675175419
2424280967
3573213413
3461678305
1977054332
1033899150
2663779391
2831814530
3940528422
