3061722150
2606888120
474738403
1801751110
274617649
3453572804
1560675830
859876431
1483689064
2712668786
2193298515
1601111886
501897019
2012851796
340705772
2282570932
1887685427
761864356
2731025576
2826255509
3225187711
2241085205
2017343018
976797218
763827232
1533012956
718705578
2873069965
4037907997
662856987
225106015
983899035
3166757176
1724457774
1459682725
3641258844
245131103
1030078809
545032596
2529200614
384463097
1903564119
2800744897
2207297718
1296773750
342813840
1775520135
3842910507
2811727119
70525113
540737616
4203127366
3271399881
1179596402
2648926183
1627929633
1024468536
543105200
1823720692
3326073558
1489070908
1725888073
3386311091
2391083351
1443101406
3341776409
1624433982
222240687
3224187284
1313297484
3594658662
4151064100
4002831232
1186284922
2388824686
360311653
2285493594
346096187
226034052
2579976242
2934344441
3427077212
3194297383
3073730668
