4283264072
1321620842
3741259123
3879613854
811760763
3554567295
2444303322
1590017562
128543932
4112309038
41604471
3480097541
580556862
4029035597
3411871243
1339489847
3124303916
2044495783
3526854572
699286546
3114937520
3855862692
2504416704
3997953039
2033071917
896087863
1596845589
1993251711
5001597
3083943301
2902707885
3800237770
916736172
405875616
1964585274
3327582103
23019034
4275441055
1767280009
2610108590
2000498794
3341005431
3158633800
2022486994
1218857001
676897881
1751404551
1995228271
3822667679
139474105
1222146341
3432679077
560466148
4205752110
2245225710
1372203454
1001837545
1003561306
1064046024
2868066096
1263233762
2767338357
1523786046
3817290228
1674171008
3539725180
4216109374
805555100
1428260156
3998839276
3806357791
2919794305
3980619492
1502662603
2324169510
3453587317
2397972422
2882721873
2239563699
1191293716
409998485
208982246
123621521
4976650
1552107443
1261010843
2217013025
1198675957
66269678
3484797608
186533250
3987244968
3602590500
3270712373
3969230315
2313574301
2017057655
4114947244
6811139
551700791
2697852399
221576522
2907558045
2780335200
47169130
2333905325
2066691542
2631119276
1255427430
3897756326
1470849417
3030218305
1659862833
3960696538
2808311658
350129525
599174339
3049277399
3555489985
645772237
1886685353
1628719183
1815982566
1197971862
2461472545
2687298861
2334729970
3242450708
4195626008
1642199601
2741520476
1585991812
2385983643
2990918711
608063231
2825416738
522926276
3045729622
3708100742
2241780389
949910564
3361097236
131846434
3678439460
3538082350
3115997858
2720363404
3792169135
3354594394
1973865421
2780191078
588823798
284644002
327890423
2331594649
1171238677
2101698010
1513570988
1075624
3079146123
3935272148
2078945131
1947250028
4258694601
2182830725
4022851522
1041051803
3536293677
3538022423
2234695327
46859651
1831040727
2534600599
1220183179
358716455
2371791818
2077103427
1401946530
458731464
1833537855
430070722
864146436
123202803
1371970923
1663334263
2788305372
251991962
2050050776
3192441951
2237227430
2549587061
3186683402
845216190
4154033789
3556006804
2181653431
4222350405
2175730007
1050685735
2356951695
2835934019
2385478489
3187736745
2812611116
781633837
3679145335
2412275891
193681610
2201014348
169105022
3469685166
4236059148
3204397550
2056046550
1566975344
1979238250
1739835988
255546865
1288341278
2783293241
24976670
2113283322
2168645221
3458045834
408784813
3041602483
734177366
2317851593