1130299635
3632258236
1207705029
644670870
409600434
1982944023
1756600244
1948361069
2223991309
198832197
4251159582
1887427453
1839892586
698168619
2945807672
166852837
1992183824
1433526776
777767121
1105143031
2050985029
2699099961
2866581913
3246015793
2997075342
4254435393
1401731947
3193979472
4280083324
1553511608
3424165308
3677031939
383785485
1056969979
3891568276
191845432
1036388882
1467628431
3356535144
4253846524
4011643990
3163785368
1870449150
9096479
960584882
2302675825
2317261643
3853166444
1671484415
1378785178
3198320723
913407826
2541747618
1217120462
1108862632
3951967715
1823143436
51303739
3063210140
3653730406
1252016163
3129188122
422567431
3897316094
348467985
1177335757
1231488152
2412716727
634535343
2785701162
722758457
506589428
1569146815
3831331935
2475368408
2661273495
3930015956
409741896
2178650241
2429683447
1379179445
2474358572
3297947316
3361244616
2727831831
1438429947
3965525011
1374809815
1922636555
2942046899
474989209
1593174854
3055456957
2762858968
3336477083
1939663703
1077030030
983177934
1614120139
1321536246
3231146887
1720376588
3539465416
2629169509
4183248593
2388960322
1824419919
2884699739
697382235
2704688668
3076158250
2617725014
1089785054
883857841
2223408734
3855137440
3289423708
1155611208
1951732875
1859367534
1804926277
3560873239
845841502
3193423188
2667166328
3706987414
467514359
2972958520
2085187729
2048241434
921259080
338187059
1505412254
1644291885
2883386982
2335786217
3910389679
3474364569
3685078621
1407141827
3646193057
1380898046
2062109528
4260101782
1737785598
2634821321
3002684885
1148856201
433466528
2943832540
3938989124
4016257227
3771854535
2893803589
4107322648
1124847186
3922020125
3989180528
3138722070
3379502266
3276470652
867763581
1134371542
90426584
20526413
2827971234
2912462209
1977620636
494910087
1211092080
3186914885
2389784306
2187632715
2364071002
3703321447
3280691651
4221706157
2804125947
1123140967
971601621
1321110089
2445651782
2915340011
1757857668
2416171042
2163031969
1376866387
289318348
1097168095
2095821804
86663341
2300251978
3919651459
3740795258
2440694158
1413457881
1408281619
276113689
2588346914
3152162150
3945189025
1382734982
3785991468
4070772735
3576644631
1729894400
3423698903
644335857
1597983926
2128499718
1424843572
1885475742
4119763219
3364513583
2172383365
965109697
2194496435
626968849
3547052847
3275249062
3308447784
1808736608
3853057361
1044281656
442153311
3387575925
2813345970
1272592295
2881704802
2602047843
999263214
3808996078
723792847
2734875008
3977194496
4154557515
1568681430
3788604502
4105756308
3685851501
4089277147
4208854616
927851194
3255670573
569818167
961089710
732350909
1179728860
3120082684
3048691162
974532224
2856649194
3366790731
1407732274
3717523658
1034831145
1997740994
626177645
1420956932
4139127470
2006906265
2699420221
2399748623
2982131982
2308110261
2994899559
267229326
2704153831
633741215
862354960
1515170508
1580298361
3152512708
1039842492
1989167359
2235632466
3517628478
4005319758
2105581635
3626645085
1158097998
2599315262
2195568056
1396845831
1692153186
3936800251
4180077273
3184745745
2183213093
3072074915
479665415
2123288893
4091918556
265495805
666778280
880632302
2749388459
891538740
3571355533
3618167845
3769676432
621485491
3314947279
1160530699
2327084824
4064757391
1823987730
4154214536
664627273
822624599
2614121033
2534204350
629814348
1957478594
3822431809
1339458318
1636972990
94328372
3259929752
2669475317
640539987
2514304129
3820271629
2526891734
4109767398
2968414130
467841096
3109202779
1207082109
1863098847
3626562256
361090411
63453125
965903082
2339092577
375273235
3296411894
4078062965
2800797279
3611863354
3337976929
3157195529
2778952759
866482247
1304746658
460953795
2651192580