126790431
4205285013
3753010137
1600678260
4204312407
842841989
2606816274
1816799169
2603858044
2997682815
1001014648
1444805708
665175767
4147319638
3995740769
1732483621
2645690277
1267230968
306235642
4235107578
282730269
3726544969
2457899855
1574266162
3519909522
3780979701
1202945439
2284827525
946718339
1765704428
1369778927
1534517098
3382592823
3987305906
3050849235
2871649753
430972901
1242540109
3884733596
2347512049
2380614900
1927788063
2780607504
3785092456
261676684
1417150114
3054655568
4133351333
3444369636
1521175809
4036460683
2980229108
3309271529
3210719298
2203617758
2000858567
976309713
2653387938
2097047248
808002179
1469509642
648684573
3218193573
3272962060
3711060117
89243570
2699890088
3919356188
258127875
833146472
143865944
3468033190
1037192457
230560628
3912013598
1351089088
281001436
1045434988
1111453097
3465073179
872578589
3860790315
551350495
3361813623
355424428
3440648656
1761434153
3930159969
3466851952
2633432925
187242655
1178584538
778131252
3531627728
559255339
1816219725
534296581
3573275371
3907668240
4218269664
1481764610
3060193805
3491196505
1909717616
3685500457
1529330288
1911270988
480041776
3621629727
3453654767
2926499435
3158255522
3821692981
1009774520
451672265
3253700788
2868660452
2446378228
3051934844
818762764
1325036892
3723930195
3658594863
3999210208
4055472044
3715945010
484755847
2707980069
1806458718
4158502547
1941560698
4011823635
2865573597
1391359633
1157593261
4268976392
140650232
1487427404
4064587398
4135224373
4136251216
2369946042
2178187721
2367552130
2447459037
837673530
4028210805
1242702679
1611578568
1004176639
3089297876
57130908
2385762928
4013153373
4252336042
4028761193
2436581045
2929416641
1043158140
3951740600
3996327787
3133389246
1596219881
492556065
2492518581
142896856
1139844004
687370662
15688515
1546854298
272614134
1601852453
3186690708
1178564897
2787362270
1229351092
3005391727
3005773071
1970290336
2522943148
2013567645
1923401431
2422243132
296710492
2955878870
1719192683
1877552219
352837109
2201774869
3010951904
3076310935
3846604002
1000701957
3394879257
2149977310
640599450
2054830779
258546704
4170665410
3885999161
4288311779
2667872561
1519191219
2097600922
252331024
2413464401
2977290627
3673761713
1023668253
2450397286
4020342465
3387331748
2340932809
267775863
2695185887
2914588112
1182367602
251188932
2467620486
3422648859
273006658
1590649185
3863953881
434386455
2391601794
4073800217
2818994732
1859978801
3157832463
3653915304
191866955
2823199184
2303494634
4188002647
1568969173
3121967760
3174342446
2686110766
437674535
4078382899
3889755094
1472208314
1768033898
3802449105
2312563382
1550610302
900703639
2891266046
3070384477
2088385500
3442764607
2288986947
391067841
1218337265
1313069617
1133289429
4128584456
2994842348
3608626768
3517352229
1250876568
2485167953
1677079507
1437155082
2019659862
3889093522