2903550038
4007615433
1785956339
3586949831
716388779
399815380
3276937777
767029571
4051311499
171680702
349231038
1916203567
3711735912
2645903866
70607967
966098430
3378711391
3106615306
4163553640
1894305958
646792762
134655681
3985215783
3855005517
58895231
1212377716
4122646174
3173521162
2185376382
3648405370
3154649993
1140732095
2050478887
3535414937
2697630880
1545347091
1856751682
2646518428
3218577678
2929288622
3753234751
3644663660
3983411483
3982007257
585317357
845651291
798459411
1721994245
941579080
1136025337
872844652
1401413872
625186625
2504549701
3510129958
3541219508
1949477279
1664378633
782396145
3152819510
435833901
2253259944
104689322
1717374130
3247590963
3255088041
3688360753
2653748094
2404365426
949233100
2062023679
1556586124
1620340780
1804270779
1642601963
427258856
942881179
2987006758
