4160463360
2779990096
3180220961
3517059686
3149347424
24449143
2499945987
2689287431
3133014399
2234381106
970152900
55668091
2302143398
1519528362
2460677212
2555675901
2765364652
848466751
1722280407
2574246843
1751428814
1843520748
2401904065
3558291832
1983731008
3876332218
213301382
3109651828
2077295512
1716463414
4002647387
1068939357
2002340797
806028131
3656907320
459168463
859390932
2423950736
1500763362
4003665178
1473521398
4207998999
3786777179
3372590882
3969563153
2079173588
2543240457
2834487867
222346099
1498341455
4286772186
310080402
3768866133
3967941407
121629075
997692358
2212746825
2217132529
1899321952
2751951158
1223717875
2149718794
597540766
2184643982
258984635
2033877014
1315710978
1189912501
2240552207
448125092
2659462189
3240555835
1718337133
3827863110
7753581
307794878
2131896939
1205817351
1311893470
907839193
2254160231
1512660631
314906209
4254815062
1956803756
1309073233
2818843541
3406289272
59170798
1656474538
3785166754
828477693
2772344929
2761361031
310004262
1138264448
1175294798
1002204234
1772181689
3774027301
546254838
2736711215
1979254089
2490099724
427180355
4025615360
3370499768
4227944481
2638069765
3630456858
899162785
1531630831
3594468980
1087872214
2019533532
1272963156
84246445
1869409740
3598944654
1176744613
3645384762
614916226
2269561570
1012444505
2079683577
3519153697
2532715244
2872445880
3430293533
2768325034
2461658151
4175247634
1266438778
3294862591
3202178665
1494617795
2483410315
1404285010
948991113
3889207964
3879900173
19702781
3921469233
2409015315
3252186950
987753745
1721119316
2964472015
572382045
998907930
22975339
679889074
1429690551
4285325180
2611886043
447385884
2183500992
4070023273
1433309042
232393674
3780059488
1439547414
2351676560
742946753
2629346902
2957413606
3064675095
3584097726
3865348998
1416188187
2193308973
1727060696
2328680521
4218235561
925355315
2624276450
1733614835
294345757
45028308
801532081
3689166428
2529790078
2113918869
201682014
3846361479
1407487150
4110168979
1966220470
494064268
841321159
3304161866
1284445237
1678607502
3165452906
1568343796
4222980308
3711545143
3867977237
3031364189
1710152290
2848700727
3278421008
3824793854
2726317170
52391202
3691862725
2139896671
328632248
3459330697
1470142142
1068240364
1074909208
693153335
2669309719
1898920759
455540044
2827218166
2567222180
3291375087
163328319
2001526314
1037087387
4252718739
2459129354
4236120982
2981846960
1031856322
3740315949
3095903157
240338
622227728
825925569
3119109131
2110109148
2890332446
2190074962
1670193526
3670278584
1927705748
2020058922
2279260545