1678307687
2954553416
3260159189
507777514
2195331610
2440744868
1550132378
4000455327
3981496765
402239579
798029392
3892336663
4018039729
1570792857
4118245052
970551726
16391966
3917126696
1260075471
4064916975
2128309147
3979189576
1236188331
3921252618
2397650638
664278729
1730624956
3806388082
4033197063
3298349978
3628131519
2679252142
1253521503
2121715217
1502285212
3092018600
2675850528
868770590
1249129996
2300567175
1075688171
4107284644
1058671373
2007686116
3872208940
79049611
1381800883
1333235256
2272981164
185879126
664985745
1956092089
3059063450
4000959632
1021756302
2171768152
223646346
58067725
974916494
1904316872
734351590
756232444
4045651768
613768358
1467151617
3265836389
4215765106
359690842
1275185410
1349004812
2223666830
1717345251
1480845421
1676242752
1130521666
2674569189
4176187742
809539644
2771746434
2003460850
1217713466
4133655524
411988263
2208840433
1487769304
747272436
2364542746
3616864824
1370675957
3550413010
502539191
1713609800
3423903425
3656348077
3738922664
3496615966
3017032395
1541045196
1069875529
4222516326
2739402856
2055267261
2925006574
411635128
287770215
2707756577
3789817675
1697158266
2328902881
280339606
858097720
