2597326120
2378533343
3164004437
2907320146
1203353062
2515046072
752206825
295942167
1213120882
2031865729
2569907142
1469866813
585973285
962619569
4004883775
1422363326
2444823199
3279325365
1953460062
1770355811
3904912949
2833781065
2960894757
2512767329
3402784778
1673651823
2283317877
2236849837
831846140
952898663
3385092329
3615086067
5184357
3492863263
2194212234
2993730383
2302567668
501623623
419134332
1351570939
1537951721
1785601393
3726479712
2214145037
4200154901
1595496867
1361783592
1915483041
2468782224
1538260339
3232231831
155590936
815492439
3037234152
3522469758
3601723117
812355002
4224954056
2798046631
3575300718
3055221309
498944012
783246067
3661557601
3204844895
3412769390
3208066327
552663386
2412229661
4254560020
4092504270
869634733
1767961572
511432510
1610799815
2418237509
2746757372
3771621820
2333558980
1251470258
1226308010
1865961488
3003192393
3106111022
3978458966
2764268581
2910922999
1949654133
447551546
287111487
2616662377
590477775
2195369582
4135651240
1144877405
1457234106
1968611580
2665017600
2995075956
3717666839
3114712130
1190722531
272188213
41160479
748045441
2944171916
2820265987
2566115465
151168432
3682490740
4069655305
3040888611
2259813609
1826800735
1029914196
3092319185
2264929385
572758349
2854521866
3248046882
1868165920
1350417082
1822184007
4012842817
