3233943893
4163206692
3146051386
4157416789
491243236
3298628304
2288215372
2151594767
2051801519
1608587220
348670344
1500164139
1318330598
1427285966
2962690511
1624808992
2395907833
1764449141
4164278237
229678488
825514783
3334243934
868942723
679527186
457317247
4194854820
762263860
2789589530
3873991010
4145530041
2191502394
2498519468
1677758492
1001429899
4017160609
2725654212
1330508231
3681945271
1143905979
502322042
658605547
4261558857
3214460791
2352520930
2317334637
1738320899
1807083138
1353452905
1366160687
2869912116
1941540046
2805318325
600153421
2914513198
2360202737
3968971929
3034093485
1778456188
2363873341
1730210269
22495108
4079773034
2138332580
2341846569
220238977
3639842608
1338825925
1908063707
333650949
3112500927
4138499417
4098027250
80599936
2046999111
1303460886
2135436838
1606248222
3467526706
955571935
4135718665
1012972550
612540391
1611686239
2799249177
3827772293
474941637
2592866145
821382190
1675915992
1913571959
2235015102
3825946891
440337517
1582501793
404235126
2163899316
1793005741
