2747392201
4118600648
3239688544
1270185001
1883843301
2330947418
2245702078
952719924
3915355720
4229544190
1980948526
4166042567
1837890919
1987388875
311065837
2921600506
1412458042
2204611657
1873977460
50721359
2576821313
1911025926
3683844140
95562942
2206333889
2021295166
2282238067
1520154458
3459984345
1483572135
708516841
3574772329
203794091
552116869
1648964471
3278620388
2920169625
3857589440
3144717143
2754693665
4242730233
2999988440
1996003213
3895200818
1854285456
2440113697
1232414251
2021866952
4139403742
1910506547
565119119
2699512177
3760754562
3485563061
44276974
1975958392
3201146916
1008656437
894672712
1730812696
1622845322
602919512
2951944999
4150559343
3817773949
3873173155
4086414146
2772253346
2744467958
3915528373
1133959820
968454484
753901536
3336548298
3449700430
3962498277
3171426615
261612925
1927232881
2522699838
1787554134
661204485
2398938718
3877303355
2874204712
1700804304
1387929044
3746863686
3919865502
2391483158
329561490
2887942494
636371416
2507047266
506292881
3469009467
3208685151
2698478482
2569223701
17986684
2872135216
3253589306
1272707742
3914159723
1186378596
875363194
778116181
3575879902
1798134380
2889547375
3284669431
1621908648
1794671056
742033196
845021757
2506341982
3980049660
1291084521
1514839982
1709608826
2852565969
2444547090
3298887325
550185446
3961360434
2530815326
418244112
2834889805
2713846726
656138526
210602776
2337083254
3511615298
791184598
3029842201
1938003131
128085627
687904803
3366209090
3103781263
412686576
3327216065
2473767050
3076425200
1981635930
3508250249
977671722
1531023950
838123154
206599579
856372079
1808545327
2951500819
1658202410
1698409196
341649814
3683118699
2975944462
1866255081
4021123848
2071441975
2279835809
829359256
2052351678
1504240814
394608025
2792110863
2856078286
4119838957
3711512262
4197083596
395904887
2758009286
4216987083
2798619886
2906733488
4220661918
3695050291
1422668656
3955643523
2303299969
2160266075
351504773
2835320629
731984059
1258162603
1426726494
1111589067
827063699
2371798674
812780171
3523279956
2316917027
3167150643
2371380737
2354180533
1014463666
1301262174
523221351
459529654
4154186989
3783556368
3183886767
2441250630
1957202228
3095472623
2700019298
2439165624
4123641539
2640223241
984924906
3869608137
28347264
3890219321
3910104335
4227691524
3992823726
2307336736
4131985485
3493431409
676593023
871292260
3191393288
3892831590
69370263
858528055
2269126945
93728949
2078235305
2787172119
788531320
2367773601
3500936038
3091086610
4197448813
2163216906
534262079
1061543271
3218654077
4102662710
2241530406
4122167689
1476429411
1088965455
2541283827
3874711651
2922713066
1416296538
3991781839
3933537816
3939045704
2517323789
681902605
1789291453
2168112482
2042047979
228644850
2544604083
2406635154
1717120155
2270075707
1144988275
76487161
3697911141
3209342001
3912698590
1252350041
117716342
2420913926
1669453391