3495562351
4215133208
3756069509
3251467186
671910124
927760951
980910218
1554833499
4169181532
1804456183
2928739257
3380963857
3062659972
2678905892
727870427
2178095765
2581541144
3041373071
3551529926
6494110
3891540887
2647753718
3488236865
1622993421
2318210268
3580733108
4267993293
2681008257
1457189137
1613990352
71220742
1233110532
3924407697
2710381664
1177834653
2586309369
2695744650
2991986560
555564652
2629216025
912593496
1529377951
1897317921
578011842
89584653
2698473584
2078510770
2693523207
1946068937
3522046178
2629429737
1848169156
1392432458
1689598829
2279714338
4078925975
3381795595
426125841
4095506842
4273337671
3278239689
442279743
2978484242
3045408824
2046391044
3919083207
1569379783
3743890776
3809335451
1621747545
64100295
