3136380461
158106680
3854585404
2159666912
1165350144
1662326836
4121625402
559225208
2189333998
1909018557
1473853258
3392820620
3103510188
2023562773
2149302044
2220616286
1595829223
238353367
2214246315
3474846527
1318887735
2256381809
1061799853
4145024123
1763568691
3095426228
1894628753
1921597549
880062443
3310160627
2958549169
522588360
1800049626
2950729358
3466620605
3948042643
3664133816
826542740
43493043
455713008
392670056
1023330045
3757806819
1705494101
907379107
3737667697
2495327795
3988546312
258434913
2088692033
3616974213
1816526195
1180022455
506050588
3768974587
1760860381
3423398321
655613228
3766063530
1996735262
1468678104
1311203542
1774203473
754389480
2312182073
3387324307
2652218240
2275702536
825760437
1183417731
2403870617
2190483893
1716739241
1290172734
2985225925
2709458840
4236411076
3362704281
2488679163
1774065203
3969238290
1970972683
570240003
1281167624
2408586845
1107188261
3776232449
2090393347
3306608376
1271608667
47963235
2184324527
2004470157
3670707007
4293742239
2253199325
4056531349
1451925485
3701600483
2240664474
2091494378
1323624512
1599843671
475182876
1465196884
811583774
1414330984
310805868
3468722951
322994602
5584258
2679955887
1364425650
260234985
10281879
2693133991
773252541
2425929744
3453962742
1766523390
1737984755
2022825133
1181580374
2494846969
2567694703
20153166
179562790
733146445
2951743385
2799310860
1060185119
3017765812
1725722224
80160871
348766185
3419734262
1031708724
2229296178
2050171197
4160717582
1891079879
2157952575
1823082602
3936425290
3281515362
300665865
220911929
3878448096
53962304
3740937169
2923646672
958472549
4030948318
3443487929
437863989
2261115498
1557557981
2211607309
3178551368
3832655590
3509936516
773209717
1095169658
1429653045
1409373313
1031072986
4118216681
3730399343
2899513726
1379171400
1445670800
2849369275
3137782254
4138391497
2833679131
2429610034
2978597294
3067171949
2637038930
2535228540
69061066
4080858328
1969791477
2738142144
1570631862
3701518224
237408775
1439146602
155064740
3178317701
2945984298
710163102
2804262208
2428619943
759401731
953447132
671412011
2335677476
942912154
3411212528
1275263380
22877761
105860396
1523077398
262062094
242274371
3846098513
3919119648
3306411707
3957605132
1649863258
788820368
1766225059
1459778845
3634165626
3740066894
2938039383
2075082146
3457088684
3519914846
841289176
572910010
2784973764
2410803282
1215231572
1478620022
4003461213
3011683992
1375391463
680506708
1262819157
4275940929
176937675
1866730328
3235971008
2190400768
3944465877
323896358
3967750570
3433441925
2905593724
1906144179
2184265290
1731718952
1094430224
3312794941
1603513286
2030007587
3483296936
2413737474
3551509405
1870396317
3132328024
2592134778
3177398388
1348255040
4140420257
1063602629
3218463647
2252551441
1931164908
1048717956
73902221
1366365859
3641318475
1070851244
3301652434
3135282376
2839128891
892895620
1597565412
852867885
2681648981
3661355507
4038908344
3206898538
137355717
3045531493
3602712612
2366653584
1748471768
2914596785
2825744270
1346580305
586466202
1703651962
2078361613
353099276
1471579702
2738608345
4229225761
1159662293
2248977336
3048905343
2657923150
1295401322
1357587238
1785831731
3230778230
3673670078
1428081805
3831278889
466439998
4220340309
184713329
3458288070
514833787
79327951
1445567
35692153
2824553391
3806334380
1240890154
2477283015
1886004783
2051252917
3941028999
694633534
2854857174
327427771
2436466369
3327772165
1413181851
4002383468
4027826294
3303947364
2515505822
950942411
2416413458
1337581444
1296898845
3384334476
2656710730
2946764635
2950505694
1298040
3449909443
96559100
3128792564
4278186202
646020898
2518972279
1182235641
2923315848
2105307464
3941184421
599727385
1892918953
1174143743
2320300496
1871690848
1016723105
1304308286
2833730875
1836045527
431344229
2408657494
2958506088
3226348830
2153603050
4234699467
1966826532
3113934291
3180768936
3555758969
3437089089
4202801778
694642064
3709688321
176605407
784854426
975328317
1950808647
996005287
3256040252
2837395769
3340911101
1193334416
1121621423
1820852911
2772552372
2063435834
3683432038
4239609091
1710148027
3520952984
4199667193
976127832
1119461015
4031696630
2073151887
2616861164
1081932860
2992945169
590699435
2624241514
2418813496
548948478
2997318297
3529997759
1171476841
2898764042
3856839893
3244244818
2450875227
193058584
975459735
3973606817
2316971318
164378799
859378831
3294214103
3131523508
1585634245
514410079
2542185351
1834167769
1408476242
2176055720
2632460810
2975421051
3612279752
2504751885
1809707837
131650950
2224050896
3046836429
3888862631
2492222582
2191791584
4041085933
3975830045
2616490513
482613499
1335773493
674681774
682024731
4226530465
4193579226
2496953029
2316150415
8000419
3503374064
2773974691
515334193
2496274227
2464855645
832458885
1911414883
2943265907
613558836
2224300661
4231556926
1098252393
4160106134
3623614729
3572098411
1316334359
2397852175
1883095474
1363490460
1056765549
1794985505
1931000979
739087526
1058771794
2886631850
2685493099
1539437327
1009592696
3840589413
1260296547
2001067299
3314149218
3212011149
329374945
2170366104
1273136351
3994470258
2845468417
3753976494
3302268830
400300696
756045159
151298763