4133036324
420833611
2880672699
2945348544
975087291
1893730655
3607042766
2490053315
3635648777
3086794707
1854955575
2542589673
510227051
3763456773
2957164266
2292490160
3056021856
3868714470
3132985669
3592626374
2416008394
2815792955
3568793967
2361018533
1293837628
1554639559
3031605345
520214093
274011962
2590316007
1920270023
3513402330
4242149295
4165391785
785271891
267328993
752236928
452486238
1088953902
2500313508
3098361936
3824538822
1331864190
576101968
639563299
1874228842
4201899865
139655104
2191118859
2408443642
2493607163
3401143060
3209724553
3095201917
2321837590
2727106624
878739583
3826586472
3171422729
1862228086
1006133541
1254552236
1457496454
712924341
2370295754
2376450562
2854886389
2106538671
2751278757
3982983204
1294081371
3484727600
1790977960
1455808734
2027281867
1431621393
4238755112
1549122494
50603803
1376622486
69405776
1628652579
2483065376
3338189788
227214132
2323920967
3204177946
2184887185
718387071
2911515308
1379824560
2436213056
3088440045
2008794320
1196258901
3084795660
2278457197
771247588
3004985719
3058990591
3188404017
998565673
2119671168
4257661972
2829319382
1244651388
4214225156
4293889609
3567602278
3286070892
387191755
1187680244
1733782419
2780589118
2883344015
724557544
4171746471
2754487320
2568651643
998968836
900681177
1737817749
4035039728
1443907089
429260831
1364486759
3128276365
2664106301
2214873637
2618709079
1818762844
673197698
3297514560
879689409
3395095056
1661742585
544426871
496056276
3899476908
3803458951
2089214527
830752008
1563507474
1886158534
3968845555
1478797106
1256796363
2651468183
3799949595
462588510
1807973962
283064487
3739004843
2378474376
2127509136
813393210
239769164
2233355349
1254140829
3181973758
2149136993
4001857365
2779060758
2747081082
3449266560
1855661540
2039592232
1497454033
3644196387
273749295
3806711055
1990343207
994143446
4286899384
1827191242
4124305660
2433761892
4250664128
77318100
476952026
3622849445
969851513
2490414387
461544520
3636318784
40917766
735493802
1173574062
1631674164
751820197
642476641
3987615732
2080175334
46808803
2640140275
1084367817
2922108160
609576763
1339512097
59398341
1478838654
2919744375
74921874
4121930159
1934593799
1916679035
803360727
786154347
3329170704
3132230284
454236973
3318661434
534713248
2618725589
2412096028
1706738919
4140140422
1924534745
1617975342
862526436
2247407635
418949698
3609553531
1679218335
2868417847
4072826233
2723180434
2403182397
819230003
1148667571
482305818
3408518030
4118147922
370847375
2776317375
616963341
2156289232
1715177223
4068169552
2007989059
717505377
4166882771
3478024973
2451592471
2812407048
1594656021
1253588651
1995565680
1092692995
2076081852
346580599
1381999363
534321905
678692116
1578427863
1188409794
861671559
178054820
145683090
1228032795
1472972767
818473892
574671227
1439483922
3680752740
1379071282
375499554
2809435427
163545918
3575069661
914801906
3735272505
564311945
585870133
1748594083
639697757
3193521901
1177987354
14633864
1011012269
1668300867
862817787
3251926337
2206860219
155657953
1480702558
4082838419
3520865006
143288631
3318880771
446087729
3726433798
4069302262
4205012581
1824314948
1327560607
1394977317
1260620243
2145804228
931008792
985371987
3126293175
267192591
4135719975
3475638479
1095530923
4281066110
3207406791
1075660701
2356739
4150975545
1649414414
2198393960
597474379
1005267109
2126280841
3035135864
4185404668
3853635284
274469143
1439882085
2262517679
1072977049
1052424989
4205593518
1512855815
150402007
4153091021
3950633666
1410394855
4041417651
1164209580
157450611
2264222481
2106564771
4111273176
1734553325
3322849840
1532526952
1772786088
3680970497
1178386850
488174696
3590056972
609245820
3207249254
2511559971
3473774961
3138503619
3673589157
3410769556
2355383671
3948416336
860680256
3336558860
2578638195
1800722673
2164480592
2253238847
3928145775
587888422
1104827436
3537521452
2601272031
1224108912
3092137558
3182471797
2022234172
2642397162
2702065204
1851663568
3135169441
401794796
1840225575
1389726245
2455885554
1742054361
4218979020
2685839983
1998539682
3725132170
1009412351
1059708651
2596851673
1589377544
582131689
2047405820
1641185352
1932773261
497495004
2783417352
4125913287
3313786252
192210689
2056755761
3056807895
2182349133
4213773431
2063171072
2376441418
2186082163
2719897707
2881156554
2969085672
2035633235
207440849
1837377673
1247082299
3056429564
3293614340
1027273212
3129972466
763808217
498584530
2471362238
865888635
1842680317
2853995068
3332978062
22785908
3890541321
959876373
2836359840
3495817547
2670879994
3340639609
2304823783
3078152323
1585966445
278727477
3450145161
1263062638
3878444678
696220743
2967010185
200283885
1948604753
942500449
1692287104
1642158017
3468632954
629344108
2761819287
1703635632
300358639
2037956262
1750433777
3667535440
2438433017
483615915
2003175033
3019815285
523864945
602046319
2639056766
3749270716
403800133
2686314587
4138304245
3458394919
3175533272
1411042083
3534055106