2017139007
1323284222
1223978822
4239264619
1244405507
1012359186
1540123233
2626588019
1984139142
2558692338
2056004078
2822678295
1958494789
2553900622
4218486517
1067972356
3778196502
1324385173
3343294124
82612996
4194788398
1207769694
4017446512
3736886303
4108351596
1825859748
1141330142
1555253715
4274787378
1358374265
515265030
3553411816
1511459896
3131263223
3571834613
243591384
1279991600
3481001143
3901525427
1888255632
2935092625
2715919136
3463278270
2121677327
2458996580
3962448230
696152963
3301078236
187394094
1408611474
2497639856
524087761
1521805337
2523154496
2470243975
3559738331
3159789023
1222895589
3525749015
697676357
3252941762
1688359075
2859609241
1949682542
1528022918
2221957479
2265040976
2172996353
3427292357
3473699802
3018735221
2776362897
3614584893
78127573
1103049586
3348360871
2493375231
2504081548
1863615618
2484880740
3379089955
1452220677
3359858496
238578453
239535975
3847114023
2045929037
693274210
3370355599
993604362
3483494485
445791580
3616585699
3991274882
353589503
1157064998
2982178570
2055247227
1151755429
270827260
364824335
1524894302
2542296019
