2208033087
3650272123
1344596767
441092561
2236865358
4224678704
3049396831
576415136
1546637150
1175300673
799935287
3158996698
3446095190
2132381516
2610276202
647850464
2662583420
2289270128
4282142294
3066776162
800018673
3870100368
1003579003
3918271036
4073613318
973094423
3189404599
104057429
4267318367
136053206
1179178065
2576158531
3325682472
2917162158
2027100176
2436891871
2410020284
2549822146
1968197984
3372267386
833100574
3784674844
1991177530
3523990868
2575379757
3185020658
352222773
4199229297
1941243892
2199474403
1828658016
329174183
1534972200
1383691663
3397916596
1599001951
3703563609
1234229118
2624625096
2688749173
4130143856
3622898008
1738678711
607416945
2866032085
812838073
2469644126
3922996439
573643627
3274222644
3529107060
2245789053
2581479150
2173225725
4019523209
3316434877
2414384158
2745359253
3788053877
3427537526
4214141131
1110597776
390604730
2724292345
3990846299
3161289551
3370827436
1068095573
1063846624
702375111
1149971827
2400427132
2440839714
3673180569
3319769256
2877711834
142953548
1061340452
2388760054
3652073970
4179387566
60375292
3096259547
3160946873
3146639676
2423266592
4271775566
2564790118
574137926
3934474798
3745422762
2741871629
3943592038
195924142
3456782849
186901886
2340382667
3602944395
2535378643
2977248936
1736405555
3168321117
2766775339
3213188363
630373609
1540897578
3735248824
2393989173
492432722
2610784743
1570033715
3183880010
1963336764
1623742717
2659396442
2134868718
4045328257
22314619
1740723592
619522922
2733746147
3285867521
3392231344
3145710132
2418374382
630685642
261421684
217645252
1495473577
2577714690
1231852353
779874868
191219478
3642687100
3823988107
2248054363
473037567
1666788390
3356202521
1597747769
229157424
754403315
907085230
674348061
956223610
2461857849
1282760016
909105799
3963797480
3372871775
1347403162
382657416
1031323190
4127514954
1069803335
3358849340
1221889925
1589064266
854386238
2233004492
2537364693
1334694130
1693964306
2563755274
622394530
3405436829
1966214061
3040313421
3933867301
3623392228
1721513874
949119188
3352734304
1072134480
772939382
2898345079
286677077
3796757264
2325169882
2777654300
2040275578
619648580
514123865
3710860601
209826738
3074563951
1356578793
2801811556
3835252836
3109584901
826523175
4068800491
3336747061
3130849906
3382615601
4147711383
2813359725
3058603717
174463129
2477298564
2875154785
836970237
1581426354
2557923399
3484360218
656824340
841128451
1531733685
3485858080
4048122971
2901270617
2263361242
262862252
1201262423
1830771863
1859154379
1418777559
3718104603
3396397618
3120488869
1409502591
1280639983
2528389334
2735866786
2103763737
3912464267
3487296872
2362236662
2566142512
1497022466
3007680703
1464918815
734426401
4229991072
4077286689
1867874140
2461908425
2688418723
3781673512
394714290
1092408646
732197670
2300191190
2459294714
987835821
447528893
3458745768
2446661762
1853239264
4006782848
1928611308
266659787
2394505917
3144425067
720780009
3990031424
1691192913
2634998656
3925368473
2326226366
353178738
1815975464
663113656
3431749572
3957517929
1211054369
885357524
46373516
670160450
3808062281
52780547
1537733316
2882716208
1008794601
555738493
2013336310
427841976
29613706
3309757422
775842600
2164753751
468548519
1353508511
2545846461
3044330041
4191586804
909863110
3929316154
4012840002
3458729817
2974957347