3734969630
3732885701
1437923174
1953587765
1889061036
2005139815
2599130503
1082270488
2886643394
2846373014
525434263
3088394524
170570178
1443179080
16997142
2063607990
1025964698
556229369
1974386122
2470892075
3645381358
1637128941
2528146302
2460252091
3734692250
2551003392
2920706287
3539950168
1949673080
845480512
1672205429
2271676997
4040608326
493328711
1749870056
3381093859
109257959
4209860366
4238401978
1543311122
3603318785
766931720
3218467284
1485998403
2709801951
3694971725
2195760981
3265485284
1356986632
315375041
3006572333
600895725
2648684137
1562390106
446320695
2754529251
1181308177
2482431065
48355175
3146093200
2693974401
545215587
687448907
224070764
3303751048
1006389744
210285625
4084768763
640594664
2418610623
2326178859
259026497
1291100882
1402424434
2035410462
1436730154
2642478999
3076271310
3845655158
1751001061
3438304958
3820823934
3729754362
3870337620
4036038201
1303286615
3842351247
3539150918
116539176
2450574816
1828278895
739530584
2296885017
3714882513
1820882690
3336319128
3959104376
1775223228
1952224631
894099522
2001511817
927062507
2407517315
870289820
3535325307
3541839893
2890723695
2732253693
2530753394
3026988260
107810229
3459569891
1933703600
3882565482
411348814
3138898297
2068069489
1761045282
1643122196
3509458220
4212038201
550788433
3687601855
2706664018
684718899
2825627893
2585361519
4168344243
3577172309
2587055406
2358453241
1804684808
958599619
3326533338
1488062537
2143961427
1008416210
3699098489
4080332720
2760427618
3489874563
3022783314
1662999541
586507474
35283074
3485260677
2451427952
625340468
1079034590
1327304430
2443788790
489953861
438348188
3260492859
681007288
2864889796
3382477810
3033940567
1076838573
3166660569
662806517
963283653
4096191216
186309056
2026496395
1805555515
2222181049
620474906
4005495512
3584854101
868721246
3940467516
1116441689
3765265402
2176021199
3579126219
2182749307
4159426675
2955744965
1025272977
3443349844
2029259774
1615169780
333852325
3838874461
778837574
1213457354
1595888020
2641970768
2007146216
914363214
1877416992