3790709679
501677853
2246464584
2975114649
2730362528
2108781360
4247184976
2927220143
684949330
997848578
3711838336
2698372873
666889579
3373706111
3340438917
3392559768
2401818248
331680166
322123813
1988615874
1927373203
2941194380
2001603603
1061193923
2530337897
1779019671
1985673036
3575398612
2068031438
1284118387
2900483566
1981577349
657371955
3832173537
733285886
3871053629
770890011
411160825
2192717271
1031390698
4052836273
1641687896
2887806178
508341178
2631035784
2392035183
188004456
2405327774
244099982
2195176596
454783854
1700890964
1938482696
2231026006
2702153540
1061490137
2455083335
718917983
300400065
3108836034
2791146235
1299338776
2943640345
73083737
1669238554
1544243571
4144949551
3948507304
