3147129758
3790158506
240384496
2431714035
3832166009
2564433472
285200675
4067868913
248441260
457824489
2569509178
1340962361
1002427829
1644851846
2580537398
3246100012
1241345893
3341363845
1012216952
2291706609
2591094091
561334009
4176779356
2686631010
1876911134
2597217256
4048057567
1103864229
811708130
667857739
186871158
608681800
901457357
2483829094
1655753328
3070624661
2274513378
4037385645
551183937
2131960360
1174020796
2725294932
3967545192
2649718209
2775776070
1711079988
871381356
4035402516
4269214806
1088212844
2180727690
364658623
3296821950
424277452
2645723140
125753044
3408266910
1213371699
3289010690
3484994051
4197855397
1407047562
777803273
844490858
784366883
603779694
4264022624
2484906199
429462258
706265670
2445886277
3543515264
4270538238
576910408
2035321781
3667680493
626106223
3724921076
2430274285
4084228008
2885010600
3265785392
146371305
3593936262
311168013
475563438
1219891372
3241501070
3894556009
603656914
3628723220
2107405255
875376148
1318587925
342385884
3689593999
1474714251
2693929785
2940814676
1420163377
3035542702
1357523690
1767838863
4014301184
714844295
1079251675
2551368297
586766288
2152111125
2162791806
1901963726
794742574
1169096927
634819061
35575935
3422868199
2540800743
2236585230
2672924754
3289836974
2713795663
3993893153
279636491
4161229403
3859443835
574815457
4778746
719545920
416161078
14551196
4071178141
3440613594
719162144
1946391493
2827412005
2563257803
1143249672
1107617670
3842442848
3315526918
1365057836
851013911
2072533649
2703174296
1207137195
3722195745
1688881308
599571486
2479179652
854066108
3763743768
776279700
1538901580
4082139274
1475570853
3871511482
852024743
2628488674
566364962
4292702838
3920932964
3608058962
343293573
3722312420
1916772689
3117555563
3070644050
3578104151
403832916
2486748683
700058680
2728026855
1474701271
1196302189
1194888840
212463223
528860413
3615634595
1990770890
769824655
3544697831
2397755698
492877353
572248583
2900555272
1720497623
3721217898
4890128
3588782187
2722378444
1696178633
988586072
2497629860
2691962654
3230659611
2239080064
2083167241
136814675
2791204365
3106068338
2198752272
312669407
1190554007
3883561522
679024382
3988648156
871217891
3163075514
1516837376
4211471072
2989515453
596372418
2922191348
3904971500
144073620
2210010228
2727975823
4156389785
2173783573
1858284100
1813236117
1392386944
323591296
1106974733
1942668932
723238380
1046046297
3010096015
1373791976
1110170517
3028633952
3927332376
3872841436
3176878800
2163890959
322310994
455229610
3087963486
4240691641
16796956
1328374811
2339000982
1221631246
565974196
3849367752
2861095089
4258635878
2876148273
1960719266
2339819101
294682993
1488779707
1673622030
3941096641
1263060448
4222424379
3900376254
3713604080
1073160160
3806188808
1352255670
640468650
2022145889
230828543
2217509272
2359121546
4033028119
3276139160
4074983155
1342159953
2012732618
1691405950
823259646
3162251367
31550263
3423711517
1278677164
1054892686
1941676939
1785180730
3314831839
1611434587
2481467448
396715229
2901990547
1845571877
2107879845
3919750244
2672874162
2451741391
3681470381
3084540926
1010362719
4136881267
332618721
296880717
3910316434
4290569578
2482534443
3282857355
2669310615
2284543939
1337266145
1795019972
2212665455
181097336
3970063068
2894730403
4228083930
662328029
816609891
2990471505
963940136
2498073427
3723920569
1172536559
942725111
402981321