2760035199
1832690145
2038210323
946837368
1970068004
3051241252
518523074
3209062226
3935577228
3733338738
3486842850
1890196316
3730786015
2389064071
3762744892
2222517830
1330674445
3544686931
2700494231
1306900197
2821068168
372983421
371674324
2066890379
4119992430
815007650
2086387365
2139276075
2702808591
1203816529
160733652
1470876284
2884232607
1070917093
240520810
942634279
818020248
3784163633
2216122441
1385328226
2168420150
3727121987
2642299496
1469441958
2509913474
2753637361
4000809402
3161508608
118674906
1925879621
2090382465
2152053986
3691750890
1649206419
1334333701
250320715
1868029316
4224056792
406187865
3872498593
4126919925
2700589562
1737951104
2876624745
2336272733
3257354377
4231368050
44224936
315732277
104072457
1877707007
4222322923
3853861874
2348723978
871603299
3916052602
426943714
242568322
1760122461
2652384679
2154089242
537955674
1371990582
875540630
397251976
1811424551
3592194488
2458913805
1187709077
4145653162
1646195197
718728850
3278702378
811238240
2630402105
3421304914
3979665246
4075457286
2290488449
2923656859
2993437955
1636675643
4053178855
2200788722
2956735852
544258113
3671702890
1794752227
2382221704
1758624289
203850720
2342530456
653257706
2373583130
679065659
93211294
4042299127
2122073709
672410534
981110067
3734012367
2541337354
1712381244
3935897590
945037027
517419323
336876629
2211459132
333151092
1942966286
3921463972
3830917724
3008294973
1177361074
3453863902
1822788293
1887150837
464572577
281072627
2540462957
2450535595
1282201810
30631977
2042173340
1318496538
2764051392
905512064
4188126659
1814160871
2356442235
1029721175
602966640
1986106721
3564448814
2732330542
174494537
382681675
4113496314
1120764061
1093554102
2235351757
780412314
970323329
387929906
3956948166
289985307
1990428983
3162319940
1207706916
2435516366
1565150592
1441560030
3749122817
1989012018
2660146134
2689693613
2104563978
3139701357
3834092747
1103879354
972565399
3160088033
3758903357
3916132494
4241754965
2124907041
782876693
3067933034
1880947683
1637683402
731207585
2820263122
1619806342
676044005
3488146860
3949911851
631658730
1556345483
213864538
1356229768
1034655052
1058160572
2192182079
3981737250
3378108327
2704733976
2562491640
2975763735
2965507464
353905603
1769776859
3958118717
1987623066
710538150
18134605
3468362436
94486785
2662905609
1088506621
2241998605
4252627921
3279572832
1162489629
3199662082
241808385
3959706803
771045360
3446816443
1221611435
3743653937
3174602003
1901732542
1920358661
4043905507
1388536059
2408574082
1505630498
4029970528
3994661469
3911115047
114759861
2065203379
2220179987
2235412303
2803321063
1196884204
949213333
3859467579
1158230117
2830849210
2849146435
1659464909
2479924140
2511997109
3089655334
1661472942
3650280349
4056796837
349891671
69566927
185874352
76738607
2786664701
430084345
2526408566
2687052378
482451139
2142485429
1913944973
2083978303
2447305681
956576454
1128688410
2589994142
1260967579
1333272535
4106070150
1454732773
4210534299
900132657
3369545366
4293447965
2725873319
553142579
3424777228
3144660343
834860579
2368020291
4097388090
2406617486
457031577
1175831073
1339742243
372262884
2653732767
3400025828
229582950
1162630175
270235474
2366410754
3278125156
498503894
1323922172
716340709
3507359110
2431104124
418673325
3996974238
833168457
1592737036
378034948
2695280873
829028311
129232510
2807221059
1067537522
512055938
315106336
2527635318
1892395002
2805685283
4269329937
910877473
1733499818
2457124805
2798537885
956713738
3561554617
260920362
3775929128
1015737636
12432350
4270971411
2800765536
2403935486
2193354015
3990853523
3608483880
675735147
243209589
1725267631
3540037779
243434036
546171655
2281081898
3420654466
3770550362
2790410048
614811581
62981152
132985130
2559909756
69991200
1803923909
1227592734
2530799973
3856419510
2376751354
3540360287
2546326331
1672665943
1299559685
2274699579
1666751101
1456674296
2256586809
3539728789
2052803517
312988996
2145688568
4115685883
877193537
3911981293
3553704116
4242042514
1302602515
1427613553
524977621
3024942034
1187191331
2598802329
2344506732
1217501391
1093186977
1425291333
3385503101
4006006941
267013775
2004494485
939072370
3797155923
2265932613
3342938069
270868991
1683759142
1334482957
591279436
3790686244
3142918017
2538700987
3662182690
3302515129
1152004960
4069977653
1002830994
2572521889
2039646803
1537633426
3741399730
3789937271
124110254
1230409489
4285841719
2613495531
3739996431
3163600205
600572876
1411171193
2338870066
1767056855
984077141