492773594
248859305
1135199130
2621717555
368688206
3139180433
2233927717
1637803859
2258179734
2155946406
2320949841
1298569968
2505123732
831999241
2157698394
4068826776
3393991926
1307097388
4258679066
3733533297
683512351
1150760380
376112863
4180554473
2115502384
3773792056
1935116937
2267954526
1624302936
525511852
3196656162
1716072020
1370959648
2477023689
412135057
4106725180
369335120
4102009849
3702337907
1282454060
1011657393
966661176
2747055016
2325833250
1751943668
1880646926
1850015992
917981721
3437914867
3746362152
2602040507
4279880266
3766164996
3020058406
2794183987
1261043905
2007948217
3107085863
2744500821
2625536282
3391021392
2404185617
75677377
1574676422
1743945958
3218732725
4000201004
626251875
1950743884
3880992958
3720429362
2790819579
2200078076
861058755
935712400
1459584214
3876731256
3090229690
3784161948
1783919986
204432767
2147053404
391982414
2398188657
1250204034
2995461974
3605355851
1560976791
3475732083
2359152713
4120732795
23176388
3560964472
218144253
588364542
1655526758
1313439344
477465073
4136041102
3583899446
1667787052
1853081585
3292539224
2991746657
458798591
41277868
3423356625
2759481639
3895047539
2877488318
2380574655
3922285683
2043982509
2919146920
791870457
2051466428
1245039880
39890165
3409829238
1047122856
49510526
1646161557
791201612
1195748055
3375651855
3151036789
3977925861
3492211366
2171842502
106028305
3571362839
3785021135
3303056616
3982224220
2002016048
4121662301
1047048081
1187925748
1856043921
3125852888
3580626617
4179114783
488364895
1804118645
3890202545
638640693
2735025367
2261573918
1699962122
3005749727
3415206920
3533794645
3059232293
4156347643
4012678112
1485619386
3514602957
3083836140
4258894658
387950615
2702853890
3359456522
1151654279
2077796974
2875412029
1001172913
3841599537
2654937179
1244172768
3447672734
1233232932
3049359259
2678099002
195080240
2637426691
4083020408
1253045810
3384587587
3756539644
953766402
3786973170
1269917714
2747079404
4156616236
801452766
1587113115
1139762809
2842531391
1804768786
396001978
3626935965
2978638782
2912598240
3495534013
2452221792
3349378505
1661001942
1190441931
1417958308
2640524634
3091083038
3785149083
1729505094
2911814991
4041520644
56260764
1282873819
2337042649
1556812012
145759649
3731524281
679706264
1285981149
443213840
1393921509
585181901
3637102470
2394476240
3624282176
120617694
1224479040
759890502
3441028089
1794169321
2681511478
4236367176
3525635279
518363399
2992715093
2623384335
1484307769
433989659
4076423408
2363228639
3597144926
1411861885
2362980381
384765955
2530645732
2782949425
1456763753
1985472085
1333445530
2546946379
2358734375
4036071957
3986436613
47826491
3193378532
2628533611
1196010949
219660042
4136152205
3787621507
1231931621
1456494720
1930205937
1054092002
1128547459
2854226772
82053765
4263796554
3435689706
2883794403
115210073
3340707763
2294896127
2622113707
1796346440
3891878412
2453279201
1715010042
1287842848
3065572064
2395709201
1699412228
2237337183
2686138862
1979051426
1527189415
4199110672
3846807340
168959113
2783143986
3172115185
4174143234
2788420707
2993373998
2160814977
1884033771
455191139
2198450612
2861419625
4153518092
227687923
536415507
3108616715
1829139073
3063729070
1608111107
3422455017
2592615914
1631330523
3238326611
2179257367
1708382749
1598462385
159278708
757535467
2587451818
2337790523
1670839498
2585288553
3565231122
1101399777
107697888
369462858
3637746074
3443983941
828563903
20185371
3041066742
240446483
4088734967
3171807130
1934565672
1067840995
561560734
312531265
2323851722
1785806423
3534396820
186660262
3324567300
678260853
2737145431
705100053
2536825327
3370448564
497661871
1324434212
3707750948
3920838926
3905994996
3266697893
4099812817
168815406
4032339834
2377896212
2792225198
1535700128
1361035287
394159535
1692069199
529897975
3447527180
1640121891
1734423897
1965840725
2342036255
893175702
2787630220
3596346344
974910564
1642355223
2188635726
548380430
1386443749
3043810090
2060791920
1502363461
3912135725
785096981
2258781687
1885707800
1397461628
1782197605
1899894613
4175161000
1154162494
1973901042
2129291386
2177830195
1773167781
2255779094
2980305392
292438309
1814734619
3494233970
1735815790
3388006047
1507091778
1392816354
3170668976
112636907
1074786521
1171260301
2643431715
1332794455
2310735410
2094122897
3427045214
1076705339
2765573379
3507406710
141209697
4029416635
4188230962
3158421263
1313259981
4282379336
3655955720
3443903611
2883698900
705798685
3776237900
3673832431
697046886
2626435109
1907394968
3150466312
3283738167
1877140466
4214296098
3611958418
129658787
2598535678
3581255325
2160727265
119033164
2694475843
3051590079
1878390204
118205134
4254263156
598322542
3563455288
726622039
3885255742
3985949695
1633440266
1175886169
742996419
1520327707
2419519790
2149075908
492510209
1634072997