4198422231
511344975
1024402565
3244946645
2713712044
2932672391
893079808
2811569193
4082491826
3701490890
63565870
2947013235
4086448047
2875043489
2153783583
515052251
4065913809
4071856399
3769124583
3822783620
3050714774
1802504193
2599505020
1130238943
794850488
3608012187
2675587192
34545887
1343411153
3765812644
1995901969
4131061477
3985226727
2499914085
324004997
2839168179
48728805
3749646861
23904214
2174877264
996429542
2401153060
3807359236
1592342679
2161785032
1794567556
2108159971
486503990
4190414339
2242245747
3715621191
814705369
4048589054
1571077698
2324612729
71338617
863449960
2336070621
2715165917
468453795
2434637484
677023022
414311500
