1899352652
2631126514
1081735474
1379961319
2080472475
2225351367
3375068842
1743616276
1514688303
3201490794
136798728
1291835342
2051117178
1489175148
1117822498
1354820602
3069117915
863619752
505495672
2000245583
2410890334
1192255593
2292978004
343344936
168631650
3605120865
3146705875
32176136
3000849649
2605093956
1839242712
243711821
3820895073
769255748
14086003
3876781255
3440490278
654623335
3191317498
3194685979
2010821875
3019357078
1743843121
373907874
356708450
960955794
152902340
2182568046
423955315
2490079789
2478368859
1279194375
2304391672
3767596703
179517878
74941825
1779683753
1469649352
3172573008
4287031286
1497605985
3152761963
568308277
640661967
793987377
2432006123
340988337
331953946
856241072
799399639
939049221
152508202
139581593
4148652465
35791110
3473073579
3955830075
3992185974
1246271791
516790722
634457727
1022405631
1632963700
2185388312
4185271255
2463092713
3257376302
4261270909
292500387
994273258
1818667583
2502441427
573245126
3895710800
3365769602
705202710
2845761488
4226828867
1172955595
2362607717
1060839214
2800839412
233746220
1268966016
425078700
2167391834
3319904333
2991228803
3046012680
2353207522
2194298083
1050027469
2754325558
