1175789994
291541710
1294164354
4227811373
1872750778
3552880697
1193482352
1143219424
3592041172
3092089162
265068807
1029397818
3835974897
2818562720
2425287884
2994823812
234644379
4180198732
7425680
259984786
1517028410
4208656873
2466973011
1818291121
1351461472
1641577230
3396491557
2000699700
727871903
2015140799
1137183031
1151116664
1508249850
1831917996
2843059236
3810228937
3479459879
1109748038
4259546108
4288981637
3551427995
3244698117
1673190710
3102864543
3129250420
985689609
2676330720
2964445509
2908283000
50046282
