3468349459
2338953398
2972570019
1243716707
3994504848
2572054256
3530031646
2583583899
943149220
2952404415
908196685
2397674239
2607420686
1718487325
2034426029
1982297609
3678964626
2207179026
3380709906
4266588460
3824020696
1452027041
3731858953
1909609890
933206463
2837516222
1574303631
692717520
2240312328
2409845897
177570535
3490107380
3544997416
1972802416
2170628370
2113542346
3645061471
3115278899
1186266283
656505180
507830477
674133935
861146315
586900827
1740228167
3666342442
1425396134