2320398956
2832315460
622064056
2579983720
1988411383
92558824
807702878
3514166982
287648525
60758275
1434574120
11414505
4152308485
1381591132
1158154346
2037872839
3592137257
2787537533
2381742152
4274713308
2704271553
1291750961
3547847892
1487902953
3577006649
1667189926
4146028054
803565211
1794122935
3848876949
2557751740
231776842
1821351819
2333690749
2309004442
1924302415
3107374611
126076823
3410494092
16451430
1969970963
787464480
4226185039
2360782747
1709922458
2234991385
1334474704
313099809
269865761
575284091
3757414817
2152935703
3317198500
3947647734
2666973096
1022434152
1364909524
2105206395
72012270
4260937975
2624666271
2395705980
3081789856
1716817638
2831116353
943777973
