3950424384
4007462074
285331661
1932802920
2039689743
1950974295
3894296608
1859873581
2820778499
2060939294
2270578149
888057906
2110708617
4036224436
3785966773
80463601
3956382001
251658953
3625027307
2001905680
1099924908
2834404330
127533114
1864203556
2104051734
2054010893
587102638
292541941
411234630
3218448203
1738599781
2795757915
4102238742
453580404
106223366
76796179
3422728875
2631381303
2624861982
2595381030
1484465846
295709471
3304698780
3164102179
1406359669
348182021
931257805
4130629850
339582152
1334996473
35325007
3761142770
1996711472
1852498098
1826788406
2622545774
3840108666
4231282938
1254925974
2907480299
2538337568
1161541211
1726845125
1371638027
1472344920
1742222484
1349324635
2311736822
3913091648
1680875805
1203291835
1681956116
2816988946
997888431
3670597504
913928897
3941602733
12142016
1795137062
873921552
3670135676
1022667778
1338752083
1477840695
1415278171
4209796274
510695839
4194632848
1146796297
4079093267
3060426587
174215053
2583600937
1972319180
1881755202
4121446102
2655405157
4065604246
1733260129
2933594170
4134145593
1389537394
3301809362
1359012313
1644150151
1485748905
478960424
3863654658
215249747
4093929632
2514555815
2214738306
2084529981
1671545873
4011368184
886703802
2973900554
54552630
60312118
2461477497
325511314
3926981588
161572128
2756008149
2015364282
3186909707
4025705257
2053825531
2449874086
2360671601
1738238438
3460751962
190778639
2220392117
1552502015
3778647635
4112423656
1724159733
4055506444
2822945528
867535039
3379125413
250715242
3028374506
2770541465
3430746517
2016540857
3646393653
1062341997
2152049366
2314279232
2576704175
3414342817
381748450
339491615
4211227805
1753526756
3598235080
4213493532
3698197784
3757652990
4048036295
1075054676
327448753
1142039821
339858224
1779048130
3947572878
1264512117
4072576465
2357053782
1117437512
1020380773
1761303717
1675973733
397689951
1683593474
1783572772
103382980
2846869359
3112160201
4040140695
635991366
2336862505
1615132476
1512589414
3003360136
2442668998
166975295
3128914128
2559824507
2994635116
653764657
2119810915
998467426
1598075300
936696574
1463762239
1687465371
4146451675
3103995192
2799494143