2617107170
2436730829
1114679493
3057769483
2994169939
4199039322
3282737132
2300623372
568759957
2341424228
373297754
327336580
3794475136
819635929
3907413475
1142088272
9320059
800103609
2371556129
2169740770
1141783205
385500180
752725024
2568470997
518559728
3154895553
4000737645
2103555366
1819381748
1887781912
4199857144
45016923
2116901915
2247434576
10383604
3555359481
2057583280
2756216164
3581174603
2439960046
4004620037
546290046
3058240916
2087373954
2216452373
79850026
740028703
4145048346
3237924066
3246351870
856215631
73360426
2221066117
