4039470080
3672841084
2915327581
303926284
806288219
2133678560
3285914877
2690707295
410356381
2812836490
1874480411
4103351985
3231232991
1765754242
1144379689
569900186
2611143172
3018141198
3363455834
3724192313
961771554
3826582979
4112278007
1909122349
3515475703
734631095
4072799785
2847839009
1358053463
2642743195
2809180963
2662430277
4241357650
596787832
1170194402
747724372
3093002077
159062042
2822421914
2524820360
1713741064
1408290044
1348941075
454096242
3887903681
1147313614
2424891170
1495448591
3063041928
222970606
3563600567
3948599715
2396610501
1927988830
3309123437
3561152628
2239063276
3746525449
3345963064
2621764766
1344910520
3969024750
1849656743
1656206552
2812106247
3348093730
2507769431
635978664
267568086
2990105220
2929878627
2295893042
745587902
114437654
1524150005
2304606488
2944644165
994335775
1721119839
237080730
534641066
1125651755
2298969559
1788387881
2668745943
3257431120
1426224425
3511866295
4140330857
961786598
2082897046
1999288381
2924941436
771839801
1594549049
1187839913
3509387418
2008725190
1898494922
2489362501
2967967615
223386950
814703193
608986566
4177313063
3506331726
175838936
1697088998
758750233
4138596495
2758410564
562015268
897332343
4181779051
199514232
3055943924
2423923876
984675699
1485854544
208979745
1199909707
2521379451
533925608
3035582768
2219822136
4273433366
3362704802
3333816150
2166360679
1172766009
170075213
1544491941
3082845778
3785567798
564188697
705641947
1281485491
2824111102
3963041764
620921815
1804420207
1955656300
3688805710
2160481128
2280035844
128954224
2703950916
2731088777
3912104576
3461446359
374753204
3484334627
1341950773
566517624
60486630
1218323708
4221459406
3099098939
4144098193
3712485341
1442840090
2571405620
3079696930
3261926858
1027075843
2171972447
3188181749
2040908241
410214095
2338765183
3060534962
4042049655
3796264173
3041847975
3716567555
792981772
1388483781
3122140942
2872855134
1945801889
818007751
1400675621
2694717003
2066102686
3613476708
2013721669
2276056737
559065932
1279390282
1617591209
2457346008
3594230620
4187002352
3142507241
2642659385
3859036356
4089558833
1378230350
4188945275
453533757
699555590
3166471720
1284382140
659838978
3860472472
1883330908
1036442198
3366719086
3886272325
2808375735
4286759493
3598857420
1860918872
936683281
2723128771
4234772988
1821492805
1205464909
384434139
2721739537
2279023897
456381322
3719970633
726988919
2158061581
1164277231
641634331
2340858974
2266474675
2292934257
1816873923
1805665655
1606418997
2831333876
3437121696
1612464308
835953798
3528835230
1197716835
759467926
1278456001
958111374
1788496834
2143719551
3435247042
118916026
1619711941
1584003072
1912321986
4228716299
4160299390
291117912
3901117611
4208461531
992768035
4232920423
1136377998
150309153
2506098289
1700459641
2294044104
1376404559
3455886247
1369220423
3022308118
3805763807
1848451688
2325211813
3700011437
449615309
4010270325
497417980
1470783473
829199772
2915796885
1976830390
2074196289
801005941
3431229043
3506754276
1567542617
50865248
705445459
1883295843
1560142482
2882162971
911998293
1336338862
89893640
3752933137
1341815971
3037078225
1408031458
3968335657
427297415
2513148227
4017162381
1338532120
3027977311
2585324147
1619011362
2559096889
436182885
2510879080
3687536482
3467570525
1204588971
2700708659
368986455
35815688
598668516
2251732167
2442416131
3782499533
3330274638
2297638818
877913980
4070561122
1910202543
2123583470
1382073161
3281658871
708388051
2850582060
1427607486
3209959171
2294101574
3673892523
2778059222
3728495288
1315733388
1454093329
906489868
3668857020
1753477480
2210640749
1306243029
209686747
3664915026
3627135702
164737198
2350611284
1735016984
2920636254
3888392262
4122092033
430767205
494879056
3232543827
2457466812
3621943645
1171380398
1732910485
1216912872
2351935775
426993971
1231644472
2328521634
2982853795
3097603883
2684580313
3330170507
2103328578
3215569828
3668734007
3460553517
214638757
2017145447
686427340
2379180713
3055088312
3719836869
1343281161
2062538010
2992551230
1507937330
3811102448
1815322801
4272411712
2682684085
1820439313
42647317
775967127
2214793984
3669211630
2200653284
1026194524
2989143985
3695108876
1634256764
631666263
352471548
1543020930
1768229898
763221519
3125417225
2878754667
4170874883
1991328830
3753908110
907582650
767235827
3312718061
2641264534
311679930
1594474022
1345953071
1729537420
2214220178
1513826950
3912571636
1247939777
4131413940
455248956
1416015476
1554566145
25641007
2468431840
2159569438
3053752804
2450355584
1129703342
1811497312
1558059194
3642975303
3979259149
315938417
2859410971
3281031751
3576141735
782495973
1960496598
1707740470
3581446999
1999129425
3779056703
358254064
3594027053
641284101
1226167661
2321354960
2385314245
696085607
3175026562
2236121154
1375466569
2114346274
370626270
2522683426
345877000
111001338
1236040953
555001862
2434442216
1124172783
1716410510
1673629318
2925061977
126888904
2268019660
1192983597
1006097885
1121202020
1758342786
3715814924
1649223037
3429199051
1954046503
2200456959
645797230
2503056839
3391829182
1611781045
430479749
1084849440
1247627810
396338601
105613930
4185643519
3392616531
1361428560
2398820891
1696110935
1522036406
1595725544
4138564164
943144964
2172665429
3516268752
3084545710
2019135507
3286568834
2748018989
572143131
644595539
501985793
2897004052
1762809075
4038750091
1619113360
1987639951
3095537895
3102410025
2056214434
2979476699
226454486
923889500
2189768184
1009827655
1062335517
4155286444
927284854
1072074336
266339202
2738393815
3720422670
3396850521
3828252166
2150261186
789098146
1248459851
2749832746
1813594534
1172440199
1451661539
3488316545
328231617
1625457009
64291237
2326051800
3593533154
2596939013
4102590223
2263281704
2631703787
1230327656
3638472514
290127626
2195150412
229517396
3098309340
1714996048
3637141810
1291394124
2533961262
1170790125
3442108551
144952622
3046959453
1260086997
163948864
501203446
2092197067
2188129322
2162077106
4286308906
3562694840
1589806769
350669477
1954837578
2252563388
4135381301
679729719
1653753464
3189788879
675920310
1786595129
2386036592
423557270
1577686449
3028939987
2454758657
4040503012
3522905276
1291509998
4041041452
1715259408
402307325
2618140693
2554486870