649654453
1777444878
4136167419
833688682
978321130
3554209723
3933641494
165966306
3038921452
1261029191
1624878998
3216790420
1491288388
2454951678
1873705528
3057859818
2017053361
1455549887
1488093450
1227010028
3675141388
1233275770
2188130334
549068438
2925551219
1804728469
2382155262
2973998267
1073102032
1151564121
3254178003
1450662202
3703078055
1137065356
2396034191
406993258
2598931529
4161192254
752807886
988457405
2747439998
1594256121
1022861023
2453139227
1572680765
1250947635
669855679
2062094908
2639424830
3341446115
2827474027
3106835860
3051893831
137596445
3735056867
3781595398
3265070991
428525341
4101799911
1340791450
1627922413
926488646
912495745
1401739983
2085436641
2312560501
1639723816
714411763
3996566986
1717698516
2616261301
588722240
2039945992
23130707
3515648024
2958947797
3531576037
3034265394
2971659373
414553195
3392390570
2900927376
2439001937
1371101634
598014170
1733511052
640115243
1753950508
3851473135
137662981
3917881803
3841215904
972138072
561244981
3513301844
1737964781
3370609049
3685375719
2530372785
3424282552
1817194994
2840444178
10200693
2528814340
2072451157
1487329913
2899972751
3588388382
3099654567
3348516012
75794140
2444214577
2791554014
2767244233
1767663899
3971644703
514779896
2788528032
511606367
3714047080
1055863508
1490132244
558315421
819987185