752301906
3464637439
2534672525
2350492137
600430921
2727677153
765930169
1162657043
2882379744
1976918987
2209220721
2382754869
2720260662
785676114
3639732945
2257338928
1340005393
1100498691
724541340
205430831
1320713868
3474196337
118778385
453157729
3240603692
2765567143
172701455
2624991409
753372878
2805055829
2940103819
488895774
2240125490
2487356955
115417248
3383471238
3322102888
2351003232
4276104353
879703360
2295707149
1601987745
2930787626
1805998855
1735545453
1213865262
553462642
389302685
254418383
4132721878
2823361919
2634182399
3955588799
1512627994
2533554235
2012110624
3240331344
214487232
1872695848
1956726395
36650594
2541490833
1979984613
3665389525
1579295136
1902786007
2766965380
1834097471
1531473701
2985423215
1822497781
2836687851
239616266
1515153279
3328877157
32747558
1352033104
3655627371
3815648195
379290578
3294781999
991403166
1299750138
87498309
3922942828
3213330193
2716809875
739575506
513149911
3374725174
1907434846
1898438694
1026232949
3168772756
2037509205
1678236860
1159260813
927872030
3028469919
220249552
1186297233
1169501082
2499098285
1814604883
1636742664
2163081692
1019778360
63317342
2553414168
3649525985
3428681982
2686488328
4049802428
2804501054
1969801241
2663872133
3876315801
1387000351
4167004861
2612267620
2348653484
3304010577
2631136254
3098594706
