1671051007
2600207740
3140103928
1458046308
770132838
1132057729
2922645099
3069619509
485778448
11163416
822620190
3655767856
2779159947
120389139
1723656569
1147292484
2596848466
3709353225
883908634
1596741771
1740630360
3668887002
3819532585
1630502141
332435206
2837140284
1106806668
2537547193
2601520619
3785114913
2936458436
2483768808
1738114058
3504884018
2295103725
905103109
2869821995
1476316285
906801627
3389685432
2816822196
3620138838
4148324999
899360648
340249844
2959688248
1197775429
3859985654
1604591258
196626695
1180349367
4099026389
2378252952
258965560
2371667416
2014603249
1108334513
3238214929
70925243
2396038993
4213491416
373802645
3804582969
749728559
2377140688
724357126
1506032046
379954241
3933367645
980649960
3309590429
2674187058
2801003312
3063081049
4195650240
1869829283
3558470606
475361403
722064876
665697752
3452646507
2534863029
3253374640
3501375099
837920733
4267509547
346349051
2113835699
89614520
3241899305
3202422889
1926791845
1320874850
3643111158
412374224
1317871371
3049467499
3758428018
3401261932
2635135877
1695932369
2722490410
2258723845
2280132850
3530612631
548355403
2340113287
4037836594
396793446
3787117409
1371471229
2096845255
1570610242
3171504224
1300510559
3500649722
3408570491
2201687563
1921961300
872726901
3517224675
2015822711
2523049314
498310443
697723415
2569780000
1748632851
2340053801
1428372830
1915553749
3843762129
187380992
116593215
2484356720
2320422614
19481332
1687140348
1674771901
1481170546
3445490119
4212534990
2395069070
3038841987
895720377
3761586550
3332975317
1129465935
13911209
2592422681
596719959
4289937526
1213489752
2541745585
1167015499
869270979
972852355
1258656984
2722983603
4131962846
1403004676
2492044746
934174107
4026116272
673932780
702511112
3326238014
3345793719
441274591
1892567513
398354136
664825757
3669519902
2051800092
1157356803
1121699223
3739328921
1769736073
28534634
1289273097
326823089
108887557
1510539438
2288199168
275994357
3282345527
1717326140
1035222019
1646860146
3462251225
3303009790
1650127517
777235058
3441620100
2281905774
3324335254
3314800694
3912145442
333239413
1296252872
328618268
816220478
4112777492
3995035733
3339460191
3389996402
1320481088
3323040466
3171217049
4242925949
1113056879
2337659465
158366421
2873162901
2848751903
2608350431
2799807126
3591391393
3297057119
2363842264
688494158
268224010
3262744301
1940845975
349053619
3378055339
3849467557
2274284316
1775056840
546434662
1589224344
2617955968