2354789933
2004947682
429028597
2711603620
2654612474
1032847012
3014515534
1040688736
3119981396
1196828523
3083028507
639547529
2520436204
4036473931
1403702537
2972621758
2652859009
3162514486
2294634800
616027377
3130185941
1401567144
581970623
1410228381
2480890370
3690049506
273594164
3314761057
469576070
1653802342
3293443838
4041747002
3594403142
2311546289
3740892992
498998489
2839444194
560217528
1989421539
907279825
1767356031
3660317096
1031766641
1733246046
4107753386
2501343114
849695789
4194081938
2231984109
3060070389
1778691548
2472278942
3086020527
229216503
2898355273
257495153
868688453
3286982559
2332648990
1622041620
1875538144
842162636
1903292482
4123755321
3572251414
1836304555
889248723
2325587801
1056669331
606933784
1411581979
380707644
4130770732
3175570248
583671842
890180120
2268326361
578241224
926448898
3206269539
2044994865
623535760
878535561
3585992724
1187901766
2468833476
2810591454
739643259
2302361481
2500259687
2133672238
2487855340
1878263682
3790249129
1624821023
1787016982
1094648236
2225613301
2593059180
3437959799
2065373138
2410235544
3678871369
1894695978
3105528905
595097568
3077880267
1482600140
633091534
2180317150
4073427114
2009045348
1339132971
651059307
1188055199
