885384496
3798097851
761300254
324182558
2486135996
3504243577
4258155978
908339006
4260961640
2025566709
1378980098
865093202
3154041220
334413745
1840369205
2039516252
3472519055
3700986831
2005867186
1195347369
48784224
597679761
2259556134
2811177144
1795541737
1189031535
3121085622
1371847776
3495550910
2317172058
491964983
90644588
3798957815
2923965576
2463309881
4263187427
3441856656
4218647251
4086109835
220000303
2511658334
3932690639
3988912791
3997317127
1377949997
1405683834
3796855824
3471435724
831861376
4169693071
3374267855
1830809863
2330284813
2640373690
3362708882
1127860682
1024150438
1831441792
435910179
2885364538
3284086755
3894571766
3789194678
3359592857
3279116282
1120451741
399576723
2802087276
1652706736
2946497339
3274600561
1560989290
3787647479
3353413081
600630746
88196135
3005407986
93592782
524148543
2118260020
1445168377
2037046203
3938417643
3319562247
1454120543
3413377777
3354570701
