1963859348
327484078
1305957133
2100835715
4254306793
2429455818
1177462003
820512260
1048650028
626592569
3986921881
1470548631
3563508008
2231998370
2105669399
3667845698
3576644391
1340384863
80904065
934953624
1141820511
604536130
1046395666
2251601984
4224292518
1879901887
3796619896
2675024055
2516459524
1411085954
1458305797
3172124662
2507015467
356110752
3658430738
3294768373
920033308
673914897
1269537249
2352567197
107659899
48550171
4014632502
1196365521
2150846869
3945463393
2659797084
3525547801
2447729787
2292043946
1263348764
2028541089
27206872
879687948
2723131646
2781496610
2042792757
2621374328
953563471
229713356
2224905208
1329486018
4272985784
381205126
1730288483
2795030070
490343706
3635681698
3680846750
291894027
2973119922
1059346398
2962675203
3951471047
1321196092
199562824
418976453
1449421840
1981529545
4173312491
3907909288
2885003514
3867246958
1798069532
