982662080
2494187006
2515500572
669452033
807045435
2583131195
2506983100
3488479593
1211581009
108075747
2293031197
3439795735
1968698412
2044086534
2866801324
674624719
8577096
733270300
3197516392
339685654
253033859
2997813251
2023568807
3174855649
911602078
3934981774
3680879242
1836880770
3639001660
750630831
3322078646
105876398
2623551960
662113348
1984170446
2647255465
445909512
4484743
4139891369
3042520975
1365583448
1394858648
3403667015
2970493959
2884225777
2264064616
2135562416
1608000052
1572665902
2362877871
1568829851
3257392010
1191068838
2189810732
2986554452
603830454
3410060495
3036907211
1020352302
1270848935
766094781
2732408189
1874009158
2442592513
469672121
1559599928
2336899529
3337675480
2145167739
581404674
2003087123
145971309
1723945713
2074044208
679386955
489578691
2210471256
3758226943
1808955082
4247606869
1751252015
1077479896
536262308
1905047475
1470169523
1367272106
3430471820
2064353384
1736667497
2175098733
1185751077
1460757331
4061058761
3390606311
3940786721
3622829073
3040219201
3742139552
3252299252
3358282718
408830576
3761586705
609130855
1534172436
693075942
3306458739
4259454454
751378163
2418119422
110023013
4154660984
1418485045
1933347304
1795848468
548173859
3965892085
1424554473
629521980
1168133542
4237207155
3209430026
4014470287
3293052759
1319076709
4029596295
790766636
2901335274
1721036981
445882536
220618493
3243864933
3115756324
2076328857
866775976
860618330
947380044
44118420
2135268363
1467647276