2336126495
197882627
1874164423
1018630730
3966526195
2076739078
3001487630
4034589897
3208862148
1393810269
3307425284
1730775773
837061331
3800942141
2115538005
1271098345
2862067913
3990496564
3642504170
1455326769
367991841
3936506544
911238039
2830188138
3435233575
4201561876
3189009653
3609581052
4013635500
962727555
198524458
2207252537
3357701639
1685356265
2563286092
3141796835
3687949068
3119291669
3370607912
2404912637
509767393
1858239673
3217913034
435184381
2779354836
912621305
30763160
1710648799
836614372
2189045927
1955038565
507859350
2971765510
626737523
2100347363
2500990784
936190439
1643629449
2534907619
2532920241
612472344
2291472081
3241099946
3933723167
1598960083
1998045591
4138455113
4108270830
3478303514
3040857417
825606421
288532795
975781101
2101541991
2638058254
1261329240
3876777079
483002775
2186830288
674990628
3301708174
955910940
1442333391
1807283175
2858796913
3808837201
2224922472
4242488473
2876140971
2592092974
2048754463
2070685460
1026526226
3516346516
1508911260
3273566836
152543358
2148778627
1683773222
834547512
1463013643
1481936004
3360600427
2653443934
444214979
44476832
952932418
2777825973
4014420675
448586175
2166288222
3842957095
875855162
2012604154
1843311698
3918403500
729590917
1345189792
3397101058
1688402315
3778473415
3821619215
3681707157
3596349620
4056953791
2673202468
1821174566
1217682409
908556934
866475591
1540077034
1313856910
1213195902
2409186688
1045900789
545941208
933924548
2855180529
371268290
1535187381
1305821772
4269481300
2175993717
2550283833
3222478131
2617025237
3841939074
3567529346
319350157
2148441370
62631750
2949386716
2459415816
2231301775
3832405819
3165868750
1750581481
3056115407
4039233222
3237998911
479715758
1423347875
1467201460
3017091031
619562648
2973960917
3897592276
2239414755
1016164659
4216193873
1641386345
498518641
2709052347
3675578307
583507684
1211149365
2931554195
4000853134
2765639293
3550775581
643196976
528318446
3828911326
329636838
3986367334
3891144388
3607590773
206157990
3578185213
2693073752
2560297437
330399092
1485018032
600528417
2905357733
1752474080
3191650094
1827954585
3139937671
2910851889
3312090633
461984708
1775872347
3988716626
1804099211
2147178060
1699570932