2906119844
1642690445
1888374807
784845850
1792337535
128524218
278784119
1302747656
2381083053
327651372
2503930250
3036189973
4238892068
2877339522
834926951
2706359836
886921624
4102152883
2661887801
2003355975
1674058076
2097652424
1099599301
639132017
705304107
437922793
2417463775
3395424193
408909352
2903019394
1493444337
1739037118
1149149510
2845886933
3039526651
1793964489
459871877
2889330285
3671351346
1149483776
1817825533
4036848677
96549926
360209353
1390389885
3045497856
1834098671
3124704413
1331510710
3231672733
3038161873
1466820074
3252149397
554292904
3381359439
1755155701
564237887
3840553201
363421277
723784065
3884298896
1784421725
893620823
2119863223
2565125254
3079322322
824747754
2349371229
3277809326
2811806291
777310954
3711668986
3162048191
189134454
3930879052
511380125
3459900853
1135555671
1907299721
1602220673
870740991
2235076304
3380481723
1766012698
2643768401
1356966162
630222037
3753781098
3714090159
3890028524
2626116108
1882911187
1828232654
2496871312
3105975764
2733504111
120189044
3581422158
442527407
1611644090
2755091288
3814532048
3007252826
2809855581
2851987797
2960625855
459200385
4239202773
2299945788
3528802633
2048719818
256050573
3326063143
2496112760
2644605527
2498790721
194287133
1195000705
1759988757
1576194690
1481335990
1918845387
4043478964
1310339493
1141893113
2446911907
400056246
3946975034
2918736083
4189094928
3648713870
2543493960
1253273911
443858955
2311589710
2014786208
2948916483
246322351
2552877425
4087032730
1107667748
2055196864
800655503
3686060089
2665490558
2769449715
3701739662
2850236305
3103039189
1040344842
3186668261
3522795701
4239649056
448700780
3889277555
1371981786
3860031147
2174613939
537445719
3509054453
3478116252
304018746
305597557
1939799835
3575793831
1593448112
1070203722
1428823650
3435118899
1581669217
3265655753
1673218583
3573353012
2559432703
1834468170
3142332390
1500674509
64860371
469630342
2823613760
1356043012
1756614493
3694260437
3696416877
6665307
1918826840
172642677
3718548205
631623699
939651598
748309113
1440674598
845329755
3785560897
3983804080
3387186920
1414306656
1990206144
1987546967
1923775182
2029176323
1164282630
1620808823
2496218519
3093649383
3630592352
3626257621
678561780
2503371391