3172720488
2982301763
3021632475
1960566647
2517643815
3428144661
3163140939
1035912641
1858498664
4035497494
1539872143
1445404031
2781365284
1787872475
882262277
2040124363
1825338258
768952817
14999731
3875128773
1066560764
1203728014
3191382810
2313205517
2706738021
1858981982
905852891
3813644296
2500234469
949808275
2171867161
3768577318
2120378977
1441625871
1807445181
2361324790
2840010322
1713502917
3881246291
1207896361
1613478100
1039829053
4185005008
3434242721
1761425870
3615755411
305068841
1293040972
3763602094
3279611480
177448608
1723839288
3963659209
1995149014
534551872
830003370
3676106657
2866272772
565200614
2815435650
3739166080
2959830896
2887041624
1466630399
1568120404
3732826077
775727216
226956865
3204746483
1336200716
3147414786
3139269788
856136655
3016411009
1399475551
2739480979
2196696870
1676467091
2118153545
2052621236
2371506621
3289231350
2639519504
3400258144
126735608
1133131093
169784724
322314597
1977730862
1023142588
1156802371
4262975576
239067628
3576339959
4035300512
3739504381
4133293764
2035415409
2593953011
3851449788
4184826126