3997428239
3081008690
2960733449
2946232759
2260187818
3258144837
1843352873
4114758144
3236983525
2234665503
2115765173
1929559971
697785182
1661689635
1849292338
3020045786
774933766
663858256
4007743366
330893703
3112743237
1855601208
2390836521
2917320048
1822416761
1039738456
883658668
2379556405
2557414946
2491001544
3949012046
529460250
2179333447
1838946488
573468298
1420579785
2363434120
1236030172
501319351
2038744670
1142083354
3746851344
757562072
2409517744
141734527
4131979662
269310341
369271064
3556205145
154021459
684234470
1551128550
2393633037
2542625136
1366919726
515412559
1934277677
3796746440
1716684635
724637668
3695987563
613063731
3025385908
2978171138
