1212872022
456504566
3544889792
2559540396
2975984166
1489850951
2649399458
789368797
4017223366
3154525584
1774412845
1701926395
429368536
2228530942
4236360840
3432093754
668311036
986855010
1882371955
4057640500
2796921128
2222540497
2209889024
3578916137
3014671684
3218486203
1854887178
2688807834
1339099883
257503088
995756195
2658144110
1968753458
2830698408
44272637
4127393611
1052373263
1301289223
3894739409
881013208
3369129032
1091849518
2695598754
3427618323
3325987347
3422728196
390050445
3181320199
2883797217
4136274380
4290491934
1924901647
1751934922
1709121832
1693831066
3718684399
1426187110
4154351382
2360995853
2921250812
2388588220
1386711713
2730482471
1090057574
1239489280
3401556889
908279614
1728736094
3242187987
2072073329
1113468976
2106632243
66433230
697524110
1343067786
2184276234
3565392826
337014854
3781135674
3539303768
2188478401
3675320344
1240199964
1473294979
729447511
616093512
4095015120
3720572082
2248920618
711076392
2069681273
906990585
1010773133
3994258502
4229156131
65118800
865336758
1390863261
1611935403
106410754
501757879
2780580197
160206236
834376203
4104250279
1334632699
54049201
1933806770
2274112313
2597245504
1083827695
3814727449
684165783
2449486423
447568718
853875438
1880690398
2805550800
2065620850
2571369755
1542731453
645484521
2345674057
461242626
3993900754
1577426421
3450601914
3580643545
2236807509
1389170704
2460104939
1839616188
1675025651
2837331404
3756658468
279845857
1614755439
2853496801
3731294404
549112139
1447228592
2553252746
659998846
143466735
3617723177
506522611
3148302818
2040872196
3642446154
2064963686
1274239037
2664072000
1997843679
1596584695
3342849471
2382951951
1788447401
1873989580
923872870
851962329
2157961084
2213109932
127521015
1789541743
3819780014
238543728
3261974160
232649456
3794647983
410911341
1396375669
128461339
733614886
3188863292
2408175114
3371310692
3536934018
2032170994
868021041
2048166423
2341029502
858761013
4215340000
4193597293
215030991
2712061265