3859065011
436706280
2049951858
3845477918
1632390487
1256555107
2488626789
1677649319
821140333
3793271468
4145490155
3909741673
112277632
2362902368
2247773653
3773809777
1711921360
4205632633
1346856749
494539394
1993957779
2765703380
1146517620
479500474
485266886
149756785
1932203656
3770192026
2344538247
3768840751
3806756318
3058099568
3506841032
3685666477
531527799
3056351513
1697603190
271432310
1652035029
1984274254
3773721427
85367685
3482058651
308390632
3234291454
3321596853
1750341499
1549089309
1132112706
1034818368
3808719043
4129564557
2666063813
3131554599
3407235844
2371047489
1666775415
688412947
1818256705
2583648885
1490246474
