2451213279
4164024104
1194743891
3652667704
4222485551
1311885846
333646725
3899904811
4006790997
4047385856
2014815018
2960299184
3751670999
3258549189
3728497960
2536150499
3788729973
2149864583
221024990
3576593288
2867606275
785440964
4169894685
3036822476
2347118132
4112325632
995131604
1214335368
3958822077
1790295968
1619708483
2777192049
259220925
3400367929
2665512356
343777027
124266715
98373616
3802263719
1167543497
3628459871
3448300547
1436589328
1163144751
4056743459
1582605927
400329743
424236013
589900416
3312296697
1470292287
968344557
1417256521
1602737692
2347181913
2764035396
210613968
4158792385
2649746571
26354395
3400299497
322320375
2894450199
