3379767576
1874244256
2193954198
1964579731
3684404814
203168450
4069953820
2174779543
157660649
3117224185
3642739641
2428575298
1653967006
1966618777
777918987
2626689157
216322653
3641046990
3702603615
3286020113
1679516306
37456253
1118106424
1121657902
2871020986
3686550703
636883056
1107467406
4105199910
2670293814
1907985866
3761164234
1786808979
1057689530
815007516
1482827697
297282799
618403678
15381892
4095320633
111325982
1245266137
2549398244
1589477479
1638987338
1876238156
162556447
4240713723
3763601637
3296020027
1406534093
1436858377
1405857567
2245972729
2931508738
414998162
3886498851
3376016422
1402666716
300941443
3068463554
1732532349
946763754
3225256587
3052301485
4168763402
1037085738
4048347210
851954532
1370593607
1188147213
3252294191
1695495768
3982557187
1325307988
1033600261
3150291409
829434154
3393285804
2361441809
2729031530
2992585523
716621812
1113945172
3430039606
963063780
3279670481
1549476899
3520948492
1925797597
529733572
3935701939
2456133617
919436374
3561750711
4012435027
1857558015
476501665
2790683739
1506078506
1296923934
3242090501
2841733822
2508074544
1510269794
3549323391
4064800491
2791466622
3688641711
4135628317
2909104492
4042963373
743415753
3559381757
3799356531
312384692
3264607342
528732080
566162867
3003091267
1850748596
1894362320
2793242246
1015838216
3235424964
1932833856
2606669399
2849685486
401368542
134693718
524098270
466250841
586207814
221764716
4122413981
910825568
3047661895
4235698826
1531448438
118854385
1374257753
2375776952
2592583486
2036097344
550246935
826883604
1259874666
2052633006
1421935480
3761581943
3033216582
3605880608
4050185502
318836294
1663634452
3775601641
1893489716
2332341650
2908715168
786645024
2943002523
2347572553
2665978196
706092640
1266719352
3980689725
462823519
606128695
2063197878
850436857
4174701857
4233097117
1808927013
4234305727
3002483027
2048807301
2418578748
2282327791
1449129049
2409483359
2174445925
175239369
2936623871
3041086464
182569211
4221205823
2929465321
373550565
2253465882
95369335
1627589743
978463893
1996329548
3418590311
2677663978
4041889469
2953636862
2467017727
438617635
3909417411
998116071
2843035738
1112698899
400911784
3129984663
970992516
4039778098
2720060771
2027693637
728087728
3219451117
415270101
178275033
2808972481
2297886894
3750992880
2666473453
61136605
1422512105
1510274231
3652877737
572434071
2833732323