3771248593
2974351844
2128299291
3468571538
2993160929
3148056359
1995114680
1948894550
882492483
930186548
3205562773
25260301
3562551658
1838258264
3436042308
1776817698
2145365411
3764543304
943498289
4289832759
2808584619
2294413845
4259545758
2025245120
3921170402
2028526907
3552125069
1895299409
2114983528
1835428596
2365760896
727096536
3135183874
708441675
1726516373
2079115909
3549080897
1154132683
3008412452
869391383
2779703508
446223604
1522746380
2015290468
1412704417
3426956999
4015415952
320775335
1992615670
3388057356
2120493261
1140315235
3500407674
3894045154
3684780875
985541549
4202662775
989695847
973155232
1829387569
2198245088
2328610749
3505599542
4197250197
3944861907
3730471637
877656437
3194072096
2897283163
1060635706
434158578
334456661
4123972091
746745137
3078091741
2633452358
361587115
320202609
29825135
1560312570
22537508
1769417728
2051331315
764122063
1590339352
1885648680
1112116189
4002092248
1414520334
1299479424
2578895967
3633802559
3904033540
114889001
1687712205
1040992452
3461019048
3682133767
1669293865
2909411974
1344895732
1772887688
3983369105
2714852433
1951988278
1144866137
3192252900
3250383174
2748895384
3677889820
2167013891
3784373383
2309645045
72011259
2235162798
896625132
2088466929
3990373203
