1238566018
2616709535
2672526060
567448595
2645251461
205792216
2637795975
1172454334
3313943448
1547266436
3442201743
2307091387
1968480852
3978028182
3776100888
3270668188
3735863780
626393114
350302352
3649396599
2999972157
1664167669
1684455017
2709158564
3631690185
2963978879
1714309135
2770857121
2097128608
4142414789
1383621693
904685316
2069887678
3334849890
771275079
565290936
1376001493
2812745632
2270770635
1669638243
1866741837
3990825918
4015644535
170191834
112404722
1413363487
176687315
4157353347
4112818229
2580337009
3088195067
1161552081
1263769738
2067410340
4176551394
1966802689
184921180
2048806030
2466972895
1565557891
3944428982
2554555362
2702805884
124815921
2499876103
51899
3787112717
496990125
3812809774
1524127321
4128339449
2253353251
4217004506
2188345158
2428832989
4228300409
101049472
208318431
2811300159
272646015
1763691620
1554214019
2427012059
4008756662
2195188701
1305520004
4281621834
3213244015
1261750725
2056423325
3666930297
895407106
3608643342
4252720671
171445277
2971775905
3947368855
4039550259
587134398
1185542182
2529802860
3264120745
3289868472
2489989421
3113617663
2983723219
1535149208
2585583522
219933353
3887412019
3062647104
2420718358
455692127
1344302676
875550821
1766888639
1611788604
856859095
3379792428
809394847
4089992807
3704358590
1925625054
1450113839
3565319128
2479596900
4230510360
708197720
3849415549
3413965556
1043734456
3740303589
3264109465
1439360689
3125867095
1685162449
1028790148
3006203642
3871117119
828261452
3964841046
1665924962
1423075301
3641587266
3544264583
3305783233
4135487789
2415294582
2096796581
1047392646
3895640645
4028829732
300327783
3854130264
2959956480
3812525685
3745159988
431717666
1343006106
2260982233
753747649
3157721949
2256730406
3607684650
1802265847
98479284
3747003804
3525550424
2267917046
2108853765
2108719641
3140093493
4269337716
4047099759
3970416598
1954760174
3953403646
1849668994
3686366032
3891276651
3912073731
2191084449
1452812246
1910408641
1237467576
3793982526
2913884703
2815517483
3249410570
921360123
3941787958
1877582392
2493589822
2806712337
2088471222
3521104152
1070977923
871920840
1744948377
3826628475
731360841
1016093659
3826167382
400538621
3232185566
1999767136
2853749475
428404065
4000408414
421597672
3933864782
1140286900
3451137323
3020226949
3379316622
684611320
2844127868
484841181
3811428441
2653772899
2728879562
3340433524
3187731435
1823858
3686077264
1758697101
1079988775
1844300337
4135781733
741103504
3795667802
2119455329
4258262307
3904978628
221613220
2870180963
679332683
1659827331
39735239
1061291067
1101616889
2542406669
1596376682
4084833625
914114394
311648016
2047278173
1147795747
594454771
3655029214
2081146491
1233410166
785371004
698639599
1036185479
4218509613
2314304734
2008084615
1173654952
2267869901
3408666670
3396374373
579268673
398559904
3876574218
245058417
3997494683
731324706
699110286
147639828
4050788105
3099752812
1085699381
4101034749
2900396968
1710936830
103875432
3723675441
2718830141
1882933298
1730014311
1188002217
1772575536
2921511029
3931641800
4281165493
4130554457
2837927932
2280057971
348081915
1109435268
575782428
3375628687
3506110928
2406999910
881713039
760711725
3737017193
1646517451
3960737938
3850637024
1417892469
959793305
1840860041
429909814
1750572177
1101541053
2856379471
163188639
2000026758
2407890059
297843207
3271994233
1462165381
2406604560
57893783
1169652227
2519608029
3692142939
156480145
2244387300
3688020357
1009617983
1258687035
4180057833
2684097849
1199912285
4256621701
3718112186
662551760
1839215951
1647409454
1706872799
214169247
934946015
4011585489
2218249786
56450354
3744849155
2925059212
3244082938
347655404
753881579
4290249831
2227198209
3371483294
1245276821
1463964164
3376020765
2612928256
1937814241
1378580201
3002065169
3058803600
1657776667
3468279301
265102389
2134743627
1612300142
2499889872
2897389360
2256446371
1864029386
2436813286
3535623300
1015462876
2019038238
837843691
3169973816
3178524562
1184802806
2580436448
2549901700
3237488452
623369659
270734294
3538614375
1777737305
563048022
2579469474
3757430777
302551339
3300757964
4023575938
197586453
2063471969
1868559523
2517617287
160937408
4228604426
2622552962
1315095587
3487720179
3207883757
3055842152
1503768762
2988180880
3531054346
3635045543
338644151
3942724212
2072522218
3276896097
2050772562
279008687
1416581745
1879030435
1320202043
864662907
3335531850
2051859952
3927420879
3190957178
649803108
3459227104
841933000
2458590306
2884383012
1767808194
814668825
1012629176
3097043413
894707250
2575263424
2425529218
1377708434
1659694791
3416423788
3113166660
3392830331
4278465734
477739496
2730602358
890173289
1345673972
436809950
3900551419
841119662
4238270861
1243160188
662766887
86063289
1275574943
2852073819
2591454396
1053951350
1485880832
1003836529
155466012
2217289124
776682986
1842430919
3749551568
96734081
2211300057
443211850
3239099248
333504888