2878238348
4041818532
3361925468
3491258710
4092966657
3778666672
1882329917
3637760956
4137213945
2792383597
1209318362
2353286326
644755837
2549529982
1156296912
3361774092
4200835041
879650513
1627785708
2729890017
1329585805
2522434317
80881987
1460671359
1012602006
2725978299
499901126
1931587161
1491170384
2096228980
3456290213
1327535341
3642835507
3491028446
2455581033
1687985242
1953459163
3161967868
964191151
132678974
1516566739
2053518328
2389922683
3098916585
1019620942
1483997228
1030824489
1092439024
1955133145
1782246696
4202463461
1219160082
2295670640
243692275
3147276011
4227689130
1247197279
3643656127
88739392
359842945
2048005404
2019542121
2475996899
3939650384
963960560
3095782429
121211899
2438632883
2460239967
224918992
3935966842
172727733
1243153128
1944478489
484694300
886890282
1318996574
1118188230
2055209800
3555115344
2985837781
584630815
534037554
3464948732
4208769464
1290600584
815683714
4270876419
3179128067
3899053340
1829556419
332947614
3177709269
1144621039
3328065400
1256896594
621945772
502025336
2712923832
4196937648
2620263505
3879211142
1772785649
3663430577
881413898
4007620837
1808165021
1679926457
2614183298
1797545783
644696687
2805883133
278417507
3989163652
2702534143
3311594342
307731518
2109826745
977129551
3758420062
3229297388
4025535905
1535337340
2635404688
3895021297
1026184583
3027092628
32566037
1934852845
1965649810
1829021807
300148504
113451411
1635672116
2166131078
2716344670
1881434735
1299759641
3977716591
3415502777
2792328445
2756250324
1985582693
634240531
3590828505
566025189
3542425972
2934563709
685970578
2071630533
2673306912
2897811177
4096536193
1529194524
2141498811
414128709
3892664785
326960943
3355627037
1502444771
1790775354
3387119798
1202694173
3074911840
991314126
1460445905
638523389
1724048485
1337818202
3912787278
2786926027
1199941729
3233873562
4176053308
3960146424
457847673
3250793072
253103577
1339428469
257611071
424431740
2589426043
2981478937
2287646727
1126286942
3404685861
863983844
3237918891
1606658977
3336917114
1864847541
4066040055
750588515
1334994731
2736687710
2818687466
1716870781
2885703453
3314638891
1291381436
4125333660
1869521359
2670498905
3623913862
1783191896
1307198984
4294507974
3649055472
1634899649
1704128918
2552104183
2357495662
337852736
4073643204
1846452750
3423980980
2637666772
2960022683
3672549435
4203728393
2640378285
1725589192
2772685209
2394330135
1335916447
1809222516
3757759177
3630459644
1329063693
2891848791
796585665
3115962615
1776784720
582643836
348553087
2672145805
1246492249
401359545
3409129900
4159697032
1856345975
2619678822
1105366972
2192665655
1487334951
3983578426
422094085
3618559176
546111843
137151122
481296229
2773282772
3499244044
3613248442
3626350495
3692261762
2150784681
2543825110
69827462
2802973298
489787618
3136667570
2051545705
873611284
1817571277
3789818499
3947088954
1840785797
458159088
2584085440
1381231099
3754415318
508274022
760410186
3926636108
909856409
2431404219
3350907901
2366279170
967419820
2758796431
1204997983
2166036748
3343008274
2942446096
636009980
3827741135
4155798293
2904791008
739962099
3700804020
557186827
2206347859
2160578570
2142404064
527307813
281638983
2999270659
2024175801
122732109
630964272
3006967830
3659497857
788223583
1628431680
3463813234
916633183
2619062987
2380335746
2248916656
455168836
782048144
2417150001
2549962763
1920649688
1587402247
3645924350
3298106355
3740202885
1695287802
921908797
2424424720
894220255
1401483226
1562434959
108461890
1844938089
1965469252
3362204112
2298972252
2104294213
3155666452
2664363028
3331479749
1441109696
767001291
3452891800
1098456482
4141214860
4024614646
1631554494
4133331238
4196422526
4115881738
3439087242
2164398153
3142867436
537168895
4094755571
3560829976
1576908853
2283963611
1053873431
3291522400
2531063882
3808631261
255372972
1314666471
4034224813
3825232555
2348448450
1998750655
181191439
3152839692
2219600252
4013866285
3108290798
2869699739
2224999222
3112770329
3215938548
2001907256
3963788106
3892653633
838426344
1869852088
1316926679
3507334368
3382745350
2824732344
1904733732
2423904163
456001660
2401783462
3642739943
584553284
645931842
1381459216
497590180
507408686
1716372000
2266826256
1189806141
336454591
2594501846
1678799906
2892664883
3759859138
3823885928
3763422125
1445793045
2096619914
2135731502
333343032
2505773372
3321517072
4157726773
3154755359
30805760
2228060329
1048059936
15247555
1216478029
1295837515
391286890
40626050
2616560679
597198616
1839448993
2937719756
3021160571
855399258
76171366
201728043
2505779304
3066461307
2793075568
889926689
3156780007
158221989
3201531698
3242130078
1330272824
995087944
2961572616
1647763065
940809506
2605992968
2059756723
1782636731
2779371585
1172385324
1774152650
1952774078
3400642320
3577074189
173228199
1292164011
1773271249
1865846702
933468481
1072523421
828039164
3961508905
2316419645
4048860664
4236696502
3984094139
4166511703
1498645154
3840513423
2460788484
34763565
493026076
3010428514
521151402
2727963467
3892044241
615167325
1578426730
2178733879
4086262327
1022546590
1178195386
367803702
1596688533
3810689303
3091111691
3067296928
2344179618
1921260151
19500033
893756034
1222504544
2017896555
3026654706
3797078051
573090296
3738590677
1705585945
912610647
2395455670
265038322
2640707876
4211207939
2600052780
3980463847
2786439951
1224304238
2046923490
2009279869
2568039769
3410282571
3894779547
2887001399
1577478150
1210839221
4200653086
675921016
2388088191
635814669
2567954405
472018280
3168234112
2593155506
103816112
239144318
657396548
1876465592
4167341619
588772865