1678865837
2476307739
2416102584
475867324
2770205337
3138996657
1956736002
1810846755
3158403278
686615896
3270499593
2412716538
3217143646
2294818216
3868578158
3988797955
3996070759
3094253130
3029123090
4184640691
1390622102
625087627
2148116798
449443763
2911155257
1817016971
1819576523
953276774
756547425
2841356419
4019934527
2376134513
3415084231
3620345903
3018308478
2346608324
1106274502
1991842667
358052414
3846399209
3282023083
4281471672
2284224939
3792751364
2996534356
2054482890
2608309780
4042818313
2302679449
1493148668
1716006196
3630405426
1224391563
183436687
1154982563
1225435118
1372822145
472913781
2399909599
1589669138
2628795069
3086170606
3749914256
2948293420
1660595640
3144215634
3699136966
3377154550
3368658025
2636959475
1056459560
3348927292
3821437436
77222655
926704470
286021601
2490170725
1605958994
852604261
1664148134
1709703763
3819283163
1905805454
2622379671
3820723540
2858050839
796675646
3994716414
279770915
4216370955
3344462612
32324123
3844830614
477316570
3192183111
1005378143
615537971
963888579
1480204953
901784836
2550137975
1750033779
1469196937
1022095262
1313671409
1608243113
2008981900
1457472489
105948530
4034645417
620869191
519654737
3665418647
3496507757
3611920422
1746507164
355673348
238295758
958425319
2453635151
2159123984
1844257350
1750200922
1613279747
1279051890
368368362
1122222011
2197544623
1530709011
220836776
3152953197
3594848496
2575551851
552472615
2389319214
2488010817
411438831
1301231435