2613957706
1293856740
3854978442
1057176789
1496422334
1798116559
4134763329
1999827804
190375077
219440497
3706737823
3662869997
1804150831
3491647595
4042895617
2078761690
3912203780
3129290174
3631006362
3143287023
299930862
3332052723
563734888
3825804745
1507693794
2403318082
439249004
1357208575
1497515698
3644312498
1402090219
770609947
3460837711
3325006063
3811846626
1348957727
4056645678
3681701378
1312019415
1242288759
3368231897
4217574059
1248440190
1849333078
3620370435
2644651726
3432260824
430667215
893901075
3222373222
2593483277
3110975266
4090501611
312245826
566101884
3850948698
158775710
3519792951
3082642738
1548858135
1567427214
971931964
3753876861
2116583615
2852468402
2490382734
570519697
3875735386
3978225134
3026719492
1450121707
3993973055
2274748595
2589432021
177211868
807415857
3586950941
2081844260
425426171
4248844479
170927709
1893726630
3216475641
3506194727
539318415
411778470
1950409566
295521002
2193386364
751055209
1713093391
2726706751
3521991654
1721811985
4090158266
611808406
3597750073
402595290
3344118619
1381864308
2612822168
3769943530
1069912322
2584270100
661772425
3969126418
3582435148
3184648110
2773768872
4170346532
1373251107
1576326470
3345248525
2028906387
351819645
334441623
1805715888
4037904132
2019635847
880809836
762586126
1670960752
2709955849
2704205987
1372687753
3520937741
1247873010
1581473173
2641762466
30920931
2150845345
2629534143
3239151006
612784198
1037994935
4078033852
2360454629
661380987
568450869
4083750415
862602815
37095457
2919761976
1285444879
1306320451
1541782661
3547337012
1463065644
2890502538
3735910051
553019222
2553645107
988906530
869621493
3148756420
3964042163
516719771
4202752720
1189618231
3131591858
4164845968
2887215140
3137043483
4139497749
2780062807
3874762209
771420397
2066415141
1723578705
114215043
3453598431
486078792
4174467790
3145329875
3967209282
1725007297
620963589
3741424999
869477059
1673446804
380386093
2945272444
2953708674
4227450746
3275672948
246187389
880782062
2144362839
4277895936
2077555256
1322548340
2043130157
2298261941
1389528983
2558307305
1668937517
1431322738
2411009337
4266797054
2654735908
764370792
3509088512
2798070647
2265051048
1947430116
668822518
1504798908
2275993085
2215174366
2512633094
1621693135
525641910
118649459
4077183559
673485029
102825581
675395487
3435543637
133978384
1820723465
2947503171
2498577609
1244746805
3661121613
590124531
408757758
3594785206
89713831
2493568597
3865477956
3583758775
3703341478
3681822885
1693294189
1371765181
2501908574
2500769069
2806390218
2680927761
324071661
358344266
2499922591
1376849280
358931900
4237451225
2391772798
4244980086
654415991
3861757081
3240444439
3566985691
3091154883
22746224
163665969
171130448
458303282
3591531285
3731976330
1058498268
311890697
567174872
1331499069
2952678549
4270402444
1035334847
2045708715
133888795
3116756996
3795701308
2919631885
3339808771
2970947827
2088176658
1649022124
3256146895
2287571815
3619498848
2641623305
1339540488
754224870
3154523146
3861624145
4259224441
4260451034
4129333833
89240303
1371799077
1183141062
668340319
3245588904
4227358369
2720611539
2439690131
3304619237
2247342117
4075805737
2278381753
371945360
2801642044
1407609559
3114252614
2261693960
3996203135
1024034299
1380717972
703417645
1459393286
2832107965
2597795772
2795888408
156285889
2212652156
447418284
3258616912
1553264376
2664263727
2519454051
2486639993
3345327112
3490722203
4254629640
4049729143
58632813
394332760
243811652
3011164194
665323308
242352587
1379377675
486535015
958127742
795274832
3216136382
4134074979
1805261088
4216835252
2560794773
144866738
4266099322
832434468
2772711363
1726695668
3151474416
162096486
3947538784
2000880621
933008970
942525977
1804233048
1078392072
1002996471
2566469318
2062663010
3534894499
1585508147
1305033535
3235257875
66602802
2155772045
4012764796
3049655314
3101117993
2126611834
3393544021
1352804466
4037769270
189786631
1378371450
4043124926
2000311307
1986799938
2641079844
1460792341
358941470
2554331734
1117855993
4245689561
1138194380
2634069745
142180936
2083176413
3439580330
874499599
325771976
1738613289
3773567851
2976060691
961014664
85461721
1901222873
3531098451
290790008
3328909294
631305252
771445884
2706080648
2895226712
1293759418
1944997634
2588306935
2933096684
2841825327
3300255406
3751625149
2998997794
331561122
3838808469
868492468
1262997899
3036342167
2072125165
1988225538
2712062315
2165116705
1690966819
2583487998
3820280045
3286243610
3401804905
3333014881
738503214
173086108
3523053493
2616066925
858000103
1253988016
2825418295
1139773801
3774823779
2895572971
4007348905
1422407861
2063381484
865463737
655886112
2395429476
848575277
2336579549
1273530366
512625048
1855056546
2292197138
3373485321
403643012
1451934812
3101921473
1647150013
2881296799
2575303617
1890555038
1862474799
300594681
1281096225
778778962
1985469393
2689442976
464957688
2491852035
47580857
2716748248
2418768496
2110883622
3296117964
2533675199
2229537448
3980246017
3025218995
915373930
4283774134
1995778731
4280789980
3385168007
102390798
519291799
938130456
3464680605