1147452361
3487956032
1475383637
3248648814
2284020947
2508126605
2904793099
298700092
108629450
185123644
1536573806
2030776545
2083374593
4128528547
2410035195
795363847
3598072248
3135104831
686211758
1044159254
3898346658
1004566953
1555555763
3134994219
336281020
904467489
2484344646
3868518958
3450480029
2890423712
2925744668
3471845788
1818538573
641792489
2790816607
3980043812
19077891
1849234014
1908493868
1418509028
1846913687
2683089443
1925018447
3498314277
4218975932
138563432
379764779
2773898925
2275011341
2726395814
1245204347
1046728482
2411083478
1700774971
4076602302
2995107711
208812229
3424605594
3852321181
3158071265
2141351046
2532531226
494187734
2318932665
4290331013
1606298731
2114621946
4183889056
3279253904
3942763089
1850780245
3800427580
2231728923
3935252622
1247381399
3115490812
2264304757
2500384035
3101874951
2267801167
93126225
3467476906
552671644
3786257798
4269662605
1015771090
3703512128
2539567683
3814863156
186121903
2998149281
288588380
123000988
1824633625
789021169
3054621981
979318458
1656088725
1766532692
1601735326
