2140664046
2251419713
1765060867
1889545873
20631591
2847975619
3318681987
3967721931
3842840051
228863151
2631692779
22150687
2085941577
146567864
1620432793
4094559841
2011347654
3551667210
2493340477
4254243931
4286554345
3832377357
1732224712
3006782072
2339448114
3725999023
3774108239
1006151052
488227895
898330873
369278698
3140191421
121614281
3975111507
646639531
4222654157
3977446830
2340667584
1903438606
3497288256
2488060976
2455120402
2417936107
1774743245
1292370339
167122975
3626580655
233165214
488449464
3609433642
2715929078
1055728547
3036066088
2388404923
402282958
5491133
916646975
302848369
1037235285
539488828
1613899924
4108488439
4090804386
2990972748
3281926517
1983815083
2337713446
1034306963
4191000398
2346740934
2058867291
1679571506
2299125198
1482565368
1610606350
2414562292
309785516
2092845362
1138030851
1779691964
94264662
2341927407
1093240076
2385747409
1613416088
2143525461
3119540380
1522649138
782460491
3425725138
1317203052
913683869
763005459
3769421219
2605226145
2576314417
3695342399
1645760456
3226895404
1476938170
1779717294
3739460563
1513703261
950394574
903399776
232239470
1732750552
2780570082
659652759
2325975592
938463434
3320645854
1125226567
3629188549
2311452564
1218118314
21931756
3840413861
2451471126
3213021498
749186017
1907632810
1120321953
1772945703
2767578015
640539321
2022977042
2162892089
1429368663
1919461494
1271948583
1821230244
939211532
2490806818
3538009397
4044634292
4077356690
236859840
516456104
4174752971
2942800654
4274285130
3392391322
3647983259
884468519
3826927960
2282264799
2525140040
1759113041
3489732380
1779374952
1434875214
46816964
1706428612
2416882793
3887103270
1756846445
1596212782
635187920
1535913754