3236559344
1200697673
4255439373
3416437500
975462645
3675398233
2602091861
2008433639
545930716
1332069225
508631367
642512563
667722417
2159204801
248197586
386336711
1877894646
2568515062
3485396073
3325882720
1786718470
567104586
3617950753
3382067644
2530767686
3324293685
569476305
3403927446
709804397
2944699791
1394692895
259316605
303116969
2382610171
2570776948
2406979496
4292218365
3187487465
1576684371
2957151806
353054603
2404067433
1093415573
3579868501
2455686194
398744078
3976498359
3352813104
3830289902
2886914821
1598450714
3581726937
2273743587
2717388456
1324083231
2002999611
4246144828
822405860
2758609794
262031928
1942427655
1257505551
2619108442
3379739398
2954638963
1186064403
1448306991
571779798
456171738
4070601253
3900766320
1258942299
3182041512
345432938
3829285932
3026644617
2476376128
436120395
3738070702
1298687083
2841215338
1646235027
4100118937
1807784627
2503686826
3015130442
4290067117
1133901658
1385776230
536225851
1457348615
