2103743958
3156788649
858620494
550990070
2927807273
1135582371
63478285
2586631923
1320318454
3651342669
4062067249
1837882402
1976757648
2839481462
2239534643
2238696267
684685781
399603984
510319616
509193137
547397822
2680464255
1813428738
127104439
1197077333
1700466898
3871039886
2254793159
2398723714
3885248148
879677586
1966316860
1933857057
926817933
1507273497
2318622972
2114693473
2670976504
3154342214
1366190242
3411781959
1764492224
4102652843
1559747832
1920562723
3326126699
4233487020
4159828582
2625473888
2617770144
2027073006
2613322770
3844501657
3493211996
1710663168
1634996332
487966617
2747155928
3351162438
4195733756
2661244347
3599961185
1728807432
2263680762
118103023
2773135207
2259295459
3073344348
545771780
3480126621
2364690579
3160087889
4265114389
2065230401
2925894530
1574652701
2445106903
2942924422
2659788737
54683917
2611654803
4006348284
3567829034
315884258
1429260898
2780119594
653624962
4107828610
3067619705
631399477
2955701053
1938594952
3367553403
3534318145
3991351470
891639067
3445796794
2493982449
2957883814
1102551938
2223054263
2085107169
4072122534
2901932867
3816117074
2953311876
365333045
4172820232
128894805
1282194495
140784635
3874848164
3988480544
1889419490
1138879808
3975287325
3481671397
3283913639
1458346713
2760233825
2007519193
1610617260
2911984275
3900536541
3441014624
929493578
4007625618
4124351273
4188109900
444356317
182310876
3593327584
258514457
490352808
3779708136
1776831844
2972932644
2916420997
4187126825
3706813487
1669229287
2438224131
588749154
3814690340
2258924911
364028263
2216258621
478599858
642313621
360360709
2694302986
3200505716
3764500880
1513127496
3837779775
2809016411
2976035485
120400438
2617748758
1241752293
970878122
3373689498
1934460887
3162293603
1290364242
3949521767
1177730879
2100966596
2970027587
2856504123
2148928603
394242386
4040548956
1461654943
199652263
3690556019
1111375019
939524322
3379644594
1709515961
1852744653
2003268958
1957884576
3541901560
3643433324
2233153694
2101378623
1094839309
3287498291
930743622
488822594
517906189
1495697018
2738293559
3655756548
3578559422
2916439951
3529952279
1257056238
1050351584
2879610951
1520471475
3302780942
3800214826
2530050048
1041367217
2002065239
1782995006
3526361974
2005693570
2481263761
2011822247
355703001
1572923193
1923066015
3540627155
4271845917
4264757403
4228502989
3343644262
129668789
2440701635
2346580781
1911570685
769498795
4072851290
1651092550
2837118073
1850151104
2357985766
2533694884
3863843367
761078827
480038701
4105229385
2833719873
3597946786
2584575608
3266523856
316849480
2885311242
3799394653
423619566
2279294168
63538761
1408377778
617755538
1352679334
228973654
2312122018
793552077
1838024998
1235018167
3626701494
3677143773
4241208540
834060059