156653184
3902380889
1095694746
2511325416
3237255586
1702516682
3228052499
1953075591
3504083854
253840961
1790425933
1753238244
2124196531
3607908035
821530193
2844667112
2761049832
1021761415
2988754154
3161863963
1252000749
3970037212
3412153870
1384865430
3193469048
2668180305
2465545466
571409807
1407472892
918373572
2820737989
2032330572
4165461499
1325589928
477505376
767455900
3792554094
474911258
1056829126
4216424963
3024999614
1743106076
850064225
3151514956
1427306492
1687144452
2660567033
1384121657
1332141440
3369875593
3398203425
3331136610
3822782996
290276138
3130292573
3586867600
3687946504
465171510
764369657
3564992683
1287181782
3466340412
2629727767
167088759
2625161568
3052255750
1525002739
656452759
713768383
303682595
555962197
26796928
3657141712
3093264205
1499291067
40362149
2442207972
4191507554
3090009451
323691123
1200708669
1678944530
1859262507
2551779083
832713712
582043286
4026533022
584414465
4117738454
490771569
2005475905
1767897771
723764051
3978685783
1025162300
2655514283
1121134002
1448575467
2641033933
891114040
163654
3291892256
1075331416
1683239500
3912773929
2023343223
562076307
709843099
1952031268
2357352467
3599913619
45014786
4280068808
1743951656
1477395676