1729617761
2666924702
3122767246
1279058248
988847087
2751803395
836268234
3679099683
941765248
2795745120
2978881540
2092875829
247483699
2663658282
904462006
1831414998
3895166950
2620842055
1242463523
2023315129
1416856566
438995343
3320269954
1066734705
3709743365
1843855697
3414119218
3111818479
34058237
440953496
3077046039
2778376084
3109245976
2591476577
1695944165
2138899984
1302574610
3675637150
874601452
2873800959
2551453220
258780193
683931502
1524124509
2898545743
707846860
260759779
863264548
3302212223
1982615950
4047477651
2534109615
2320784722
2908398053
2651299408
380308677
813492585
597398728
2356356895
1942733928
413459491
2524349457
3848984885
224864687
3587662326
2293962152
2694550567
4027519182
4113981200
1415923211
3289154546
42233379
597933045
3927480842
2362632639
294479050
2003381436
494157624
228599811
4210919122
2963526491
4050817827
2235317163
1111701252
1718521603
2999779544
194327422
4293857080
4110306068
3374486389
2186683825
1922199264
1782445395
1497146983
3362963226
1634124822
672649430
4196790669
699199550
3613778851
362489850
1740246579
15258556
2170084601
2158768843
4180176764
1272763503
2880069932
882132777
1122940261
2986565508
3714517583
2328124939
2742109485
69513223
1121868857
2349086917
662684300
3410980465
3414743993
3952221173
135655402
766151185
361933698
803012439
2509196370
3233212691
1650244728
4009826344
3347526543
219153420
3022701774
1755137219
1685442194
3418989329
2264683119
2836089548
2480545790
2047593893
1752146682
2351425151
1011771927
1721841398
3912371721
413961765
2821358043
4100793447
113609349
836269364
1892153263
2723699413
3954508597
3356228845
961494919
254803556
3394972201
2857501342
1695334263
340722255
2994770868
1912923764
3056936424
812638054
2665619566
2886214499
2046584789
2382306032
40799923
2216281669
2583165685
228598987
1346365618
334300196
1288890132
110502352
2637191570
2887116929
580941122
2113250638
1982428409
1292915459
1771419593
41397124
3409585006
199621702
2351674176
3652269957
3820330338
3278836734
3544186539
3282842297
293425465
2854327177
850296766
2557432190
1940972737
1708266082
4084333409
2950969068
3647369242
11694167
497560568
600810531
2381047791
2323585637
3942478085
956450966
2390427970
3410178366
678852268
3233786490
1404681983
3733815252
1980591026
752066014
3303588848
3841415674
2443428912
4003268297
4271765438
3834679244
1864573691
2151770869
1630153169