2767381482
1258569251
1869420547
2186823934
2725018096
2314469230
2423025631
2605142210
1432749247
3452478221
1463947605
3150630985
630111224
247908762
466653182
3811100943
2939227361
14486651
257796433
2716951204
3929360137
971103623
2485593627
1925710246
2116517962
1058976991
3509800717
766127903
669172423
1725424268
3167224246
1872713105
4274306760
559422543
3350712481
264600634
4045036023
412008643
1659601543
4056277989
3378700925
3825806874
2126774673
2181888357
1523298664
2475403047
1941369078
1311757510
3714502164
3333074245
2291343752
3577531471
2911318155
1877929865
1222626107
3811034356
3549217892
2418216516
4205073320
1081868134
2854549376
2714227738
288598323
913594132
4273003457
841289737
753208480
3881107955
2141437139
1727647271
1414560355
412505085
3299485871
3692690250
1735481613
4085196970
2797411031
2401497402
1561866414
4166571776
3635411550
3485414045
251455933
3228337773
3347213349
3470969493
2137066371
2993817180
2431746928
3328321948
3283650759
66308269
1125676483
3317729458
2775066769
776306893
2024261319
1687013227
1858411277
1065005906
1934086759
2755870547
857985841
1522335692
2052639101
913242146
972556308
63518307
3878235476
3894330905
659878886
375384597
912078202
686189551
2088122923
4009992305
3409640404
2775157626
3652691126
2356159033
854184087
1885910047
2990264988
3442497135
2931033674
2886481239
2653928110
2657478970
3454826139
352145764
1880246427
1978826445
2398352637
2913294368
3687085126
2601436329
1253888477
704248740
4242829780
2519601317
4262105434
3031511732
3023771077
1001967671
3688690504
3128604898
472805779
2894166314
538255559
620218909
873337078
554454118
1388228393
2915140710
2924332860
3311209315
679394509
4160096971
2257220675
2366817597
1680274154
1971059812
43638566
3180174468
3976783518
3849156928
4208445996
1440408712
2513494562
1525979302
2612773362
67242747
1009395923
3801066373
2670613637
1179239856
2468074699
3859467338
1939402436
2493159798
3367642283
2756088397
3295292162
2462490075
333750245
3183850006
4208877434
1053647294
4039845611
817141816
3811214652
2547399270
581902428
3932996850
2173551452
251212655
1417255778
3185519532
772713136
1140980572
1362451896
3469228844
950027170
2760606096
851045419
1962730427
1538992719
317726533
201593848
2235740302
3819765178
2715599158
4063404484
1924588227
972216713
2893774095
1002141451