4047078441
3675447401
1849106676
476204689
2259650559
393380798
3288460619
1989120605
1556919242
2717511989
3348472946
222668259
617351433
3526683700
1872344302
2555749445
3262899014
1662170376
2363890488
4134822667
1773826637
2524711101
2098043348
1560475645
514147602
3734567229
2738831251
3407349811
3532759825
3449406097
2537845308
2319367305
2403201822
2042397370
2336592581
2661642150
4176364355
1955955115
2370383134
947087491
2676999792
1568849569
472085484
1400306728
3552109797
3090577978
3453517630
3326224476
3382496365
625964632
177243452
341159972
3003689419
3209420531
2631347891
908418087
816833061
2010198501
1012998922
1817911180
4157329770
696546378
16996959
2131992584
3215846137
3178928077
825619632
3980471183
2929639966
39349547
640910678
2328361556
1256360752
3982829282
483880098
2250160578
750491720
3751115670
1449939179
2103257404
1836833111
1927936833
912250828
2265262740
3642495921
3983186096
2529407198
2614675852
3253973275
1835738422
2889533144
1790428523
654834071
2423425861
3708001265
4224353832
1650122408
1490421800
390544572
2009657433
1205795052
4163947622
858384644
2371712653
304851305
4035568556
585200309
3869031116
1404335524
706158601
384893038
701312100
2255116399
4026294871
635661205
795381886
2422107713
2658262030
2797538445
2210764029
3209870625
3179040774
714505100
104223258
2526428268
392783552
1156698151
668149329
3436106284
3890380598
2825990335
4089025517
1391799247
4176434896
4082924482
1524817763
3400705944
2333165207
4160089824
135693841
2694703733
4028698672
1707871530
3118509741
958447576
2270220191
2120411275
2802514114
408182092
3118230520
1554485935
1649682522
3808447167
752251990
4178621627
3908744232
1223818002
2778398752
3571917369
284887560
2129811810
2776232186
4228213570
651580002
3631916988
3218543883
384456355
2799135874
2891578795
726063421
626353404
1197209290
2947688565
239415022
3737100068
2058335778
1663473158
2172058355
1049853507
2787001072
2889469999
3823029484
3489532230
149205454
613978394
972380340
3953675947
3779785771
160286623
2363422896
4016656967
3234721163
131402082
2155028844
3247403665
1653084077
1750633173
800762867
1506183870
3793244453
710605955
3145925816
3174787257
1922260130
952820062
2156565956
983125454
1403657867
2620711816