1041199409
704903271
515449270
1529489169
4198934578
3260370533
3722060785
1991595617
1540054258
1363759254
3467947384
3562639675
3879221832
1886463226
1283420745
1203008916
292894902
2582774037
76659510
2291287952
278091389
249015471
1451147652
906787817
4173156258
1108271002
3537677547
3403443597
4210939804
2709533375
753577370
2234245399
630796595
1519127531
433370596
3297808543
2517694893
1872978392
879202671
2559126811
1220772265
3135871505
3287263905
83713562
1645544065
1567647106
3676115984
140334828
1983334740
1911794656
4030980177
1162483277
4241324224
3120312366
4055723457
1456597408
268325412
3684405420
1953309557
1133109771
2603626948
3169996165
1398547541
1118492415
2869636952
2055949455
106877761
1128892592
530627803
2622351051
807222539
407996168
2559691173
3820896545
3287559332
2915539998
1088127134
3195384365
37157780
2031998979
583925065
930189867
2278321923
4095438531
2071284451
3828851261
1042280808
3856035149
1491485256
3355313233
340495829
2328876792
460365421
3189749655
3884926519
884438398
10113259
2606082271
218843710
49030731
707303606
3870830726
2658265293
3910668615
275307841
3941836643
2295667218
2766571902
4288508813
3727166344
1242724430
1016366952
1392826393
1040686463
485304134
1600620492
4574054
3553487725
1762299942
800978048
1641660710
1894569388
1277443768
2750913294
685048117
796906174
2483965008
1809526618
31798574
3235016902
3927998949
822736387
774936104
3990084911
117475179
1937762995
2560445993
3103511437
1929555603
3405694476
1444008966
174535106
1706265004
4176758969
3891543250
2344275908
3239696497
4072760837
393586582
3172728272
1718757099
76374261
1824187397
2081312847
53574673
1068325805
3624717754
3029182582
3600390811
1713090231
2045335578
2998681753
4243095729
1779522208
4116951635
1380854322
860215767
1455334582
4216833336
235705861
1325064915
2121576849
483843019
3148840535
1397891967
2018318334
3414376411
410418599
3640015479
2925756187
1709914539
3999258795
88716749
3323435319
3070831399
2896346929
1754741433
3847811474
494543688
2673380565
2176525944
3963540885
2803670258
703224869
2294590237
2636028418
1477763194
1328974699
880159841
1813964510
693222220
2691423905
1697143747
632767462