1115183690
2469064546
2432227884
3004360211
2603142805
338761409
2492971886
2089902381
1325635880
394673106
2083868906
3752546504
3589344046
1094653537
2426243646
2004054849
493337646
446134324
1812006020
3694358783
380859576
1590066783
2627732791
3230299204
3997383935
2352504299
4276421011
3615041714
2296072122
2478620348
3095326465
999184149
4198837756
1423193635
2728294487
2233046480
2932496689
2362714923
3795051600
1239432823
2086222616
1959186628
2455662662
512781605
326789167
1644625435
1194574645
1340109371
318516177
2502517582
681939223
2181040494
3761922928
844152832
1121094185
3045492496
738372805
3193031707
4168154016
814793582
1268999434
3768743576
3250233200
2594934074
1298474629
2140575116
2003326143
1192395519
1692411856
1982967848
2827385662
3317037947
1714723119
3417966295
2587143211
2944892063
1264804330
3020209767
4276990022
4242943042
4197766665
2562722489
3051044109
1615303617
127378947
3067634405
3005806264
960796057
3471115160
697825064
3039066
2986847044
2748768347
2348262512
2952396542
117509718
761026247
3784458631
2971617004
2681163746
3244228569
1620508115
4125781022
3607363047
1978966083
2030029489
1599193524
938036683
2394467898
971960257
2856844180
1726831528
4232830651
3356197734
3913128003
1599411946
1359194451
1368422796
2219117339
1791056920
3336856027
761375475
4136483906
2760270235
1054690341
4251284399
2983685403
3801137897
1453041547
3373050427
1514727861
2074838229
3420960880
3872715456
1036230729
1570700769
717857760
1837969225
701269398
412448345
860505743
2588800809
140547179
1512976536
1563477247
209349668
477638603
4004476407
2444612250
150274281
3759841082
613995766
4181880783
3402966431
1285861916
1655240500
2789825259
433350826
798248367
4223479557
1915530442
2877452499
3408722433
3302344023
132110405
2251556948
3476284266
2509320189
2202584046
2468712094
3215064731
2001806469
2126131501
2247065309
2070394365
2383404823
3341956236
2041753399
1525791697
1249654629
2640179692
3144665921
2577143495
4165113505
1740778396
1254702839
2565600102
3003733033
3269755559
3861130848