2377076149
2202310437
3596449967
2362820001
4111967812
4232338007
3732318113
1377877950
2727251295
4082269247
2445036579
1530692904
4072003518
2110122196
422207346
2529089961
1798033314
624236930
886296430
1371056150
1718054857
2644410664
1446649112
1974235303
3358179290
921189408
4065367376
397246251
3707257420
3947341411
1562654985
4241603432
2179530708
145284197
3155624962
2908228936
308558208
3306432496
3899370270
502625333
3623097153
3751960921
2338901860
3727503307
2122613906
3792029964
41065515
2284506146
3831310904
4205063773
3897423499
3225078062
669350645
2018552139
4275625833
1880686646
3952097541
1202160656
4149009035
3668977177
969899949
