1594752524
4027408403
1121882416
2600252875
1183477288
3656697755
1895392383
342665531
2401859980
3577502777
3437943900
199524947
1613375923
1965241332
2388097377
3711550897
3866519935
2336214006
820137944
1661871387
37601170
2945182746
2335340821
2179353706
3599293858
4095309842
3505113703
3144167235
543162650
1735284797
1965965101
413813256
595898486
2922053914
3139969591
3762718098
1729799957
1324421668
3851514150
574302027
1412405648
3985087143
1266225575
1450040336
4084533016
3794922843
1205443561
3845788074
3325613942
4031896326
4157582425
1586976292
3179494000
1231511734
1038367062
2627150607
1027199462
2734855407
3098187824
2410393741
4096149437
1654080671
1077900483
2966427543
1312165104
2950912643
3009608681
1679967667
4165507632
520527490
2874158426
554647187
3020814031
3027634589
3587841347
2091511593
2725273990
3488709049
739089305
1347773794
355910644
163291887
3171847981
2823617526
1167400352
2589286239
2810729613
687304354
444852136
477198687
3176561352
966411583
126916466
1200400586
4176454818
3784524077
2914350890
2984170355
3452797852
2791202732
2909228725
123915325
25486542
2112301886
2359406680
1298066101
3117487949
64733124
4264568353
2320498685
1933731095
1697338002
3496161603
3810738354
3327342544
1014853726
1159249889
438976046
107932828
2194014683
1591007217
2693305902
3530397644
659488138
1766823437
83229774
203339457
