588568431
2696301984
707423573
2587816332
373547015
2262604851
3118823449
3307914014
4182285492
1465793639
209555586
1937020281
2499126983
3927371840
1578113357
2169120748
635756434
1058153701
814018668
3356574514
352846440
1207130865
712458000
509403151
2030336320
2064482708
3789240860
861709419
1337271880
3813805735
226973918
1203750977
944081376
3526835174
3854443395
3696025107
3816249426
1620806792
1858751491
330705793
2707964088
330783768
3893249217
3608492517
229425174
2039436179
3842768546
4105757087
2263371119
4221641179
260583318
1793407873
353070822
2494603595
2140572031
2527728370
587343402
426549345
3236145540
2415891719
3671089083
874118589
3434312635
3797984611
3268964866
4066469288
63168041
1592683596
1170737848
2252463944
1280882428
3734136155
1243973260
2603941797
3444243891
505095697
2449888008
874360175
4012415233
2088806787
1178213175
1572900499
3743774330
3291807848
3646152493
572526819
2043238402
2038110601
3635358500
2885846391
3729818726
2895807213
3089288728
1514384876
3900748067
2158049613
3355489759
261026358
2053324570
1898002636
2153308266
3379029763
114594646
1875225008
49837079
534693725
833265610
1967675652
526363460
86087134
360484704
1199050575
553140644
457057445
1896565289
4028684621
2878792725
1344034432
126999697
3345600928
3465236609
1477563739
3717576514
4164673022
3998385335
3413276922
1893989947
1850183798
2981407125
231445722
3510535369
2955362635
3998462893
2879620243
1399170240
1455282950
273105603
2377150622
1923362325
361844559
1770163555
4221180009
2795223764
2168267237
4016750809
2317924904
3183586547
1233911818
1933605473
368152576
3653298091
479519927
2845266050
48393900
164992830
3001787670
2945909041
1958886116
582630484
3605123419
4204071513
3214101772
3102008047
3886961877
3877908545
1169309816
3466477277
2850046345
1330365038
2281486712
4269996854
3527029402
813149076
1911680535
2922915350
2693349885
2402113907
482796405
237161158
2172050042
1811035627
582504588
3910562157
3675499605
2468419068
3762367574
3081144902
3403024785
3337215446
272461734
1248446798
2275750087
4064277594
796622327
3100559639
4012008264
468040163
1379703027
2697686054
1082202875
3483602873
3065026436
3782915557
4133293112
1375296771
2636971825
3962243986
3615543674
3881796056
2745127671
2936532645
222222182
2001507888
3194603140
2937056545
2886184091
904792714
1895041045
545450794
1177632531
1311379452
4236323347
1165852818
2388676540
1093469493
2137313407
1485568880
3510883587
3884518960
818689493
887812388
4202828161
1965666039
1768075406
2697845030
2487350596
2688060744
3935801963
1848344728
2975624054
3977713603
810685466