680682157
964519856
249823002
3547183372
2288080088
4163889324
1545341626
4197693582
1238566018
832121668
1875538121
3849039476
2152137942
2994917924
2616709535
2672526060
3159848322
1847206612
3776100888
3631690185
1722120070
3334849890
3617240558
4196960905
1722117649
565290936
1376001493
2812745632
112404722
1704854766
4018271455
3320255399
494680754
3031092946
1413363487
176687315
3613132545
3088195067
2331033227
2067410340
4251961783
3636598463
2915995185
4074326739
4176551394
275305176
2011488383
1966802689
3934396875
2197884433
2294656744
1565557891
3440648670
2554555362
158427809
3473672988
462298507
124815921
496990125
4095445271
2732102392
237198400
105291856
4217004506
4008756662
3641330283
3608511717
2182070978
1305520004
1816142563
3721007761
718330744
4281621834
234545154
1709342352
2979483985
700351440
4004280397
2449997768
1189964058
3526555222
1439744871
3329526637
3420835753
171445277
2564953885
1467749983
2971775905
3289868472
2410634693
101710459
529987797
1699060638
3035144776
1766888639
1450113839
106254708
2479596900
1586041896
2584000951
2307317109
3740303589
1753147143
1665924962
2096796581
4293334519
4075039055
3092195537
2767998196
1047392646
3709405296
1425485926
284589149
152557189
690125932
4028829732
77355121
114443791
2012244979
879999494
3377887092
300327783
3027671597
276628891
831405734
3993228703
3081281599
1648310377
3547561182
3854130264
3347482079
1874173185
3745159988
1999153318
754322898
598227966
1343006106
2168810634
1009469254
778176543
2312127459
3958057185
1092953220
3954300838
2360735692
2831406167
2881521544
1698151670
2494167507
938771604
3157721949
1975196002
1703278436
3349645702
2849538467
174128705
2256730406
3607684650
1999086785
3747003804
1074695720
4190558989
3296922372
905161065
2448796790
2108853765
642381279
4281667340
3464781988
49121649
3140093493
4269337716
3970416598
3686366032
1237467576
1505617078
3793982526
2708850055
3723047819
761870374
871920840
1744948377
2423866579
3548171437
400538621
3670377733
1736790814
3555275594
1140286900
3120941827
3379316622
484841181
3187731435
2611711792
3686077264
669827662
2494736216
419959480
3686771104
1611813302
1758697101
1961191501
827502983
3525386374
3476401845
3977955114
1570127520
1595743808
3069632639
3559276495
1844300337
2109750603
2404032625
2315195080
3904978628
2868535139
2542406669
1147795747
377089837
508554539
1021280296
4239978061
785371004
1520431637
1775384376
1316904089
1900539540
2628402672
770252124
1173654952
451896482
2282783745
1192964994
2267869901
3876574218
245058417
2850952927
3791134639
2949661254
699110286
2919878500
1682199321
3483622188
2296666590
4054983756
1595022242
4233908304
147639828
4050788105
1708162971
10789892
1672250832
2606554626
3723675441
3978700395
3908490147
2718830141
631677986
174619494
2387365797
446237844
2837927932
2069833358
125587943
711688802
1079959443
2280057971
2472395028
348081915
474463999
813701445
2362839908
833459914
2770594442
264778661
3375628687
3506110928
3924704672
2643549510
2300735954
760711725
3850637024
1431636689
4052347077
1417892469
2929351451
1101541053
2000026758
444675138
3271994233
2519608029
2599302761
3692142939
2302914661
156480145
1665353027
2935921230
2091688778
3458667897
1471064595
943799162
113757339
2513264323
1518472663
2244387300
1892504138
4180057833
329650771
4267295588
2684097849
471406903
2154864304
662551760
1647409454
1406007265
1706872799
2482958417
214169247
4261685869
753881579
1070863465
1463964164
4028876377
3376020765
4216857190
3861335878
1380461176
4223905979
2049611119
3058803600
1311582628
2347595220
3987106827
2511184385
3959946386
54858630
1203610637
1316008829
265102389
2256446371
1864029386
1864112471
3169973816
2900922501
1829777728
2147560439
3637581832
270734294
2579469474
3757430777
4023575938
850525291
1868559523
2517617287
2622552962
3437440757
1315095587
2382417256
3207883757
987433403
3055842152
1098767394
2988180880
3757594511
3825712252
987388218
3781097979
512280086
4146232456
694166858
2689788828
3531054346
3789624311
2652318938
1984427978
671152270
1277798344
2050772562
1832694424
2458590306
3997607066
1696635094
2884383012
504821633
814668825
2734769257
4278465734
2245110454
1735778320
3677021836
527155043
2730602358
3161692370
1243160188
4219404212
2613480075
86063289
1053951350
155466012
406958699
3749551568
2167260158
1230505412
333504888