1716307795
3184178396
1355350764
1840568636
110198116
1083962443
4051325488
3652313520
1078190160
2227605435
2737275138
4030124016
52899715
2580671022
2638822519
3751365520
582125511
429003615
2717188274
3699943952
2354467799
3083670291
3566179706
1521010105
1358530528
1254400073
4204914565
3919739030
1441329723
3221467171
655282685
28409882
784474184
2386382062
1718239893
2847503336
2279970274
1561725718
3876119107
3185014041
1954635005
1166585075
3133433626
1706072793
3730691143
1181478391
3836460559
3298320193
1934376627
448170558
589099523
3697043733
321805099
3088019232
1316097290
1661006318
3344294924
230859583
302003372
1427291985
2257856002
1231224597
