3710495908
1577980682
1688053736
3255234429
3540058912
2955669505
1531269680
3717993885
3947829513
168349978
2658514202
4131981665
414111617
2530652894
122341977
3846051182
2159029362
3736875412
333502581
2723440553
4090538043
2940866853
2669085253
3803702001
3763590639
3324487318
4069643074
3296162135
188055624
478837357
1952162625
3771036748
95469283
1539178531
2011548928
2409747246
2437748381
3673612589
469796006
1343863664
296883536
1346599744
3957766807
2834822209
1832041956
3615759419
1130228749
4268723744
3716501327
1419446395
1407547248
1688081843
3708897347
3967762857
2902120061
1190967555
3034676025
3724480475
1349053937
412391006
1335966874
1086452333
120431109
956883996
3819183656
3740303781
80877051
3548234313
1936809747
3310617777
800426599
2919230303
705501234
532609984
3129495050
1115319077
3744389021
3496054323
3949760754
1604747862
3249297227
3725942982
839218537
1122150673
659570552
2750837101
447755771
1205600035
4102691606
2471293737
3911273259
2165027122
2500222354
1849427432
632291686
4127146936
1560782533
2269875551
473811612
