4222503105
3270199259
393034451
744234094
1830692266
2224272543
2791491861
2434552292
2612086959
2399538930
2825479212
929821954
1328644414
3687972142
612619135
3579680934
3629028420
2664613513
1300457283
1637835187
381021541
3031930885
3311861118
1782378918
3019129918
4210166373
488010165
4044733951
2786281187
777875259
3402623900
3027763091
2909553496
2566342504
3333659868
1279261738
926134376
1487464300
4017108857
2703510228
166976913
2713457263
3400221447
2587113368
1562981040
2896302708
3118087174
2283604276
4235143024
1966096479
3940656024
2817499249
2865104460
2075682720
2493130277
1646933561
1597888958
