4261520776
1788483638
2138132507
1694437389
3448408687
2192038363
2775701489
2257938319
1800880762
3344193621
3232995668
3374910584
3095760242
2628660687
3867376842
3352845835
1936492381
2654092002
4125313026
2131898761
3378263176
386545245
2862294106
3167772488
3257127297
2785670842
1173689133
897408549
592503437
2560819064
4031821604
2495183516
3643464644
646671048
2765390338
3462099522
1064483825
2528217733
3449978762
3533096576
3869237046
2728741244
1549749047
2709495631
2854797628
937832256
3423845325
4288491609
1488571356
990656820
956525665
1510673076
819933994
565538088
3688071985
1356465462
1964466009
2327439094
958639450
4156568556
1527979050
3553218909
3132291141
1238180573
2452746595
2681397480
273238399
2400349864
505654455
1622279436
826106584
35715651
1103615935
2961496517
3404779601
1914305978
3848564160
1839384415
3016083837
3488633297
3829606933
721105809
3810351421
1230257211
2399196464
2709910167
1871570642
789048604
1979157744
4073649451
3047695410
171128377
1018683951
3030276445
1462272301
2290595630
2439625232
2543838699
65376179
2571075258
3868019308
118408114
1158346275
3397185382
1147374841
1118654466
251830698
3859590269
3793819002
1033303764
416702275
1362934465
300902534
4094954409
2533274914
983384675
2755051268
3712870464
1452293447
2506651700
2402896629
2782244387
656271216
2574275720
838526830
1848947977
1689804298
1472102815
423175966
3363262797
1799220200
565592540
2583595313
3219143595
1474923892
2408785711
3240096041
3036345544
402727031
588656933
167558965
3226828700
4238332872
3868203174
474425668
344299718
582321309
2032772743
4036340883
3434616355
3018448617
751789486
1359696511
2799563710
2573512606
790735198
1690798901
1613391426
1732811119
3295519535
1720423565
3614421775
1267260560
2364124449
1905171597
959919038
2839310118
1855588594
636394449
1518520751
2019994122
285451975
2230025327
2211942076
47666984
4100880864
1056027926
3400636621
2854699720
777817455
2019843202
3830484435
1100251218
3166823679
37506522
3753714488
3144428038
1248616939
2206449071
930810219
2209226164
2877698753
3882311195
2129068809
2576303537
1095928879
1485690251
2226427618
3296582633
1214694750
131263406
371505676
2749038466
2465566906
1680416516
1888087824
4149090350
1250911276
762288456
712545641
2765624454
3056928584
3778777489
247814102
548618945
3220514161
3557853805
25761503
2248331263
2761837264
1424186779
844403168
1501045893
904346125
1712283167
3530934841
2996734656
4173961849
3421725194
1511639049
1960006428
3770216399
3174182908
257712974
1860613467
3631317972
3499865926
135933168
1780974549
2447174524
2081436769
1431914651
760713718
1295816291
1805044757
2177513963
2107137415
4167308757
391707835
4211993003
1557823046
208162762
3537276581
688237839
50804694
851181779
3308876340
3433769334
3831025589
1274989986
1316921763
2394539799
3800854541
2155719282
2629124034
545257652
808436108
2179654639
499812334
2027607736
2862227334
2187440026
340754228
554109020
386803938
473467782
1124071817
2048219782
2828038211
4255514248
3281744635
1125688431
1595905627
2835970245
3959601890
545934906
864475765
1844478572
3249143420
1561874231