887215744
1061515197
292680300
2650789536
2089828449
1212742430
2870896783
58981919
956404823
2492301795
1116970717
1359171144
1241473915
1297647726
1885881771
4247828769
3906379586
514065377
2353771283
3103803240
2277002856
2720380731
47236384
3697444618
3266490455
1685248850
968295365
2402297743
4048036091
2072226148
1976784391
3830830140
157213367
1416131621
3534873992
2510139414
4014206035
2105586316
2022138358
2669432442
940205784
718994753
1380162320
454590905
3694756209
2563824261
2859400018
415593503
1077618317
3307059801
2709818003
2684849763
1043380002
3917065671
1061918839
4013277909
1580239318
1670441437
2711817423
1742255961
2970092582
2896848211
1613514799
1841564192
3676694808
1018440427
1383159877
4058200323
3745883272
3309392338
961597886
3325839521
178348860
1368106312
3728033649
650416995
829930737
1431490401
1235395566
1236877163
3971934662
4152228855
2630689703
2463309468
760118591
2447782835
776974091
3486828107
3082412571
1873256135
2312275971
1246197136
3763461061
3111973885
337901067
2477306333
368418646
2807848090
1325924779
3059292602
535710228
3788761076
2841808881
3545205092
2657333660
1911885815
3540054482
3054560941
2643071285
1623958222
3747427906
4149533504
106488988
2335689841
4051786979
81748358
674467379
3997181246
1263895131
2921734097
1160231856
2412348964
3186346269
93294677
3476337257
974333990
4242538753
3959179178
4044417524
3607142609
190228913
609196664
2626536121
2721905343
4033242151
1638554035
4194047032
853418137
3736942307
69797955
365043786
2422220422
1837960037
3634535644
250101303
3776636614
770780723
1489191143
2840778165
2144470157
3922180853
1084110220
1134194765
3613581527
3896683330
1925978024
3171112689
3868559965
4226588308
4232080612
3546442465
3729640791
3073752729