3966146718
1667127226
2136684437
1525549281
2576702993
321612755
3382655965
384542479
3530903409
1301638619
2615501763
3648376992
3017004727
1091481461
620904202
579739424
309571844
3391403376
3170091511
3522562939
3109608922
4215436089
4074492545
3275336865
4013987375
3101424885
3130650361
1896636223
3315494169
3706991816
2764475945
3192317005
993963644
3256134301
1112871510
637374581
89275954
763557241
133523742
729889227
1965259014
4265864861
2650097688
2043062641
133746908
1138087473
1549041998
1210025942
2561626381
2148398170
2110846954
2115432891
1349031584
4212734767
2665995765
1906108817
3983099320
3696866195
1081606976
1962657582
624542258
2866108017
3461896057
3436125801
714208531
66655601
1939417977
2314211111
1914009514
1377579939
1053131080
2644520205
3698419442
3706585884
2050564524
2225701937
1570998373
2553356326
2251245905
3906720994
3630905281
1285542553
2529732202
4077732046
2753003574
3820342244
1927123622
4177390944
1170562072
125051333
183469967
3076317206
506976753
1139025360
4276596483
3971841544
4269510692
3448435382
2058386287
1063129715
996301082
1298462412
263965384
393967458
4182447837
925955697
3803245782
1566467083
4126496032
347319823
192442495
2646049958
4114855988
2322228253
4244884951
3314041755
3029222769
4152098503
2531588316
3212921509
2783735831
3012115183
2098320211
2963765627
3867074590
1264144587
2846387244
4116901360
3431595010
2184839720
845934480
1046321799
1495844049
1912825810
1263744612
488331243
3839515407
3566121649
2190267064
464631556
3835385633
2628024098
817440362
1720036002
1693202872
390231514
1611318744
2029376420
1774990114
505383942
258582522
1427359666
1449250509
283146819
3709679325
3909628078
523090006
2787200243
2836669990
99489662
848715076
2962581601
480059451
282658359
148126914
3237353041
3393173944
1286561225
2900581705
3283575700
392917552
3587334510
1426561011
2948686837
522772813
2666552674
3290612971
1523439243
2729972407
2387943853
2382628767
1636520812
4147105212
2595116742
2504888581
3906191451