3154217988
1520684292
835813297
3026511617
3068847170
1675164086
3398409959
669905731
4005047908
4023780021
592650602
3965109042
2898587176
1506262219
1529015707
3278180908
1110990576
4205787760
3314055129
1180387322
4189227234
3225801021
2368521851
1651555018
3972304118
3347901606
1868830707
2549928385
3301547559
2194254296
729694517
2639362368
1323678810
1734973057
2417117366
1297045748
330233069
3325794651
1731279537
1853115591
3927795326
1349840686
1064842411
1102122991
3823646997
3766102525
463732318
4097684717
3164824160
1885886638
935217925
3891030669
1499134019
9983813
3753630141
3627066442
3939129420
1668981273
542992018
444870629
4110108845
2606866941
117604161
1355360550
737353138
3514664481
1556791399
106534214
511967437
2882442144
2294937366
2234374491
4259742967
299335008
268726460
1706519857
780930763
2099617443
2582508848
1972243040
3851594693
4101246316
4094517281
4128865568
2681778757
2690510536
4273565578
631611041
2282996198
3988436347
1930063989
2936490478
685205105
4242961627
1280985517
1963416858
3832021859
3863241096
3469948997
4178053045
2524536993
4270914462
2462145951
4118628039
499383960
1269531130
4188822848
3648645570
369001750
2050520653
3929846722
553581045
3202222975
3991676016
319436250
3459859163
2865241450
1337406326
1647629470
2788634882
