1516315682
1021037409
3419455077
1766082125
4019756855
3036573969
1580377898
18073747
2115448121
3572553755
2343783547
294724750
618038760
1516432669
2117809170
561640440
3156086221
4112666035
1231955651
2320695277
3567128033
3018247520
2618559869
373302484
4019749965
3001239348
916328224
3702716851
2371870375
204883857
4255757091
3987697459
2946627042
3924776124
1776770358
3314899963
3389070494
254270275
855323303
1845169260
2313998624
3658358485
1209612111
56855256
2525373542
3167564094
3985356913
2520392527
3742449121
4154433212
4039683613
3746750576
1793835627
1105523025
269655831
3866256984
3544804297
2862631060
3880118965
1645387408
4237508120
1038384536
2040231678
678075508
185086418
4051481027
1656635163
1697363037
483399178
2441947562
2333286537
1445053875
1304779474
4038477825
1642029217
2437648253
4052530372
3085904945
1271847468
4055516254
1169570173
3786302377
2081958883
4095436509
1254759968
553379475
3451926428
