1107559321
1738405621
1847160604
3129397454
3851570971
2887541368
2035410642
4279649734
4021185334
3559207082
3912122855
2474483744
927810806
3419541
3749118424
1397539541
1865942604
3307010813
3412021319
2828136095
2729524863
889499764
1361715388
2920832231
1819970731
4021876221
1963723045
1389916136
3530733268
549990408
1951838558
1979327407
1375976777
3796939030
1306798201
1492461073
2082816643
1503842894
155114740
1273873552
51503102
2734693074
3018724891
2532458578
2704117508
282481198
537666833
2320709815
4288742920
1503987508
1464869672
1352086654
3118981875
711289896
1997704459
2655340159
4112088881
3125291994
2905879979
3438295932
352657813
2649445222
3031325189
3615649874
4264376545
3618908001
387694404
347230364
3901598515
4009070925
3927127137
3019662612
3612301470
4085531015
102950383
3726373813
3643017369
2537297941
2852513956
934733960
2737634616
2745797672
4020073740
101025771
128871862
2758794659
2114435836
2835677547
2149061327
2415384408
3568177981
2917678513
3390679754
2035881833
4157057455
3111353574
2091788288
1216957769
3488661037
1644737489
2388304424
2881279879
318516699
2863455479
4118568223
769401421
3572085510
1736293594
1990508687
2779676805
2940952287
2281748553
4013799530
213651523
3448291040
2506188506
1924382409
774959640
1230161234
3711549565
3862809424
3675838295
1498530166
724114919
2961345340
1699381105
3903124707
1452492983
1240426843
2262993942
482030904
3852523782
682444759
2333003690
3570413233
3770716257
2383222829
3939491895
1439700985
1472066703
448271806
3590327433
12914333
2548428620
98643589
4094452775
4076230566
3381835866
2110419213
1040096391
3213546875