3825301576
3020236991
2943453900
3715673211
232690912
2337219752
2828769737
2777470148
2624010276
1117224702
1462110948
2976509691
2551005547
793966977
1347376702
2547374246
4002420680
80289164
2544705872
1473446050
1459945539
4065235909
2568965491
3691824963
3618256424
3058494148
3304176382
1993684081
1474070606
4078820928
567486298
3637757256
3598321376
3299175654
2258803950
2319368736
4060245130
2919279731
1075687392
142195707
2274878952
149475418
2325067227
2187747741
3663789296
1021956557
3004173196
3363069814
4141334921
2259085910
1500682130
3630639926
3462173972
3381516882
1278264151
3786237947
1523371809
3018587977
703446545
109693549
2213946366
2559090510
4271987356
339898152
3391477433
4158577975
3101438553
678873824
1030235777
4265091739
506927554
816603027
3045608463
4126209781
786898794
3953712580
3727076883
1276328813
1434230008
1555655238
2353564907
601684781
2260769534
2877215668
436335455
2440301027
2153527829
1417568547
3236483529
3933813472
2719142172
3196280494
1101085963
1571088257
3665412293
2623391433
1010283883
1344483251
464210250
1526879692
2518968416
3235315119
173452925
1917111825
3014093247
2575234820
2156799213
2971907861
217993682
3596830092
1360029284
601361441
3483903562
1999036297
2033996550
4114938348
4167874570
1492067537
2328579717
807079018
1991909398
2094612008
3738525350
2086059726
3391088832
2576973164
525156907
1484504496
971061521
3091176874
996477959
601850812
1286613619
1760219194
1407672416
2793370337
3128798681
971046981
2666377794
785895532
2537727192
36675165
3414991533
216984841
798897253
1393557614
3719089258
3042422173
269009705
3804201978
2484570505
345186877
3675546966
287978297
3381861900
4063439749