2975020025
122322375
1183822962
2828663492
48057813
2524529395
1786545466
2572351637
1718816235
1402332449
718994155
578730334
1527381869
4091914248
781338562
3282723824
1907516810
1133923222
3828047602
4076862667
776316295
3100468069
3336422265
2941625893
3942129137
2564300692
3749604101
348257542
3758216965
2251389656
1196801251
1554622309
1715197923
2031785511
765348454
1852354715
684428957
4039357890
937692212
859666026
2175258516
151170287
390110336
108401038
3709055928
396164721
2209937860
1060723904
2122724079
3639408993
430297265
1713939028
1253382412
2088037938
1153545248
3615393524
527266163
3500311046
765903630
1362799994
1627659015
4234655825
1658626645
1874715375
4286132900
2785022116
1112907723
3796707824
2455469323
1997461161
2461388936
1674893881
3691638100
3989157453
4064131212
4050051335
290861758
859641534
2177520156
2914620926
1044302332
2134230798
113028260
1169675749
2709428455
850209130
2600815791
3405103159
608160074
3299326460
1688335414
1932227053
221567244
187581538
405534876
3752986825
3907943102
2020295322
2982372362
3415306276
2231136225
1005983989
476779239
1823439301
