2273391608
913840987
3609632332
733604043
118393355
4287499178
2064505928
2047015930
2924688249
1344328975
2756471920
99254945
3792584477
1035235600
1137985309
2596090785
172416792
2301223115
1025479143
3891549879
1399153486
1756891800
2247403880
2081253596
1868906944
2388756006
668608935
2132474836
1042635710
1568954339
2006225362
116013718
3399954743
1443577841
2641033974
353870855
1169646651
1816569509
1277924552
2716997804
262588565
2603044927
2976008149
2655664966
3008665694
873242505
2055255163
4079777144
4344269
2263910993
3037926377
21462614
2589437393
2447353743
359899972
3085282501
3251575961
3979945327
3229234487
1087178954
3679189230
2808132744
3948662209
190559000
2797157118
2416203569
2828828689
2020687823
