3906681854
2553293994
1358472386
199233836
1719633098
3235911936
2549941390
760751914
2567793959
4090767230
3629930799
3690420928
2997191246
1455928539
41536778
3900908760
1754130771
1504312599
3592306532
2246519104
1976665089
1756388601
1770179337
3720047407
4242494341
3136361924
1325057756
3791715778
1594493672
2192226342
1146094135
4274195569
2221570037
811361361
130734130
2620866443
1883726181
970344950
3270646854
3420177556
3903918974
2289975745
2524165115
3689351827
1808243446
742023473
1046325394
415903338
2669304900
2900981927
810855749
2895834214
1224093909
2182001102
1043408993
1821544147
3832386990
497863991
