1366480898
766404897
2081665156
609778263
1027356843
3703397230
1632840746
3090511926
1868773995
940114697
449763229
2102740091
1027831266
1711071488
1401856609
1256887189
2089564042
3597579006
1686240559
510991719
4054907896
2142882019
4045249232
1610676477
2886930797
2104745863
3502865384
69397852
2790855476
2781518168
1349094116
2972936026
2409893264
1601930168
4193386304
3722819900
4106762368
997518423
2281856176
2435041183
3275124413
3394888260
3272432971
2568669689
615113543
2549663642
1184051115
3601594055
1045650009
2825163701
3173965437
3466728020
2472888806
1588073231
96579634
1564747635
3474312111
3628154679
319943948
1296676114
1882993530
2292036420
3561026733
3693100075
3479910440
1429967963
1947780145
162703548
1665294694
1115548045
3276831253
1773710986
3405417327
2724545445
2302779778
3975642350
670276624
3337656806
3305999215
787139841
1860816808
2676440246
2645899305
4199400126
2978908341
2258721651
443426337
2488834969
3706431741
4146870398
488506210
1935873664
3678717976
3708243359
723121339
2057590698
2038476448
2016540681
3068932215
3044992006
282820845
2358590093
827312658
4146225718
3484533377
710907427
3457314404
190303036
290513428
1196902227
3480636840
2961029038
2428372269
2623207199
1189924759
3819706598
3890691249
2102401158
1706776200
1768376568
2211918810
1187052887
1748444487
1492276178
3249530388
2519460477
