2375560531
3434419006
3458722458
4090882091
2873531155
3348066212
2925586195
2851737191
2405797970
3931428826
3308357826
1976957377
547096480
864483177
3605112791
1648427393
2532803381
2040589706
1865041632
23706751
927412316
1193261970
2317872677
583543128
2523475746
608009282
1691705640
2614930051
3886677825
580904913
3006965152
3085437438
3211748356
3239064156
1076209710
3477626879
1879480913
537303874
1172131480
3347528478
1915010909
3462390428
4267938676
3099232431
2200455530
1161009269
142352803
4228363761
460442761
2019884874
719418855
3433449655
2819160143
3491301372
1869058746
1393728350
2128847288
3087691944
1893952024
2361068620
4132398129
3710320794
2996041688
674688725
2452871502
1378414220
3936710177
3587337836
329189281
348023756
1734323532
3204027741
3146384085
2985732148
44892179
725897819
2236521884
1781378539
3751093335
4202452093
3038006647
2011888215
3391824021
2914051830
1139289779
675749689
2793673456
2332517703
1640327572
2792927824
1935385258
2490765460
310924468
2770819207
3903262490
530599478
2991244445
1120985444
903504484
4206968257
3059047443
2143579638
3945643417
591861344
1682648225
3834822553
2592909810
2801953137
1123211798
1105625868
690474645
3873446091
744905094
2142002107
4240539425
1145993038
1381759640
3113616606
3064110545
598814282
348381245
1895242219
490862576
3959568090
2837690190
1602236381
2710460140
3162196066
317038894
3589331558
4083808170
3040789848
1526756364
2228647869
964657055
1296652961
353472858
1878559361
3981145156
4093679701
3863490783
1356543443
621164471
1336570015
18510779
685909742
564837197
1951788249
1614292636
1908197135
3028955827
520020892
1265125242
1724493489
70207073
2516742275
394280814
2910337247
1081865276
1909520721
2740361102
2913915877
3911346738
653676346
2876708545
3672133842
4268105538
210386191
3897685490
253495353
3405296557
785335174
3265499512
1526765703
1737912683
3287135332
2495702194
2235241198
1753001799
3374254023
1423110028
2181535809
2102606331
2396908347
3008081477
2471129209
2853381017
1053615008
1135452382
1829993739
1445963900
2532413296
1017176295
1785711279
3641697507
341296012
1737762977
1239485087
1825475589
1542271682
2292105080
3835889012
3869179073
2324978001
283430517
2790358422
917220894
3283822762
3142161129
3409766249
2512908088
204332448
381006971
661070474
4079381296
3132075850
856542980
1826587118
3070293978
461055743
2553841934
101168331
1668998307
3451330894
3307899015
1374750194
3035448011
155664868
1438179801
2837363071
1477327586
2084618079
2997411623
1961324733
58587082
3756738495
2987955606
3085403038
387796475
3289934691
1872235892
3181265406
2110424268
1483183922
2478613396
2157190829
2063867795
2051762773
4082253299
1060887107
2104790212
1515531806
3060199877
3139600934
3894686183
430410477
3281281332
2777739314
1133306415
3368115746
2832416715
3599687845
2965656632
3978425103
2309378345
3603904813
387593682
1207910629
3293447331
357072485
2134795420
448473205
2846213385
160478083
3308185073
3170481563
4136483468
2398178439
3902685568
2958079497
3119676398
3981310040
1590037566
2219704748