3516274686
1854822410
3937540524
1162647091
1959835047
1798601034
1426228756
2536046030
1162574692
192496292
1061753791
1623132176
1800703648
1728362012
4104583947
3827537806
658512164
3180522047
3792901407
2169818434
2765207835
1872369932
2665785915
673902483
1346172284
4043713020
1152542946
2352419411
1378857667
3494370062
639190137
923290424
2040214630
2557838161
1815288903
2088711047
1296816857
1289106971
3879464476
3466057873
4015263590
3744937387
2904577891
2678289192
3861862263
605304639
1044797788
1483702466
801862237
2213272289
747106970
1982050965
2631269797
2380888411
3351313193
3711600435
440359129
2521464571
1203901113
2201461290
3630891053
1739998018
3134167687
1991367632
772998971
4197990377
2403152901
2866630466
3076957850
2426043761
510978702
1068546100
1977887101
831633347
1841910188
2974526301
1471342708
2424721407
434771294
2868368312
4012203396
1285366094
3500989815
1158361300
1648217300
2224276837
2966046470
1420607470
543883811
861393770
553504780
3207430747
3267390096
1942400731
904266456
137360695
684086381
2439977880
3750917206
786442016
1416276038
1941392220
4102664142
4266486401
903439974
3591927966
3136716865
2297074438
756374645
1157395322
1555880450
917662737
2788616618
2708404718
1076803591
235408708
1266738239
4059354972
1452460614
1251850791
3314849928
126828591
3943420645
2267072963
2538934593
1013640769
3024609217
4216630491
2958566726
945346331
2938405508
2668230444
2997193287
1534785849
612908358
2333383260
1032142599
1786565882
661488167
184907689
127346821
4126552799
1103068414
1174597046
4287074561
943503138
2156080539
711879879
1613413538
680244172
768318259
2251299284
346540087
103593342
3232857734
1593866801
1999697271
4264259026
3750135634
2608669679
2141402787
3105579195
1685177922
3936338519
3428495267
3779308643
2579664734
3199221769
1031027314
1235048936
1518122284
3765365233
2357344246
2224228868
2307574137
3402327390
4137295253
3174831482
1307782120
1493630566
4282836462
2847546823
3612202811
464137242
26336663
2189630826
1270782346
1752887438
2990667441
1658984777
3554512154
1977638586
474879687
3890674557
3673328377
2777678975
3561837402
907616998
3122293688
3952130830
1031489615
2403844546
4183934131
1438292264
3163347960
4105482320
3331951293
2173929512
2966907095
3748831612
1990084263
4207261587
17856334
4153682409
3877664851
2322671356
1765871941
4183834681
120951178
3918270297
1871147233
3470413816
3318948870
2461313780
59892264
3874050917
913820536
13164688
39118905
1175386127
2382834294
560599315
4241845797
2398569232
433170306
4058349777
3228969035
373507349
1161412858
2349138726
269331683
628274706
898378201
1509041427
3622862684
2091610075
2379523433
2139800226
1318962428
119780090
1839758449
3771854819
2769136878
3687404954
2290304541
2713367993
2662253256
3749811584
6579661
1871710266
4260625597
832541523
335086215
2976157200
126054940
3885853935
954897583
2887166508
3239609575
4154716875
431799960
3728522886
3286881950
4037952703
548777262
2515696861
293566793
2601388333
1684880115
420763053
1846045022
3130582776
3715069492
2904302936
1433884263
2829513278
2383591118
3828444887
3733023184
1971432017
1172488081
805289488
684502630
1797874729
293391141
1505356439
1238746603
2622589693
2806794554
1745323805
3740902662
227547749
4013528477
3854741909
555046294
2032196958
100457677
233460786
736942339
4024538159
2901772048
2797553293
1909903998
2607810446
3665957616
615979106
1557981258
1287412392
457205533
3407608556
996582721
1349108143
205720728
499811873
1388270885
2651635327
1870537209
3718302290
1202612697
3871658037
3754212378
756972380
4258524742
1097971251
1404513749
3648126723
3195073077
3500566898
4155654197
3224279952
2826039526
1804142203
1318872527
2470242494
3412222879
802641726
4111626412
3126408981
218050242
846335755
976436335
4138762193
4212627632
1881523442
578265698
661844295
988641257
3429571013
1788626873
3597367383
2543732861
82448790
3971244706
4289101218
880563936
3445551463
3670486970
3710351358
2240859281
1269324754
1694281664
1523834690
1590979351
1596930046
1404581983
745717551
317395002
3259771796
753016519
3510414227
2550537598
2953822322
3633626909
2660916714
2630430
2541787356
4158745059
1571243841
4178850018
2513476891
881804203
854995829
2725489308
469020806
4265205571
4204837284
1982184017
3870369866
3086129577
3383039071
3455009980
1530127366
3810580265
2389777934
755302857
3641975283
3526033360
788486145
4088495854
2632366809
4084825702
1741270277
1925392000
3256323614
3363307445
2997215038
144952921
4096993972
4219859642
1073672070
2346871638
1916303606
2480265486
3350412499
2085466443
2472076683
1871725797
3568127279
3431550144
2673663566
2797148321
3606054882
1999124129
220781144
837031648
1175835696
2233456549
102863400
299755449
1849115884
2932220502
541665540
1104217841
3345429264
2704607464
1489071745
2490824446
3628089570
1279686100
2355831185
2957379246
2934488203
2222824832
3887676862
3165911109
1791754995
1319955544
1952519171
1056957682
2136762908
1490165093
4192767212
3685532169
1301498840
1638584396
483032570
3728489738
2101328068
2318048149
2693719726
2700105336
2008390875
3331056496
4019004319
2039299059
4284233360
1292440352
1280269698
2211590189
2056611051
2176143760
3537545757
26298687
3481467244
4144056349
241564296
1735154807
946416847
365145376
28355379
3169542577
167785030
691840180
3990169986
3184915141
513734285
3074983835
3997362771
3524737132
3483308067
2025997877
1457358947
2837197116
3073769227
1390776543
2387119808
3349919414
945318189
2433491612
3397909665
2040318254
4037213308
2214707769
3562329914
3860136058
2462159544
1071810039
3972486192
3880417212
2550461244
4236653984
2514427045
1468554056
2962893191
3921492384
841927605
4186568295
3038683953
4189819838
1208720224
4172509114
1459949127
1331532475
517065508
3647613934
2696720471
1598892775
2936734851
1391876323
1901329356
3574976040
4250921997
1950087225
3405443023
818193651
4292661287
2019044541
3848022985
2630266065
991406144
2054419774
4095005448
4042320547
364895754
2763819686
1782761435
455247486
1248578758
3717959227
3676268776
3338310791
674881864
386401433
1470149205
155531732
1035056996
3631769700
2165889757
448897100
934816495
1319065176
1908041772
4122784451
876100373
2657181170
1515229857
4004483587
1111256399
299559621
1108590790
3372888348
628822942
4072687681
1938121034
4224358687
1770917413
1610350047
1701386674
2176613039
3639408003
2705256836
1880520390
2633636164
230753720
742468127
2500860134
2254444358
1412312422
694061731
3362744274
701094546
3664002943
3520369501
1373875704
4192738673
2879961609
2061863887
4140586314
2727308680
2810424215
527842272
4274477518
2624000431
3061690204
2308744964
1316273570
985881957
1664157507
3960658000
3574617187
2984380633
1171356394
2810035156
1549612478
3031957882
2855485435
586680347
535356371
3758973023
4236050585
3917201856
3457360378
1814923629
3371197782
3705087368
3102844214
3845950699
990960821
723676187
3654359567
1505377945
1920928813
3175983869
3774618283
2189830723
3040883516
3149056217
2918820823
3363941791
3567196958
2544535010
2343497719
2258054431
4227235660
4263529979
3768775099
2654276127
1584073776
2108260522
3964212521
2812938075
2115780375
3829034837
4199985189
2189689895
1046261665
810341975
779603658
1725775200
534704305
4073371894
943499133
3961093209
1347192193
1212019988
1793309055
2624838485
4000766220
27225243
858653482
2488766661
843360842
2221983057
1573712757
863944438
2067041881
2482356910
638546121
1018815891
3701617114
4224089040
1788541150
3930583478
3568940352
237069936
433438497
695873636
2386022168
1593595871
2884035855
810410942
3530592441
3863927202
2679835776
1543553564
1811705685
1942689192
1597186071
3072979263
1592248324
1427086535
2079503197
3345324228
1824650559
3038820032