2628994818
3906167346
2185152936
4031077649
2336820353
4130468186
1003748129
4192633910
298234504
1020790930
73687946
189572367
2548365255
418499261
683654128
524157007
2128700127
2487807492
439567781
2279707946
1485297686
4142640893
2783743462
2393453790
3471651753
2623061144
2144998572
332460899
1672355073
1887623933
1285345800
3669695260
1300416825
1377714533
1937755307
1618210794
178073921
3065111826
1123708560
591608971
2741804121
3669613188
3390097406
2425496415
3075925693
2583179046
3477336147
3046901281
1460313888
3030233445
3517421851
1239168688
1894399726
1338657082
2598816557
3068577732
396456269
715414932
3067732639
824359539
3562174591
204135316
628375752
3367246771
1945929246
1005095332
3658230048
2272682489
2684708833
1347003856
2293744091
1403995732
935863305
2939565157
2690033360
1706279976
1977156906
1664878929
3938621611
4134400645
2570336139
3921055788
622249983
3211018421
1604004914
282572052
663324448
3194747962
2347128915
3278797219
66012182
4176074662
3641772151
1012689189
1117808444
1507225018
2349879422
3832114033
2549719534
273256645
3956129534
2825165190
4288468192
4265255913
2707530548
4143998866
1052028220
4128541352
4000926100
2699530676
286362403
20511341
2787891225
4094852735
587820633
838776585
526694365
2790680790
759921491
2053171995
2126313072
1103949352
1086606219
653148605
1654459671
3713827198
745504602
244929741
2608016821
2329719001
544728771
759211025
3310499422
436092782
2541310332
3097754384
3254706303
3148162452
2890720251
1349999834
4033471263
629669649
865194398
4103271916
3285204693
407137715
865955599
2903557906
3697135060
320747149
656606044
2230922896
2853813986
3136410808
3856503822
2735564769
3312128044
1434730674
2206004349
163563798
193347577
2036723013
1628322824
2442954287
2880173860
2371211348
3009382445
421036141
1407482667
501793581
2635880152
4176311572
593228035
3781762639
1124686052
3355503454
3202702079
2792536942
2554614612
719171892
337669720
3695112881
672752847
4086503102
53638033
357943199
3030138178
765938984
1017320584
3666421087
2022322508
2840637416
3232441874
3062192692
3883869598
3900882411
3119738905
975449335
2865285158
3605716928
970303096
1610437130
484303874
2359478382
402916063
2510562912
348489830
1988465992
2364642448
3349700422
1158472963
3915097610
364889793
1941512869
4212126723
3321827460
2164634257
3446664571
77854007
3448749931
3878033967
2862242067
908585213
2919326829
3824851873
2997665837
676520778
3740292938
252313100
3774436907
2637965273
1777231232
3610552123
2080226926
3047707897
1200475018
3571122950
71488542
1279483096
2555770537
2788397293
1359669481
607635638
586927653
1552280531
2734113914
4135492672
75720612
1314190545
2004613266
4184967106
3791465633
2535736183
2152790331
3413223801
2053413176
4284832787
3467248970
2489721814
112747099
2310467664
228719065
3338816675
2647492617
3842205758
3436754981
3661874088
3146061872
3994966236
2939800612
1412681433
2298973765
2192461053
3102425241
3740087302
36648740
3515386935
2225353273
1918238613
3503537592
3429200528
1185450510
3965584108
2522325394
3730512316
134276231
671395199
417239866
51081425
1513830869
2436977172
1162124827
3840938260
3308231436
1412011632
3996427099
2418963431
2465358590
3983971554
2653423315
999576202
215210746
2669828822
3694573056
904835924
363114570
2622304702
2406970142
1112031330
287169788
4106975390
2165660288
3573710046
3951093453
657948580
1734562203
2091487141
4131508162
643065250
1733939900
1792921975
3933136637
459570071
864428665
3126458388
2721981237
1686974057
3301499160
2109308733
2133570901
2161514635
1154901834
2024105901
2848798289
2939481578
1786185115
2916993052
385458162
898281328
558929081
1086041336
2407982232
1018366678
2124746868
3675932877
559825111
986603135
4156732637
3083666064
2573486441
2095312597
586810328
2305722288
194236884
2643074146
3472214729
2396633146
2843586483
2753019837
3110695163
549748866
3983779927
556556252
1571566173
1902515063
2904259561
3799894889
2906524034
1223795515
2217119467
458183243
1785472965
69363890
2427865800
572074013
709777827
954587137
3563144513
798003836
3580532468
1246416903
776679705
3136347524
4149295895
2852208745
3748772278
2242569672
653722481
2535759690
3913137303
3946883500
3862022830