2974043666
3085116527
1086050695
1915023123
2333102669
2428071820
2308328727
2459084610
2503211914
1388686675
1967792539
709118127
3058440341
3420753282
1511256390
1958261060
2352525274
1641440316
3878058882
4044690761
3335782545
4101478625
2332251689
760685059
3583800122
1069008877
2921140902
42750379
2090709817
1384979015
1750696701
3953551518
57664398
3966538902
1980963010
1546590541
4213896302
101999407
3802956710
1610123652
959914845
4271185090
1459788339
213026597
3293286236
20491258
684800260
3579090104
1950530707
2714715231
3563579914
3557997028
1165337632
1843036878
1061133459
440518242
2255776679
960350515
3340639830
3716313321
4248962070
96472159
