2222808688
3411368038
2835798672
4258819216
2614562446
939708769
3901507717
3278757586
3421466961
420501006
515233172
1563383408
1877192499
3608008189
3074531596
3924975209
918222389
1950952028
2302379079
2464860326
712450656
1353400923
868301104
3888741054
1102391113
4093862233
3569274072
638396920
1442755277
2250456967
1281548441
3318627166
4242260250
3708749392
3109561042
2355137700
4176392462
2880976034
543642439
2226046590
1898292504
2256446510
3434488683
2411781379
1539430054
1252224966
996676134
71824800
3894998390
2123679619
2955643651
3572796811
1260185944
2403688004
2782946758
4013572779
1475158481
1719124108
2876494675
1478149831
2240274548
3086879601
2379896161
2682377961
45798149
763052696
114705873
3404393223
2716081498
1529035239
809478085
86119111
449432890
1352207080
3641075326
2229203545
1847604938
2694378660
3611620364
1265315451
936837079
2065913140
551457504
1366229141
4033834384
3410765376
1427004976
905945272
3920595335
2115196893
3909392343
4143120694
2129876137
1391195970
1424385827
83594963
2963157116
2764614264
1845893283
251278912
3684836988
1948156637
3532478163
3314876935
131213813
3821388678
1576926783
128713906
2615531082
4145712658
