2670373086
2458615025
2485442630
3043500180
3462854945
2757615054
1649998038
4154086513
29367370
1181417627
431468759
2312136771
621772381
2562723367
2863047381
699047399
1037065369
391929139
657946568
4049955451
71339121
1348763961
1298602963
2968082287
1542923215
966508120
4216143399
2373571112
1374261758
12926715
4066220552
303691187
1792199712
170650714
2698684182
115043638
2035693504
1226710200
3292073390
1890670205
1769413829
2199215803
3874542133
3539224866
1032995751
3075931680
1073057512
1593522171
161585544
1728207392
17029408
756380397
3908056672
2733858945
527079032
1038132040
4138005757
2122242878
1068575355
3131172122
1362663459
3436886428
4240665496
1786664211
788122790
1735680542
3839885357
3792710709
2610292654
1479726036
1421961001
1741026426
2531470983
2177242009
4244502714
2153605081
1688020421
2680125847
4107167914
3411383319
2981289539
2165216062
1849395579
2555013747
1698629772
1680914970
542412913
2835003094
1489984108
360928713
2730203832
204360477
1209549801
1083217787
1180254129
456289885
2002962177
2279555957
643624059
3887680911
1448574264
1375893161
1992081984
3841118980
527269978
1625397708
3360060755
2762949474
2303077215
2303115323
2713080062
2692486222
2237011614
3574604918
2620023238
1779964766
4283611510
1147204366
967755543
2679966253
1637149133
2616830910
555363528