2260152924
207256068
4153855373
2481665931
2246914327
1393772666
2570500513
1207202340
1618967288
1285575752
2398570795
1956441132
2139297682
2492336040
1732866192
959609693
3863704779
1320558044
3221758487
3501591699
3274285951
4104166906
3416712520
1443044473
518943608
544506515
289828121
779087064
576606078
4104499941
182976317
4064286763
1840252441
3452312503
1829565876
2160523491
3278815542
263508206
177538773
1129462259
1127531461
1775987985
950413930
4174963512
3890381389
4136331224
779709306
1586110113
3087933546
4140807569
2327990030
3693477262
403000684
392695823
97271316
2918550336
4187787683
2282806221
1471642555
2863819438
146781654
277617464
601480411
439023821
1430099048
3942858159
1291209373
127535356
1155100355
3210853873
67073932
992450612
965905891
2062666405
1438884270
536470551
3742710450
2755887244
3609694116
3174327825
700810506
3855408694
246956026
607514681
4017026042
1423943645
772752513
3447424710
4224802169
764493593
754249104
3346527556
3865932531
1964574675
3486102198
3954122944
3890933159
3650572772
872195030
125773310
1426347056
2841549705
3187655332
381794659
3177572197
1768986603
973357236
1250642678
1680015520
123443463
2531165278
1182740255
3194189822
345208460
3750844511
2294617495
4048592292
575139374
2693021995
806713066
3729011582
1072532381
142406918
1571428071
4069084543
2587892613
1751639257
567265361
3668715353
2667204735
35737407
2087326835
3256459904
3513057050
2574621522
279119500
1384279882
1760193985
604842077
844236474
2634119301
1167997046
3620895819
3966699243
3985982047
452864167
4033901916
618466482
3602631001
1786644401
2254014550
2665711518
317632893
2386808041
3820222113
1382370970
3848817069
1436259588
2639718232
2321251873
823874619
2973300185
2525966857
413989518
1897519562
4169162584
2939906592
2843724373
968896967
1558204749
3580761277