3815576443
2865269454
380897640
716111906
4097674343
1176727354
2414464989
2995017189
3915651926
1208631779
32270983
425189628
2577162961
167021245
3185883987
1833594872
4025973785
959475348
2290997856
2688510199
3534116237
3546483796
119911335
2542496080
3032604677
2137111979
3039662252
4203411581
75497697
3486731872
3676649622
3399828678
1830184925
4236694845
3971291379
2792581019
1561750007
3181280123
3208190493
2842004561
796407904
3012167570
2634485240
1611010021
2215048871
29987877
654925840
818349993
1949345527
2990255510
1815482604
1195134486
4265291344
1778789786
3045280124
4025445624
2185289572
1859555593
3830720280
1082285905
1568926948
3999879682
4146992259
3580673426
3929433821
861356896
1715022957
2125282954
3258074680
1490648632
2741047323
2675648298
2001056540
554758695
693760820
3215463302
142572837
347261199
3634584965
1808164195
4115041901
2714969697
2598351937
629454377
3844050948
2352227409
3874208112
2759612207
1061383922
1118417630
2791315867
2194322366
2389655799
