1726758032
2905109496
4280535291
31942766
975757791
525257664
1718372046
1594233246
1872960864
3478277861
525451467
3380456894
3038253693
1563647545
1669959444
2169428698
3388553213
519092668
1723512034
3617922054
1461346799
1008285109
607852028
1710513846
2461871116
3745735832
2356951449
450396355
1683469264
1806243888
2373703879
1551964913
1064800353
1963604102
2849105008
940819800
507377339
2830421338
2303724266
3192078006
1596949030
40319072
1561152919
1879576656
1108255957
4136278846
2778301911
3810031893
2357249137
3221893296
3937788212
1725700619
2408234432
256080394
1893223230
3440763834
2953663515
2135663313
148622703
717198474
1067315337
1888548994
3667310918
603285075
1099924877
1443925101
689932672
739614421
3153664908
1231503291
3978859616
2376234033
3674381959
3320665190
2161005319
573113942
3624091619
3021900991
1149567569
1735067668
3751578823
50484700
2822455208
2518052578
3437568027
3904081766
703728464
2771878345
2465765147
1665249558
1601774059
200878950
4151191870
2964645480
1667238224
1849443076
398543001
2252816441
