1564542495
185589658
785386798
2454469390
2706489628
2360300266
1254773287
2188773586
1388666962
3241286214
3960196171
3136579637
1007911784
4233021333
1624746780
1131213762
2524533705
782900088
3221538101
3882124606
2007938473
780156818
1705972250
1780360989
553191350
17605175
578650822
2738735217
1108728660
1481312038
3302661562
2662121796
3211411373
665901824
1469614413
295363793
2135697282
4068299971
916072213
4040929718
3686235219
4072846458
1489023059
3742323260
797547595
936266232
2427263749
332069017
1545521789
3049546460
3009743324
4027099299
2521975862
259189073
2153357166
2808004577
1370110114
3085388194
3552727738
4190370099
690411283
64372013
2645966815
1458712904
2388359171
2437740265
1102965151
1541571504
3674149041
645669138
1692410305
3198045858
693856976
2762931614
266914498
101590301
1670525618
3511873536
3722208689
2498962472
2695116953
2693788489
3080946445
1924093880
3962073709
2064521860
1086607449
1303867359
246566796
1577460809
447838579
3215037111
3979237654
3071727802
1309772377
3832930544
1372456209
2468349034
2898422577
2084680476
4198766090
2911938644
3929924307
523262637
2302634338
1022108090
718847054
861689942
3354350362
3545470832
714533545
2914891291
2051118550
2006802268
2198010545
1316054727
3531906774
1044142440
1136207352
1672260121
1694388602
408789318
2045448175
2831713077
1303184139
1809641632
1527471761
36336314
2367138341
2230675357
3139680607
1403485954
1813091290
4085456900
3406182464
424103690
3868076690
1025871807
3937412790
4209497535
3317718047
4220620045
542850150
688450511
2098328427
239843979
2099836743
589026035
2009996781
3834322677
3976512117
2766665518
827439349
80298599
3224876524
577156440
3013643239
1488733713
687194375
4400446
37429991
677926528
519003419
767874714
2239391810
4169493758
175553192
2394730049
2246074212
1836283057
2742836844
2091186088
400905900
3907221561
4043361810
3070310770
4032235674
3764373688
337421243
1133565711
44234052
912604705
1927486711
3114648511
2511477092
2785726394
1382888964
2416535138
3095070253
1705045441
3410868133
4027796054
634415509
706048878
4265986265
702376011
883833278
2073638720
475618816
3503574391
3164586605
2505274685
225562939
586399155
377147222
1723167479
3416681825
1461517988
582201327
3405764544
787640497
142207994
1641284875
4195595157
336466212
2109527260
2019537632
3173190783
2288747949
1876366364
2825811077
2096976922
3383518155
3360451098
334863924
1510210525
2974785909
2977365880
2444346618
1483075821
327012211
896808077
907867936
1689664002
1303358288
63076911
3116908412
2781143053
3790653356
4167264466
3502184067
3275701272
2587593712
3861477577
1256076418
943509968
3082003432
1880150768
3143298789
2976121588
2876403065
2571398356
789902507
2298734224
2444567513
1046802471
2979695506
1317769795
3828348330
1076041159
1930977969
1698892316
3605641356
872340390
3675192113
240172381
1639586808
514294276
791865445
1481251179
882252248
3837789490
1637715006
353056927