3256837306
2337037029
3371578617
2647676585
395726962
3788318839
99393514
3462760616
2420432181
314304440
1881851209
2374282199
4227014206
534452664
718441184
1473107985
1463036474
2304052568
1125357614
1118464384
2862869567
212744088
1506267743
866739992
839238790
797608952
3121372308
3108215864
4014743902
1010043785
1759071169
909737421
3482280808
970807000
1191302132
3722512399
3202939644
3515099731
1822066283
1756968792
3620176687
4013279387
2602227532
3331604215
443409433
1297435602
1016657031
2757826101
3996963906
37844063
2134084134
256334590
300083973
21601475
4086484606
3487493539
4074448453
3892596313
2219631708
814003270
3823376313
904410672
1777236624
1083245341
2524207026
3056944802
4240084562
2202585202
4019714270
1782462251
3871191809
2185616326
2518343386
2553062600
3795782873
3433514005
262107059
35073240
4100279069
2750414810
3123125725
1853064493
3591930803
3534321406
1472973774
4067693295
2772877823
1941604330
924405170
3058780599
3801161847
2797729995
1453482068
4181896091
3977521760
3624963485
2415848031
1951342143
1089784956
1271344252
1078456151
3504268111
290027589
