2895861851
1220932143
1525279582
4250773939
2860236853
1080600856
2414722044
2596182783
3439633542
3643384552
929798431
2462084526
1927773774
250690326
699952960
1941121964
3182217364
948110982
2859890031
755619208
3186467301
2823837945
1338021212
3458583581
1340603256
2154407400
2782491221
3578356092
378692991
3812711108
2707955275
2630441562
590721476
395089493
486196609
911388629
3963799987
3397870776
710695733
398850129
3238535496
3467817331
852629219
3679932481
135458375
3234272798
2560064812
2657899530
3833173285
4017753210
4015792692
599412597
3369014315
3303011841
2496146974
1312962097
886959383
3921797218
2915411564
2610697927
3218594886
815600562
2479459589
3495185518
380978756
3414513099
4086139415
1087279801
3135004754
1038797305
1586582094
1775623078
1521107626
2592055911
3200281526
1125624347
3016520486
4062847694
3521055830
3414839589
4092782557
404370989
3133806015
2655191308
695510516
4020642032
563708529
227138818
3735602427
1478714913
2301879728
2417279433
4112079272
835203007
1633985176
3295931409
2907089813
3030628319
1953987511
2180249348
3564358124
3692607777
1671063343
373241321
4090319437
693565029
2418899787
452391065
232542015
917848493
2213100456
4196119040
3381491013
91590254
3733756403
1315694105
2292086770
2669366107
1850383749
3517321382
1499801505
1572379174
3288237277
250720503
3585863691
4111194705
1573319797
4290481435
4152617858
3194891071
2793644700
3666841142
3027977869
889339199
2580334517
3209316788
2315470853