90081339
3451873094
883648497
669558907
132884482
2693396968
3938612555
1577297309
3480357600
556050127
238924994
662127896
3926781510
1727390399
1876322790
1723951984
1183883821
1508592213
3692845162
2208890116
3285777722
2378355342
1189046511
2751167005
4036213263
2768342772
524466303
763297514
1698490733
2055081811
406630723
2787339599
576141280
2767187463
119011185
4073776261
509746767
386027415
326227170
3468064488
263170912
337937317
3824722701
4020490245
4099936624
3521625194
1074513335
1574470140
2888345004
4212117872
3505095797
271845347
1561977861
3156375395
3235503224
2957692828
1651450103
3124891204
4238423872
927200264
3313791290
3695077950
2975343918
652051919
2076711923
2683492718
16145862
2816716863
2266049472
3428801194
2756652766
1555699753
2745628997
552263995
1344193933
1831557780
1010190722
1627039132
3182955748
2316096331
3215305080
1339606964
3803971838
1919602022
605315710
3161531582
1137962416
1986316472
3005748018
3163405103
2356952594
394615147
150004877
911959508
1146303422
907839756
1454744658
379654159
1419872521
3756163439
1594430251
4050276894
558713910
2830584274
2118733459
888782078
1054596042
2474553752
3895216877
1905385166
3268126300
1657456930
3052681146
362519084
1950524825
712712951
89953627
2134243361
1875723451
114171644
3882655348
