4033901484
1011098130
3308893028
1687058951
3753898296
92319653
4006150906
3351785044
48936180
4081340250
786675668
2458989348
434356085
2224657158
572284073
4178193903
3492801994
49346013
3805864103
975583452
1318084303
524438668
26661608
1710902119
1056197274
481678920
3205524216
3016357197
1289173471
4237440353
2956370598
3492165449
3986812315
2050200784
1793403959
143080483
3220770820
813241828
1834282849
2751512205
3239260363
2920402232
1784218329
210791077
95552371
4019524894
3799888515
2651388440
1028640929
3895087383
3637444643
441337801
1474607848
4097986647
3505126679
3414939314
1111018399
1879688067
2072273306
2633476837
2316877555
3286391764
80133145
2441700282
3529823660
1497922581
3565731148
1917543500
1903165739
747918478
1216950265
2804320183
3637544138
187974730
1469012608
3826953555
884215371
1020091733
1157497426
4218832720
2097456428
2267060658
512742605
1390133035
2304815507
2002942229
3883364865
152538785
1307383050
2813441490
2092138221
4252379108
137249512
4138850349
1434726593
74601372
435242391
554088141
127611971
251439471
1554216677
3259075989
1349456809
4240142006
1100229937
2442715226
1943040150
3136795164
3696154034
286527657
628419542
2962579525
381163231
4197601169
418714690
2975580307
1635098699
917676461
3394866657
4283287187
2633058779
452224664
3389086219
1046613718
3215230942
3902198518
2345574168
2156868379
2180056724
254219097
796264133
3909138407
1750431691
3386148386
4166500349
14216744
570812463
3597814732
710994401
2746405547
2679326825
2909113474
2143164687
3937809977
1238825030
1867896710
1566223149
2180065877
1882468638
1614147326
175180329
1837869437
1653142817
541363965
2870296071
850648924
3911622423
4171303293
2581397058
1880935670
1528804196
1854879148
2209093054
2219350453
1938153475
747721924
2651895310
1046895934
1192860999
3134780179
1448719091
1622899150
1007793155
4114500292
2103946679
2950313046
340973820
867318446
2643399492
2875550351
1869505715
3785748712
826613953
2835245268