2437073240
3303729220
2454200856
555921483
2803535726
864726242
137297087
202176594
804862369
3270880230
2487624176
1220929725
4161633887
593005824
3226200298
3460380918
527503178
2505236428
2938343101
4006254556
3129576462
937143283
1222901766
1825459243
745003745
2087894528
721682189
4183684230
961728032
1849156550
259292129
1449777141
4113604799
3330624416
819014585
4024907535
26018424
2975948648
4037150907
2779819027
2224903256
502205491
4097969196
1839228842
411883716
2662775073
729320334
837125176
3925469224
2935084468
2245302102
235139856
467722132
1340837425
3685118256
3234175816
1866833213
4167072323
949650838
3311675642
1723802286
3074933681
3984775125
1448008062
369998349
2836669187
3470341673
312358817
2430539554
3406538471
3473950687
3017614197
1649537284
2613010886
2026772842
2901770724
3526383660
2385555560
3226285168
1480563028
3151786721
2632864833
1858945046
3837777602
855370601
1812309058
2539196901
4199594754
1808575353
2674368981
634428957
3887238160
3211226814
158236964
1036147038
1703431109
3111223254
4194615383
1981046441
741892361
3622122322
3792597003
2279276224
2450100255
2936232755
2524446743
4011615158
3291937437
30604029
4062826186
4253646828
2922063553
2409808324
1845975660
634104417
983416096
2083988217
3674472629
1291204958
1155962224
621532179
365179092
2612149139
1265210141
3003734090
3601615264
2290192454
