4272544475
3712962594
3881850415
8519067
3534779496
990522002
2107705431
857564849
1260815733
3553097133
3646662639
2000928242
1460148801
1530961013
674595749
2345881009
2381018297
2387110827
164307462
2283979723
2334185098
3055631064
2018481876
3032256983
1766602135
3390882607
811227539
2065412510
120989371
3142444827
4277298578
3461475274
3559831701
2888002450
3417104063
2121831583
3111429041
1502411239
1162492230
1629607863
646257321
3938736127
2237760863
2700921504
3399326581
2864524547
4226725863
237803824
3786878105
2971581994
700781251
3516441191
2568232652
4043031543
483906409
61532837
635796108
488478441
1572247602
1346684991
3294448068
2087490529
1603963553
3842595026
970891933
2609498569
4096287905
1320695403
4119817747
89939807
2087214715
637946117
152087419
3000407171
1288560020
3122365851
3893972440
2823541806
341758332
518861829
56213444
1812218584
539633506
1943360334
1183300096
4250107477
2153904346
1754093281
3229602067
160328049
1336111553
