77132548
4043460406
2972534132
3608819895
3092722720
557155742
4290588722
2495473120
1931730048
504922921
3461037468
3030351893
1568084803
1232206420
2957676716
4152882127
3644498745
853405751
1153511132
4043918262
3747597645
2481549953
4289891089
940947591
1877271029
3513740533
900682649
544123334
3909279592
2286793056
3242248467
804573832
4256003687
3760382796
424475100
3988182108
4190460716
3285516764
2446091139
3831248049
1585816320
1494016319
1519969212
3067753662
3061134631
1926469112
1463360131
214207540
2086635057
47635848
1994400113
3557208730
1883698792
3920962924
2506856187
1209944983
58953620
949733070
4066039419
1915493566
3427906182
3603001522
2427187333
971899835
754352152
2240693547
863302607
995654127
267849148
616612890
1888351006
4209654544
3322837960
1540244310
1604901253
1319131670
1157458772
3766223074
222695133
3122209829
1291676591
680929541
1000338197
1458952545
3578775905
3728062388
3348088381
3245763402
3956483958
2818254972
2498426703
2246619770
201001588
2508346899
1499093614
239543393
59185622
1844103545
3234165796
3896520622
3300364158
4063643767
3829788650
945136504
2157151554
3062643388
1361202399
3249638871
509716669
1210911523
2576261002
490694737
1323512043
3015594737
1223311364
1081422004
983425732
1854024870
2298891551
