436429745
1363849103
2147336598
781612621
3792843665
1423441514
1814073871
1595141188
2936978486
3087030779
814235920
1963520370
2484216221
2370687579
3246795631
1450078808
1016388156
149066903
1089036550
1932031195
3648898926
2332020922
4102515826
3252693466
3375419089
1412781167
1823784799
1200669083
3385937173
250757134
4233929989
1700749206
497600026
675994769
4023363047
1907280706
658402195
2600072039
2748715985
2612145431
4262981548
469239710
1071810147
2881742337
1489767809
3703373429
3931606943
215701905
1011279329
3966589912
2918987605
1358524420
4125092811
696096110
66377584
3239686366
2782135707
199363789
2202976173
947036433
3481223987
130765336
624091411
2454013976
1815515694
2792505631
3090879108
2702640704
2588452748
2853947540
1593564795
