1227864181
1028639714
1787017486
4157113249
538249745
454096660
2122827863
242950692
4263071085
1890997450
3281423756
1760072598
914791325
1625800484
2328563067
3545758243
60018042
2734672257
4048629898
2749655482
1220038301
4162606441
80775694
431835211
4239276858
630872776
1456140943
1132880071
3079068750
662056002
2089440968
2426787989
1857745168
2148023491
1339836137
4258921402
1199777794
2782439012
687785568
239808562
1025087531
4209471559
2579003658
1955897204
34361022
655454143
3797835772
2933209239
2836562718
700696905
885439021
1513919304
3648718139
818555793
1263558908
1554318242
734467336
2703244453
204770272
893365816
533727132
2147870060
1487949455
3701420709
184727612
2586997607
1197787640
3038800408
1628342130
2461366578
1409208940
2435378144
1667422890
2573422387
1220225258
306642408
343534407
2606880240
2960035977
2671197384
