911099822
36014074
4280658920
2622769832
620836485
2379444524
3087926816
4021585994
1217791558
921929072
1805634293
3398128960
1718247780
2423060608
62574092
3293287496
3657728146
3250611828
457674305
2581840960
3191712521
1444664758
650076191
508137823
680012805
2747897810
4118177184
929654976
3070370951
1222732920
2992526064
4011901637
4221036209
350725129
4033236787
2976990094
3808442062
3051566586
1598066363
2834795479
2620528475
3890571619
2891899722
3456897622
2541857004
2559610719
174708495
503133914
2173451483
367149089
2342775523
2552769073
1479941652
2878327253
3484828081
3418664118
3000111954
1837353694
160273003
3395896113
1110155291
1194641672
1786023796
2228475404
2741480052
1480761164
1735696560
76245268
379348863
2624415647
559793769
2859315841
945880206
960152063
3861323161
3938541448
1784893082
2274078043
2195225683
960259484
715777809
2803836349
2642281772
912379817
4004495775
1497155869
2886470606
3766372925
1977368486
3861331061
2491491864
2906083811
4242891467
826727601
3470153975
2519019602
3505162453
4173521043
791083383
3479563489
2777087842
3342327184
595126807
3542926185
801897257
460286153
2973026350
4130072357
3080495737
2183439261
2392794087
2600376332
2280543880
2372514664
1433279766
138424662
1001874922
1716505375
2292532895
2599602817
2171570835
4128713205
2430947696
915097173
1220344862
3895040787
1013372159
2978689573
1861532484
2567863851
2573298659
3214300687
4040213004
1821142056
1485239154
1674511010
3280249935
3745058431
1406010977
4228533293
180989801
1258760645
1713410897
846931467
3437384483
2971598566
136314110
1779933289
3330885620
1733753126
4252583543
2207975090
3543588210
3659879947
2033899006
1769368481
3386862542
2371347394
2333309174
2703959436
3747801844
4054943557
1626423689
2213101376
2368812077
1891596467
3478638628
532325334
3967414169
1833816442
1786779904
2084885315
1411077341
1993324077
2345441465
2306362471
1176742988
3507677493
2775320748
2034681573
3476951874
603113370
2133367064
3600959748
857097733
557313472
4061288906
3548830203
390104973
3103650926
2635508802
4081788079
4165003823
2466242466
1400500960
1497459448
653037264
2328294759
2053581828
3624004009
2637745498
3190596
1897571522
1289534763
2070315654
4133940993
2874543466
1852024869
1297614608
2334360868
707782694
725487287
3829876882
2690768779
3108195559
1879439811
3519216105
2534675286
3422185704
2092608246
1648006694
135315777
3856795005
1167891832
3349407051
2626174409
460823901
4284774256
3563474569
3773072511
3910679715
2744504049
1643203714
420720930