729637391
3280226104
553800221
852765868
1340412683
3250245281
691125668
430010441
4088978318
3522328077
1466658706
2397518594
1396384666
3598381275
1212418208
1632199284
1685476661
1041369882
273087371
2396544857
3772190174
4056323259
3822868001
1178561355
3257889219
1931983174
1582690531
1287225483
2861135341
1309496789
18284166
561356455
3399404063
3827706975
132920041
188872080
1999180171
2916651791
3288228565
2608660947
738996342
2022971059
2592860340
148099164
1683522817
1130006493
2448350613
8166881
215091457
1737294454
2715086867
2371457186
4197494592
3304384080
162454406
3391893363
176906016
627802948
1184474722
547933930
27426824
1573763955
858828588
1156696196
1415786067
3087154224
2374811412
923111537
1045609282
2384040766
3572243857
1481207478
1160214423
3472387011
2382206119
1322757619
2015477891
4105152587
3944731996
3240728371
3026415438
729300021
939026857
76743424
4242351395
2737522951
2406282011
3690911124
1336307481
3717124232
86999601
2190698064
556135970
446160138
809821993
3996257538
2624927534
2007001149
3396040378
2338952575
3287263877
3993201528
1561953245
644435915
3913289588
3354160038
2073679330
2733720799
3752823315
784664548
3135953576
4123923856
2620652018
1195075233
2660937439
1141087066
765809026
