794407902
2783009342
1482045621
2444639035
2602697219
1761171273
1622567031
1507170127
2956034592
429638010
3777209154
2594686933
868398839
3006531452
1484612931
4203765666
570776447
3306087548
2351897688
2673431752
2844851807
1789569854
1837509228
2893105670
3585718382
329726285
172104896
2752609377
1436764313
2765582531
827082942
305819081
2273849305
3801294275
1493243872
3702096294
3560482976
2092540592
3169392855
1962500743
1396172559
1887986492
1537207811
2557676789
3500463917
2787627098
1146860386
2798621219
2396278168
