262592056
2684770402
3482955797
3544860032
871877705
3258209361
3677008803
175234295
725853604
3492368283
217654213
2516780199
1112981344
1321871766
1225836372
680599265
3285389417
231831502
2144773790
1819699756
2318478654
206624260
1063233572
3867336553
497164110
277983581
180114085
663742400
3729895711
768338917
3387865060
53170585
2392637116
4149320876
2119580465
246013043
2439330895
4060332003
4267472964
675593577
2622011593
3717987279
3121912946
1046314126
4165446348
3963397209
3940930966
4134223112
2462789614
279421977
575727912
381725807
1912004685
710533034
2131538242
3406217891
1131533984
417827709
1587425591
245811263
1794880994
205789344
153394081
3270953327
3184107420
4216720629
2217751865
1705725002
874852235
4014259518
166271813
768607994
3007256277
386458904
3316623527
1022440045
569082396
3408593993
2984810162
2611579533
3646989835
1848159038
719219826
4113511267
318153861
2201763214
1441015855
1204915712
1013281236
2319572461
2054617056
244144721
3781599074
1074501400
1348694728
3211541739
1475234696
1107117561
2453445678
3333326592
2439167867
2734009957
412856458
3554338130
585265898
2494845364
3443482690
1637447716
3838113560
3465932444
3002322911
2837796106
1783034373
3381032547
3974022485
1543528200
3504882617
3816963735
4110953571
3685376825
2326110450
716887033
627083792
2339850274
2859276121
218631853
660613373
226912841
3201201388
3601368326
18346540
1485341035
3996325121
827315724
1957693126
664155248
1901141748
2092543165
2068536424
1003158526
351050008
1041702468
332939121
17968898
2342290221
1876079797
2792153983
1541257463
4256015730
3873520074
3681791200
2632295098
1547976344
86635477
3017076597
886271210
3472662827
3831457374
4018985527
2710401345
2684344257