3719003134
3084064179
312031689
2681399408
2445804835
3967779318
252275770
2601662223
659035538
404950858
1959392765
997239553
4036044742
3938531787
1036977216
557087516
1809631628
697889692
165357491
4165777839
3049832535
14886349
2099309701
2543417147
759278914
2196360847
1226307473
2524173598
2315281817
736274651
1455197970
17818864
1398036451
1597310163
996107591
2130968622
2184595896
658771275
2855820000
1255839359
236049348
2685801296
2175830710
2014139660
2090442492
2564326527
1991532212
1797656183
3084509307
1470168567
2793988768
3956122478
2806287672
3094484697
153724672
913914708
604295331
2998504305
3021155083
3392595057
3447207228
1425918475
928103934
3097155572
2129781281
869691049
3077883510
3182152287
1736545341
2405509036
1298130208
231367
3240873838
1550492216
1643957566
4101555310
1977723704
2421128497
2605425302
1993245233
2243811923
