1682871375
2336234405
2435515769
4084899998
1237717857
643328847
1207227419
1245163807
1068664936
1436784518
1433792113
3382143037
2969532788
2012404913
3949620920
656099349
4106436931
1035802758
1387059952
1375303779
2607739111
3033414097
1288021786
3207344631
1520326541
89968913
3107724225
4049935187
3770981952
1199164130
1385336996
3402194789
3474974543
3239941266
2552980120
1671418887
3823020265
827550509
3226999173
2639028742
4215252686
3445111598
2023596283
168803680
700911642
3150491038
2685889196
2986166279
2698644757
1992841102
2153237313
2710441876
539445014
143722153
3975386853
1851659023
3426518454
3274473007
4108409678
3484547985
3444509346
1475777134
1842674275
2233022669
882886316
638749361
1277084828
2723589250
3461732693
2308580792
3795443629
3210536950
1479192953
818202187
2889587507
3551520265
1258546864
4108958968
4176100218
3133717598
2498717017
1587218342
658235412
1336732637
1221844775
1485788768
3622719316
1823148327
1456536047
581518656
1891763097
1640582094
578874937
328390238
4113210988
3330375096
4275981007
3561273650
2307925622
24227468
1486682242
2398339360
3196552151
2631224864
2688696546
1168137459
1207593620
3357247455
86965214
3032409402
3450901399
3166159334
2993671836
4006617886
1440072623
813933468
985860936
1881258212
2713420052
493277196
268486347
1376891081
3703173140
3283723617
