2589641121
796650863
3048003095
3427152931
4241644400
3988049030
3851153540
1708899882
2193381991
1353258863
1799434780
742598879
263174671
1164152426
1321825180
1769399945
1821070651
2460191466
4079444432
1621235764
958520275
1054128769
23074274
4274352866
690028832
972321626
3640859229
776322342
4192399233
3102949635
1998447416
1959379147
1349796717
4024645010
2260680148
12520971
1220027524
2686663572
2743490655
3242926306
3846057588
2291962500
1002652435
3211797594
2664136864
498371338
2996833036
4270021902
3511422815
43164787
1486142053
1468228957
1698396525
4175146823
2236687598
1675142827
2486132803
3500674310
2834184899
92430225
2966094505
1618804442
3467071728
2679825990
4263280999
4613860
1545440283
1715412208
538106365
580898117
266063142
51045617
2811442584
1772446380
1501525934
1591389111
4001932805
2673839294
706078056
3136367215
911812833
461304944
3654989527
1952282576
87927503
1189227708
2534574056
1652351199
2219411211
4073608918
4171047996
3317523075
1937335147
3071587283
1954918431
1926376020
373171883
2354614518
2873246752
151546534
4104569150
3570638073
1464296343
1402110751
3792938999
1125090880
2800660289
193429625
4240574828
1357197955
3494492029
1070786647
2734316779
1085419048
81413779
1026612689
1816698964
3425185567
3499204332
3807171078
1270027326
3865911893
2685824197
1568239506
3540498214
2374275826
518655690
2758886811
1817353693
3916767014
582134769
1693813125
3991979841
1143526584
2767870995
1004043427
429305675
996823198
3326882034
298561674
1871200012
599471291
2166625199
3571115124
946093133
1939024374
3841924150
908730085
32423252
2752746555
2955757769
1638858629
3822617351
1638215054
741840924
1058228317
621670367