31252152
2826441756
628258965
2661648999
2703577662
899298084
2990223550
1800912134
382325757
3481826829
247370082
2430689379
136262945
907533640
164539231
2510770794
3994474890
3127354921
506932612
1961691434
423485928
2686916281
62902885
2145390155
734799629
4191862676
2409881431
1108685215
3944517912
2709552873
3703442069
3833426734
194344993
442196796
2748920140
1460594552
3107968697
4241874545
183992852
834920805
4110576407
3144405178
822570509
1637987043
1671018850
4250674610
14556194
499856391
3450861156
2722265204
4017740747
3788471405
700990298
2231505328
2053423660
964754157
2265677143
782688389
3227727532
2917695146
3142741426
1776779330
4179005026
175080126
1716189983
1940012710
1186726551
370759337
58799966
3322982384
4017617832
1174281201
802798994
566034770
1965931447
192410938
1520500262
1725308539
3958846411
2013142789
1597139440
379758643
4216024197
3964111340
2906979594
1847187038
2850284192
521102196
4201672932
2987000451
3561625593
2335888599
2868968158
3738444695
1021546897
2112377280
51596137
2399962469
2937560624
1553374822
4028012027
4204351016
3213986092
3497992846
4076402071
3784801604
3827201742
3413867904
4203158886
400264771
1667191694
2305605777
825777954
1158712217
1576753487
3909172923
1397158858
3954903055
1196177029
1484482016
2651495328
818386731
845138527
1945955706
1207445818
3279951153
152634580
2996019551
2360382604
2742448746
3986909682
2882479268
3334166695
215600384
1619958648
2758964288
2473881394
1431018776
2630186878
3729632251
2894751585
3653468061
1723105874
3986553831
2133165557
4196841306
3735974260
2959415054
1427924469
3280806535
2375941224
2491347868
3315455878
961143829
3022397202
3386266638
507212571
2821303490
3604909794
1891367329
213870844
3410593961
3038505767
2749792788
2858578809
2078395615
1592259571
4191678230
3955710837
3689366785
2507755311
1698994186
4255549003
4286972221
1877202432
267027163
1945056087
1168000376
3513936875
3371568477
3585826190
3849567145
32888794
4250740070
2942352759
3336087655
3695816134
4266065991
2432416076
1544337854
376820993
1709012492
3522061264
2945985531
434569194
1532475830
879019970
3702246837
960062451
1677452435
3286408480
1656218611
1581317248
2383943645
2432136638
752203982
3962367296
1457913537
2134860675
2208554892
819418950
3486790056
1801583232
3793939604
3625088408
3599476780
3893323247
3464540894
3372005999
2187531700
3781951150
1953108562
2765023440
134563483
143777987
1723641167
770773241
3186032448
3703981405
3375043794
3004972668
3030020082
4252886718
3533334256
822397710
1479282649
3959882681
288306620
316236821
1798271410
2359562533
4008379404
3387591007
554993414
2028707908
712784652
865815805
1127552218
966369493
3664622433
754152127
2263304901
3228078007
1978158056
4224561133
891480032
1221144928
3135305701
3487819730
3288497299
2104300840
2134558666
84278792
992179282
3033418341
3295862919
123151868
2357850673
1558915912
2494341187
236752794
2134331799
3833168403
1926222365
2931063910
1368139758
29093892
1610675212
3895499998
3364227233
1078865171
3024448023
3091296527
3705549315
906090941
1637251974
929280409
2270747891
2890342487
1915748205
3608905524
1174394502
625712718
183349893
653917519
1693989737
239458898
3046616458
2794788525
2521107754
2053815306
144013266
3513415150
1571647647
1316677120
4081316133
29186830
693220371
3092200794
2746432863
2171278902
753139412
277649800
1654141340
222938945
96754017
92763279
3312937818
2589502397
1099361165
1340364505
3078255302
870585546
1886069037
199370980
735910785
3267016054
1899760801
3642750903
1308566835
115028943
1717361851
198412956
2627665199
2654995464
3686527415
1735845379
190110530
3840500916
4163358729
3594871433
1683221875
2382719934
1528247915
2385595358
3089369498
3194160592
2368276405
2273904754
3771870352
4157899200
783658692
3311548396
2680500134
130934163
368976230
4019208159