2500687851
771985897
2414598290
863574533
3112511063
3573998201
3902486338
2463049016
790093431
1774388683
3536253673
769932543
3905118163
3794941749
903539735
2770736805
2978813838
3599895525
271138938
1684528049
1299256737
139251294
2780014499
1396850931
1662802629
3532082569
3139573119
1603285394
1544567705
1034849089
1041161176
3771557968
3710701605
2801624407
1009536492
4116641767
3974626274
467201014
214490539
572356434
4096284455
1414743993
3389741680
3273793600
3206824534
3314610184
27907087
2504145874
2192045794
2153563950
621146969
383044951
3115809172
493679215
3185928096
2238058399
1070763948
479708451
2142845186
1140557827
3848833976
3394192686
614737196
1453414964
542372267
2839937873
2189443284
2964619557
1367641995
2320635843
3580275262
111959550
87504239
2390390358
1504845440
4278822677
2116151483
2447735816
3368295250
689274334
1564187596
474960217
954187584
88917619
3888087244
2639383419
3603667813
3936506390
671396623
761297352
2069978694
295305948
3273040363
2448485323
1532957293
38125137
3334589705
3911444746
3155640468
788415627
2464241864
3423504078
815272531
1169176510
1412931547
483416058
1169078707
2147398114
2387911030
3174579943
3921482002
2391553008
1718462901
2895115994
778292720
3712199149
3751159016
1296304687
3812333088
2459012114
1653343534
1499301823
3211741316
946130425
1621300857
143812062
