3961931459
444109350
2431248337
4209499730
2732655422
1930054230
1956510471
4159088619
3010669229
2076155292
796231348
2863436950
3939610943
186322070
3654045377
1107115087
1993668534
4036551511
2166985517
2607082066
4291184405
1170889728
2641553233
1086715578
31257854
3422818197
1346281115
2006562399
36433600
3806960152
3089125664
2527706418
3675105296
1093612324
2074963042
2382924631
3508672759
3071536467
2233503891
4117024367
741792789
1223617108
4179658000
3812226716
1226254259
4033887955
3566729218
3496055326
2203000784
1783041958
141339002
4232331770
2780758863
849852252
2389353917
1682916753
1142737361
118048628
1336405109
3132772181
3642844780
2214511117
2778329086
1064318515
1962747204
2242611406
469635189
1637812008
3287765723
3328855373
552414989
3270843639
2218432842
3369521415
1328996288
3859729024
3115525477
3395776595
3731006658
1269274665
1097314049
2539949760
1413623577
149233959
3399391322
3402014420
1103051293
1714913474
2157209674
856177591
1239358108
896745655
3187272574
1129684935
3119846689
2954350119
1503367647
254936453
688650724
3947856468
3605589320
2260505140
305808791
1633408778
1102055189
2079747251
929349404
3078999784
3905784584
1765682576
452491227
3740654348
148202185
64877339
2215741086
4116172701
1169581323
3314117115
1151952913
1061739809
2972189655
1920687854
2681320192
2935361880
983347213
1466852303
2428145828
2755401503
2659580924
3257798733
433573233
3331253509
1822331816
322388374
184727157
1644879666
1614821347
3250250744
4209720906
412566722
1538760699
3753272599
2206878372
396573824
3534960146
2614171130
67027775
654329347
653764407
4273153666
3085318037
3973698087
266700405
797322833
4078032036
2243738459
1584344071
2119189833
895535448
4133771448
3173520534
3211772478
963595161
2339610485
4235591454
3493180396
127322785
7909806
3902465071
447168316
1507431510
2446802472
2821266120
2985183029
784559250
3351556512
1682519607