1962418327
2076171662
3678612105
3088634303
1607173767
31374629
2388452660
2295411493
1155787135
469248642
1237116299
1957049952
2764843139
2856938321
912881195
3144380515
1772377906
3966372914
3957312070
2387391363
2479428200
3212941394
3122074218
2020196546
3258612872
1324016781
2528127724
2058567170
587936069
3580659037
911603450
3558983497
1236917761
3334772983
1858164493
65276949
3105796289
1196379206
1944801392
258225881
3081642952
103499162
429012328
2308895562
567361462
2387224097
974486690
2975566702
1751656331
2279295056
1582539537
1094725630
2924792557
2415972609
910575799
2714941519
3830101166
22314144
144160733
6614338
3316851760
2161064591
1419388624
89050428
3400610635
3461387494
3158162560
984918066
2949236778
1659743481
865692848
2202642563
2003992399
3856219577
2771337407
1259635064
2223576364
3457629130
2759119561
3574572852
3592699571
1057613177
1647838944
1662534889
3544817871
2031861915
654929441
1951853330
1326183213
2463083849
1085541484
