2938465290
811805884
2940215207
3358723631
1891461210
1425579561
4219382749
3564067404
1230165043
3485048737
2486412071
768128185
3229576431
4220893168
1540854844
4147999458
3555748075
2307555469
1203546862
1626544244
3707799956
901182186
2038762484
792120779
2858391629
1101422540
1173181501
1009719475
2025509
1795080200
1944465845
1090334514
2665873244
3514168322
2461707357
1704173906
3205195524
3581570922
4091700553
2474212957
1960052479
4158796393
4194539502
1858620524
3563189803
3688020856
1295356846
990153172
913801944
2927127867
1698483344
213683570
2494130747
3611318263
2290080656
3451979039
1225370000
1815564484
252864597
1520375750
1767168715
2826362730
935735592
3857678682
2560540929
3254831862
2437320584
3223515646
4220293692
2934738520
900551260
764858344
3252883096
2431881977
2612620706
1833643299
614984901
1548521053
33805594
2994510749
2379789806
2656736061
4173272058
564442849
25055660
3353053808
2472693160
3309429438
3317300272
931025052
2995980987
1331254573
2194512804
7364046
893869808
2585181702
2757396183
776050140
2815797972
313322896
4178872323
3009905150
2130293514
4156674220
3013634292
4228271799
4031717486
279168114
1630516092
3839040011
1637358996
3318481691
3915737410
4206084690
3756940067
2181348585
3753447490
3759518245
2279748841
3491268619
1978858116
3204101335
2425601135
1927243967
316095231
3093094999
2863025459
1016080537
1814384094
1006319691
2055714563
1045622814
3507130114
1990631476
3109405649
2630817480
2102148068
3380387080
616904179
3489112244
2029111212
1865087983
864377642
3330235849
1772976088
1629657998
2329014069
3871756233
1708431933
1923638895
237896748
959889336
1870947678
3766504495
3465411334
521949563
3567243156
2605347208
2132864855
3167698773
3193810891
1805596651
3746326468
1029201979
1734432733
2753528194
1958977726
1795639712
507631360
3458606948
3724920227
713827128
537663963
3440620413
214041770
3162842281
286777376
2907908085
1458505550
2687849932
3983987083
2992932966
1247292127
1021410283
2105139496
4215785714
1870579640
2579447176
1206355153
3750503148
2388031860
3243803767
232662820
818087063
365051361
512988627
252872799
619272845
3141137363
182789395
2890090801
2004454010
2380049250
831428386
2989794901
2842052133
1150765473
657180101
275164520
3182049344
3474022458
3572670734
770015640
3418078185
2571459705
3941726570
1324610211
1503253335
1324696935
540315822
1044319057
3784975863
2932472253
2805683670
1253349712
3998818580
2794571830
2339481552
148249758
1126293794
3088222887
3484051918
728443624
3935549402
125107678
1275726811
1203683526
2651300590
2504120960
1842629007
515377030
4245521007
3259538867
452540280
860562999
3889933930
3602983021
1292986974
2459300781
4169459098
533510753
2021027797
117045152
3024103017
994595083
3632235470
1356307990
410963561
1352456225
869733916
3694420160
4289862104
2307228982
1146184815
250595315
1338317739
2352059670
1093875604
682180073
100750233
2344334188
1096038091
3276972039
2330302679
966360566
404902891
3097889982
4244802785
3241903757
2200837759
2806518511
2991993478
3899733902
1173002285
3527895579
955648820
3681390169
333320181
2027445850
973665853
1469120687
895043182
742522381
2923795745
1344575663
722897582
3687922764