3534518905
3620619275
1458033514
2012139998
3917136375
2064676572
3767693805
1369195307
4201274035
1738136565
928280020
596348856
3114702101
2112751897
3292102108
1714684685
1855088965
3082008725
3044489772
2034547238
4083087908
2124912552
3236871537
1416350243
284832472
4089436825
1909525382
1272344385
231665861
1521962557
2889828046
174857369
633054618
801090045
2748081904
829583256
2584889443
4164869792
611919849
180390346
2686501231
3356461679
2714791458
874634421
1089196066
3558851035
2063045779
2469150776
4195196835
80317951
3628934927
1278217588
4175185581
3019371337
3402260605
3724632800
4028269293
1513929715
949324391
3738118311
1193595322
1130214422
1340292353
291010080
1221110137
1771988658
2711266144
3834886328
1160037099
889651603
2853563020
467886088
3877594733
3438937658
3623917726
3047355668
1436795518
3712624071
1333773142
2730275897
4101766394
816021460
3140179273
1265579927
970347312
1718250977
3948694153
2673778326