3937540524
702196405
3904225171
3847536908
2536046030
1824291470
486522342
2174666631
4258329162
3728418001
3911128242
3154402169
192496292
3888243776
658512164
1256335733
253309790
24532344
3180522047
673902483
2697724171
3699076164
3350859014
3094321602
73882847
639190137
1000426775
1815288903
2304602188
1982050965
1637813811
1203901113
2201461290
2696227741
3741387535
2891774686
2094361678
1715119897
2280796384
544050915
2948180012
2863162189
3181863368
2224276837
1233256150
1644553676
3351271441
2680428470
2039074726
3430202421
71265351
135568063
861393770
3553775793
1942400731
3956323364
4128561619
1643843446
3898196505
2181355875
4242634209
904266456
2403580445
2715996348
3896470457
511091582
2466552610
2174908313
903439974
235408708
1690659225
4199106582
4059354972
1149545887
802234215
1817910877
2538934593
451242558
3197366782
2711607866
2265816649
945346331
3205312813
246105842
3198816743
2526380671
941963320
911361756
3780525934
1027663994
3009701375
1032142599
3713911744
1103068414
1336927775
2569318924
2919323824
1587203076
460686610
2730331658
680244172
3232857734
1685177922
1156163299
3782018532
4253271984
2622753092
1865693856
3936338519
3991575301
1255972137
3564607510
1235048936
546674418
4276011910
2357344246
720423533
313127528
3536015201
2868949265
3725554477
2158382882
4206517317
1418132081
3094192942
3221160946
4124987888
1089288125
2285603583
1441991843
3535499212
1155979775
3495978766
541719643
4048193780
2390984576
2899385756
2307574137
3802393336
3118330974
616565929
3125364313
4282836462
1658984777
306307953
2237674472
907616998
2641997983
2259243826
3122293688
4155736006
1528166643
1031489615
3877664851
1937705968
3293934069
3470413816
2870024071
2461313780
3874050917
4262736903
3021358067
1376736055
844986324
39118905
2349138726
2837320451
3852519098
164403693
3738732596
4110567180
2354069021
898378201
2139800226
3618225195
974659665
1799983909
1573209125
1871710266
251378183
188016767
1485048467
832541523
3803673825
954897583
3509246958
2671049205
2383591118
1971432017
3134417879
2993824308
805289488
2714667441
2458663982
2575622911
1326427288
3740902662
157960321
684041751
2479150065
100457677
1940636834
736942339
249788138
2797553293
1909903998
1855567385
3527837476
1126263477
615979106
2324990825
331651975
3407608556
2651635327
3494652356
1804142203
1944600144
1992921277
24684784
2470242494
326879606
3506515712
3966404337
2971167558
1294318558
2341378612
1138634969
908245664
3469284696
846335755
1881523442
923282349
1404581983
2550537598
3980750584
139903531
139563414
469020806
335277927
2573609867
3126256240
4203600537
3911938328
2746618794
2857701382
2781936867
543058514
2984559164
255474957
3302888480
403997826
1241415296
2317773364
2441828977
3455009980
3810580265
3061756162
914212576
1240808262
2814705124
3955650606
1145781161
1587620918
3641975283
1507033734
1347635018
4096993972
395090647
3714678029
3195683953
1353589433
972192276
3730113319
2342702238
946821424
1919420352
201646407
4181243279
1916303606
2352985207
3928753673
4252473651
1506542842
102863400
2249812798
850243487
2704607464
2136762908
874950670
1490165093
4044933734
483032570
3730191779
3262194005
1280269698
2713520085
1735154807
3768720409
899299248
1037661058
1525022658
641175146
2361807604
2556533956
2640882155
691840180
637906658
3518655782
2994781996
513734285
70471182
621199280
1838068682
2593721039
3997362771
218886365
2724216321
2084349459
3087437151
1987799211
1503763633
3699139039
3073769227
2954042513
3304802302
3880417212
2514427045
3170034492
2264169931
21522916
1161603728
1468554056
1146577864
3202063773
1446591861
2797379477
1676260483
2974908470
2672466598
141032704
1056131094
436536583
3668677799
4049424717
455611674
3642490697
1088971601
4186568295
1085484372
3962931765
2431374761
3176132815
3038683953
2319469091
1459949127
1918693305
2645556272
3256704683
1459108667
2524758402
3257609482
2696720471
1391876323
3393134360
2054419774
2000944271
1296144988
2172161673
1915377114
1607315248
455247486
386401433
2165889757
558136004
3122136356
4270696886
2649072774
3372888348
222778521
742468127
635108467
701094546
3860798296
420707827
2928544475
2879961609
3166443467
1673679011
527842272
1072979876
2277381169
586680347
1019969891
990960821
268418562
1135466221
1603063805
43854077
3040883516
3243570658
4252355334
3768775099
2058061579
1853645835
1672252752
852666495
3964212521
3829034837
810341975
4239850715
3696746774
1014393040
1347192193
721431466
737646711
1153967230
858653482
843360842
2115435071
63026152
2515658215
2067041881
3038982479
3546650933
257040936
2408525195
3198073410
222644708
1593595871
1942689192
3022641139
4247637816
3072979263
3038820032