1996067455
1084114164
1718296932
2781474946
1612396
3920007805
674643018
2708886165
3271330501
2963305520
3209634797
1947477495
2262451115
1850079865
2091202336
2606892481
886066292
955846262
1418906273
1502381398
2072056561
3830815041
2722858151
137263105
3504524117
490417308
3191753781
937730279
3235946498
1361967394
2963102839
625751778
2271625307
4171714163
1909516630
1282814127
1309854965
623010688
3118157105
1501600320
3818917718
3281539773
2247140957
1383823580
4121499810
587459662
629187649
3556397778
1310390925
1635011296
3863050016
2621301406
932239576
2344753203
3856014209
3468107779
2023043638
3040947546
4191008291
2064564347
1484408153
3005160233
1200905663
1969595691
195195555
916865943
226950535
2043448215
2611909928
864766774
390403583
843299543
171442764
2799889405
1584254447
3406897740
2921993462
3356441893
3610120393
3428062368
2601297833
2245987424
2352156967
1233929264
1717696002
777825930
1883661345
3723355534
1796741923
3697128643
3339403817
697195521
2324648632
2013712264
3554252446
2300084990
2458910922
2455941413
3870842363
2890160465
3433806800
2526960334
3587409910
2120694246
3237366679
1039671751
3599545911
1843844737
2934715425
1730367062
1712623626
2641551913
2531089390
1885509554
3762004811
2000198649
244240442
36926750
2102890382
306154349
1998149289
3409999425
914374225
20228384
424718954
1147180063
1949301445
3136191063
2873179338
3573303472
663850945
3385080770
4012469003
775382725
4046272174
952796085
805384844
2422461088
518946681
908407257
1817467521
3675199173
4172452488
227875542
2816228919
2787068602
2576742993
248927871
4080750136
3505892366
4259433055
434970474
3983679291
447344538
948638128
3062143826
4127499284
1594412733
1199933145
2647190491
3420044820
2242816360
335933999
740627531
2659444147
1515228665
2121273723
3978529769
2515552286
3960415057
4093455798
2004979788
3223149827
2853146044
132322737
2711944338
4221183481
845044050
2175973432
3501336098
759060172
3322385133
2312803821
2276927668
3481562573
1463695770
1968023052
125081239
153008604
2371929144
3034460300
840543059
2255755717
3946181836
2201839321
3206835284
1501895865
2668120755
2423017355
3324145933
1531765132
3787371586
1805550783
1679678745
3442888005
259428101
2495992596
3727031969
2678810765
1765097163
3865125560
3824630618
105117366
173421272
3895617550
2876417901
8001076
1003730169
3722153293
2433736968
853827325
1648660024
1097306461
954061630
3166905181
3422518799
474411257
938575274
3092447312
4059497769
3907129063
556332220
676983680
888622514
2774352041
2912650226
1182270002
3501130123
3209421378
2547541394
1554273336
1191866270
2367613699
586657690
1630551796
652106924
1396242660
252546482
1251142217
2197720245
140424019
1652078035
2529562859
203121791
1501800389
3181264418
3075566600
2166456941
51983955
2343889244
1547552515
1507234307
1049150763
1254283609
423863134
2998133415
811143567
3425046031
348794329
1009778205
4050342908
2587940891
2797874287
4281954921
2983154525
2069544150
2199193162
2996585202
1109986248
595840647
1314904402
1867229501
1789388707
4119318265
2211090345
55101195
2067605786
3450389307
2444852560
1178301998
495828895
1907267785
3744053915
1266294149
651749388
98114396
3447747978
4247725207
2844623666
2869945543
399590909
1796126450
826855333
4193537397
850065708
1123677504
1065756785
3027341800
2209105714
169516918
896051263
3727912545
4251155306
410698023
2303727821
1011332085
1303088998
3466771291
3949191401
2091426807
3335166555
1666859395
954752584
435249935
1797335194
1719538530
164660449
123577210
1215899896
282407451
4052013380
2190513601
761345605
863048301
3828958256
389901378
3763574123
3357410573
453562346
1515562800
3186434797
655500077
151079977
599272941
3163377740
1760026242
2449131784
1546444972
3189047557
2928047361
1943978079
893852209
3229399469
4035510059
641849583