1255019128
4085926684
3968680427
47118574
164416358
534366469
862503711
2906873320
2883604786
1057087351
1147533104
2660567040
671227478
3020475379
3247885035
1299004304
2125209516
2503154493
901008858
2109445592
3066399345
3303022128
3040320430
583812393
3644592533
1714426136
2260162009
1914252508
126726984
2876521548
1011276266
3389330439
4271684728
2142026951
2801617605
583886054
4071001070
3008981524
2945545663
3486345290
2158257444
3919697780
3364343939
645088275
3387421912
2236520729
2464078843
2040700480
135614781
3774039700
4043906039
1848160837
637274064
4007786385
3670478851
681564719
3851806819
1428953161
