3034397097
2018636894
64088839
637958159
1380382714
2730951212
814313220
2340501465
1843195318
2587112322
1123355404
3144963900
4158746864
183456179
4127062510
270051465
3564065943
3361222293
256302405
1770886642
1518853031
2446170854
4110904714
2223527980
2995570814
1304424207
2407455636
3354754193
2497735462
3746910414
1725373188
3106059539
249098154
2326395875
3010968922
603835579
1191658193
1757440618
876585503
2629503223
1815351479
1586790286
2326377122
2107963762
1651695483
1255232595
1448934873
4060820176
2429616242
3984098862
1856505809
1322067848
3749625970
