355130481
976147693
3248730746
66236970
2219030140
3514581283
3980417171
3297822557
2943783870
2715643487
1799124305
3014318034
1737086747
4260094354
1955106024
3294342270
3390606271
389032073
3325918713
1925195338
1820867505
2184356117
2771947507
1655837592
3727498829
4065208304
647764299
758575272
3217473467
1073105359
1406668527
2233212067
2703472248
2626940407
3584573205
4075403214
1288412399
2224310166
1439337254
4002332941
1224398773
3176589232
1217481524
2844612001
66427885
1457182694
2867237752
2437465705
4165716864
3588654960
3421207811
127686228
2861963143
605084902
1123464587
2205238204
724819354
2798139862
1500158466
1601831021
876109068
1106783039
1780573661
1855323873
655693728
4037811823
4761666
3917122196
3338125102
4081207582
2451876609
3439254190
3196705828
3231767766
927863737
1596572166
1508166723
739660857
2359330516
1069706070
2066287637
1904718223
2781081114
4031893465
542831193
1084258560
3157261995
1560902339
370295060
4094885153
