2938465290
3358723631
1165280650
1425579561
1778836571
467085403
4219382749
768128185
4147999458
3716350989
2406308077
1203546862
2038762484
1101422540
1173181501
270650202
3710940201
546121410
1009719475
1795080200
1944465845
1147265254
3575783548
1055054695
1983520408
1090334514
2665873244
3514168322
4091700553
1635708649
134820914
3022636842
4158796393
1295356846
1839958907
913801944
2927127867
1698483344
3611318263
2883748419
3451979039
1871422633
726114267
252864597
1520375750
935735592
2560540929
1106087111
3066683588
3223515646
2092437556
3787002755
4220293692
3929244887
764858344
1073548455
1078982170
2431881977
2612620706
435580046
4066453981
1833643299
1430951863
2656736061
2180424545
3309429438
2757396183
776050140
536041076
2815797972
3348669432
3009905150
3561959328
48450612
2130293514
4156674220
1136949920
2746215258
3128420722
2289592935
3776879266
3013634292
1161625048
279168114
394384611
3318481691
3915737410
3726188766
3124466458
2181348585
316095231
1814384094
1045622814
1039854514
3507130114
2630817480
1494930806
2102148068
72303716
1284493220
3380387080
3489112244
1772976088
3111306028
1708431933
579262728
2929311155
959889336
1870947678
3845235824
828808485
3766504495
521949563
216374258
1816701187
3567243156
1805596651
2753528194
922292261
1795639712
434126755
1238998
3458606948
2832623389
3316129986
537663963
220359583
214041770
3162842281
3581282735
3983987083
1307293009
2992932966
1247292127
1310856662
1440998958
2105139496
1206355153
3972747097
1692128234
3750503148
3243803767
3977290580
1611133050
1778267750
589744121
862089572
2913841011
4045593257
232662820
512988627
2890090801
1737899031
625237947
831428386
1150765473
1432277745
3969311741
3474022458
3418078185
474826772
744767573
540315822
1044319057
240479788
4264433323
3784975863
2932472253
3998818580
2885439072
3776981725
2339481552
148249758
3317059232
1126293794
3308882967
1015306259
2650585002
728443624
4177388540
3935549402
125107678
1203683526
860562999
3675385103
3602983021
1292986974
2129976914
2459300781
2021027797
3024103017
994595083
1352456225
4289862104
497163175
2428541532
2998132849
3624467522
2481457831
2949481371
1266655890
1338317739
482694219
1096038091
966360566
4244802785
2806518511
1173002285
310440160
3527895579
1220469544
881142728
333320181
2027445850
2923795745
1344575663
722897582
3687922764