353764606
90923818
4005794971
304439623
1269422275
1848071582
858358144
510895182
293861345
3191829692
104802396
1814211800
2322129827
3412654844
2860036474
403766443
1353569789
1251577460
1708774628
1578386431
3552535916
702310072
1870733982
2750069206
2113285733
511749357
847516576
2704561478
3785300446
2440598091
3364619060
1286141886
1556420926
3536915144
305521337
1749877155
2795733664
2314836227
2626606465
1677262600
1024784024
680359359
2304106023
657339171
3419603801
3125892396
1967301212
1962846824
2571479078
3181994416
4226462392
1259060196
3208163230
3983362996
2822956921
1987244481
1591215268
2991486515
3753431918
3470277450
3891673428
4288890064
2984610068
2317437561
1120058812
928719161
3463544203
366708333
1823099819
3170463117
4037183935
37171127
1157742767
3060560819
1079851708
1595206408
1001461807
637455671
2159910505
1053815710
2589444272
489110191
1344486406
1675739694
508998677
3589567049
2492963396
1102679484
598154118
1285368676
3437497996
1430160420
1846416620
264139065
347371463
2327123530
2262507380
2900296354
3391776019
3995391538
1941943641
3271780939
1829338474
3525805647
1230785610
3988782347
1385768096
2239584967
2582135288
65630019
2744499587
3288455606
739372482
3208868895
3612361116
3183233883
