3936372360
2482327589
1567069007
705289693
1164669952
2842280649
1665702722
1869170210
230882424
1657846735
1931468683
3335797900
3305186256
45677516
2718350110
836757768
2020339597
1672972240
802560238
1974586645
1216374644
3423292706
2125550042
699339305
3030450893
396510249
3851445372
3090861158
1382929628
4064997341
2975023746
3488911526
2061945851
1006987776
1887319661
4237269143
4293481313
1152801762
3781091751
2104846136
2820433357
1799929292
907577668
1244759999
2458059996
2441246690
2862956236
2598302162
2742345776
345622606
3736404720
2712567796
2799579864
182026886
3904308272
449188321
3931037122
1019212477
3767367396
1193893256
922752098
4275497688
2092613297
3120079409
2198766614
2047723870
3673457419
409246828
109770632
1837453718
1569876365
4222244630
2230350687
3789153580
2873674441
3159036803
3164130286
964800497
1106479180
1247445574
2826128128
2443176322
4183665553
4002299045
77047015
4031461540
4286766196
802062471
940014850
3040368087
167688632
3028188926
216175137
2817310379
578780250
3824284018
4190319059
1152046740
2123677059
3636813085
1688587667
3415000843
2511764784
3166145731
845767596
3041194351
3018431134
3122984215
651803785
1312390488
4142987357
2770382038
1008866586
326225016
409287587
2257221112
3434256197
820437601
3707407556
2130836827
4070208144
267233285
4213888351
907059539
1785085109
4003991232
4116516659
1459541376
1178913953
4290632216
3352845835
2768027325
1709934564
1842928751
3014118559
3444762176
4248750663
1205930466
310686895
3594463328
557249827
1842727851
1491475323
754205936
2430257053
3370927537
179278510
3934183987
3745295799
3026562669
2632177273
2913332426
1972528641
4219155917
322997307
1814798114
1825570562
2653426363
2700133151
3820608366
1780634519
1724451109
4109534105
1678813431
1299680631
517847951
4055322028
1196607460
1074398756
2381361071
1919901255
2635082461
2478539910
1168883204
934234071
2234615805
2747555454
2420869427
2772399885
3545205079
4152413066
4155207649
1365572052
417658368
1431599503
1134711867
3016058591
2102668324
984112548
3157987684
1418654853
769366616
1491128069
4088369478
1466026112
753115585
1798453613
2991051190
73287339
354381681
3155509081
1047887975
3724262005
2342997633
58786021
1790258092
3762853259
2957788418
1146078701
1544425529
2503420295
4173417161
647729153
3051918417
3142041047
2229511954
33594826
3184175281
2760195341
3079542766
3633073530
1484580630
1945716080
3802371875
2984709419
3916387393
3948672352
2633158951
175809021
3280826245
2658321370
1254168461
461346251
3908911487
2099461349
1670015322
3796806927
2677757008
2304230723
836353128
1555747009
3163129893
695338401
243080898
3590260219
1279482629
1437205936
2625051325
118392890
2264046869
922322622
474479970
558512776
1540098583
795783439
2722933872
2878153734
2105916468
1224904774
3391032
2194512094
2022112727
3836884810
3159495483
964101847
3578530227
3620705662
3661595468
3627508409
2623397230
3302444486
16750329
3433444604
1695782047
3069660738
2733837278
131580096
2236660965
1360437860
953688824
428642870
3771391703
663994883
4172734441
372925412
2123651190
969758083
3362154738
807700269
1720557654
2643517576
3492149587
635299617
1622868561
3781911756
289797747
4235956817
3795929237
1951309491
2632379924
3275153186
3906545139
635876839
3940180020
262470465