3483345962
3170338400
800918550
2706788872
679021581
476463897
3555901659
1432868172
962090150
2179530111
4177405886
2829018147
3349146093
4185733880
152503251
2510344210
1077652330
2393890449
3440516290
594687914
3155078873
2741832155
3688442011
445305624
218196834
2659864990
3002221513
1078603126
283823955
2673483159
3630928775
2019367465
2788157331
864065220
2202454153
2695887287
457362912
2829877757
3884604685
1817246808
2557759542
3666649883
4029149907
4268055188
1498020262
2117215488
410947343
536643163
2708007948
1167332750
3506002494
2063613625
3453499024
2495488325
202450726
3860816660
2177078009
2163226122
2545427190
1621841350
1308181367
3920622034
3839217839
971927851
3207922206
2614352838
2545762894
3354574704
2714922483
3028831470
4250021398
