1234866231
3673193500
680566191
4053732161
2024006832
165449972
2229971727
942115382
345854477
3565307948
814627814
2492371034
3234792382
1524898817
268279487
1948345318
3399240355
2285631537
1369408516
484146138
1798917372
1520532564
2521013080
2785432343
4050030448
4279739589
1484351344
999680825
3354352235
549454256
2773920582
2942228035
3078526559
329769029
2005957764
3387702673
1452799650
467066830
1609327505
4266872133
1441394171
2120986902
1444717584
1518660572
198161951
2140003741
1217973683
2174038958
3767747243
1270678624
165451466
3411626989
3930116698
3258544492
628594295
708839860
4149936808
3519226704
209902312
4108452385
953401501
319041552
2465178434
