2860454675
99163659
2912878991
3341843426
845532063
2962144595
4248766952
271305160
3350217983
4035370409
3308351760
232061429
1568982609
316036276
239526164
1596390106
1872968651
2422679700
4137875997
1014426454
2932578675
1833263084
3292386289
2535709385
661016713
342692628
2067408914
4133822129
1555734061
4189354217
2640007719
1045686288
1592891625
4034044071
1857819715
3949014551
2788280624
4058885554
533216427
3221748488
1274308148
3078862751
146323132
182083287
3416306983
3409666189
2357470624
2617971526
1002087210
992669156
1952363311
162763728
139219223
3800222990
2645634901
3038358002
4063509084
1517645254
3545761699
1857514631
613025731
2546315351
2615664338
2198968065
3045448042
31255797
1347787762
1493613790
599986999
2522359035
247971873
699554066
4054510990
824247037
1354312165
2687337973
889002141
430275330
1312999475
1249871614
522312152
1617289053
3141313443
3289432770
1866905633
106181899
3929727137
1885291760
1163134139
4158650867
71759715
2561210026
770383951
467261910
160612899
715105518
766643606
328672284
909372081
4001641715
2789475144
907870090
3412934548
2713685565
317103463
2750339418
3962083592