3060003989
2916260501
1478086530
3244116839
2506562621
951176982
730380178
1140520969
629785055
281493656
3985595612
1019119891
3348679759
4192715318
3378644854
1591874962
4078944211
523381648
3235868204
189713919
1687981947
7440483
2552207067
463422719
2815387423
3847627829
2995636875
2240012695
2753386594
1086371560
3030067925
435680968
1186408723
2591752462
3338194137
104377470
1366292028
1794067436
1032625776
1336634610
1291167800
3900259675
4281479680
445984833
341576151
1105709553
1802362143
1335928087
1479937202
1976537542
3350782206
2305703812
3410363216
989063417
3049781659
3073543040
4038843850
1595709073
1221986312
3887768870
4169664757
699085632
2816536308
502582482
1099877164
2461030807
3621497094
2940951579
566264661
1199117385
59954377
2262374612
2252069960
1622347382
3691231442
703349912
1847544339
1843049699
229465603
344159778
3929339672
2958085784
2738700503
4140017248
1489418072
3690906140
1076187088
1679930161
195306457
4000893563
26072301
3255607762
1701705992
1844457309
1007716578
4090467287
724414513
3930221375
3180380736
1968098150
3543155114
1978231519
3063320678
337051940
3618016236
3036920106
3783603926
991126547
1625793952
3244355647
575432711
3840080517
