3627999504
550267128
1026855866
2060095225
423242685
32489104
579934305
3600921053
4282266511
1860270344
2973442930
1717380338
2067738692
556231303
2724225702
3135025485
2555350348
2223832201
1556186687
2044830291
3122104460
2432429638
2660560579
414535846
4251701059
570885727
1019008404
1688788566
284256883
3348768630
1354342776
341376769
1822671721
1044620923
1813122162
2941479278
119863307
2015985223
3143471660
2309853307
3578406119
2302290019
3661585332
2800644640
2747714644
1703680982
3306828436
1501724037
3650150284
2725186571
440045754
874590134
2419961867
2476796170
2995748642
226253334
1969553735
1382906271
1328424554
2464842769
1095111676
3239467632
1306957947
3174548878
2638437980
1782516000
2597734311
2623074941
1404132479
4075008719
4089242563
2701680831
1472416529
2337104548
964206601
2516040554
779024948
2586352440
934099600
469543368
458225235
3739485571
