3021499694
2809019670
3112839804
579680420
3701408069
4201506271
1201188815
3403444491
3082732818
195886144
1892346314
1037026296
2111963563
1372472952
1296022209
453404661
4128067468
1648912016
1805383271
151415780
3194297752
3252521329
3912364869
2709427174
703464114
2305156206
1454952686
3998432090
961514954
190856158
2064658800
2960195001
3782388562
3740464400
1481960329
4199498420
900763676
1242756261
2290478657
3164217993
1052837846
3836945046
1266812157
3741994780
3825018933
3330406502
1787079151
2858734132
1178985677
614286134
1395227702
3697609441
2166948182
2262087296
802662217
1505212816
1680847563
2355701181
4123019457
877863397
978237461
854061423
3237528311
3915512100
1209382804
89790862
883751583
766486643
2164299746
2389605546
3620304175
2823485660
3433741788
3164825153
100934034
193550957
1075655749
2958049497
1348107829
2120414956
2641902057
2285347302
3867548118
2201187196
934556780
3754289019
2697267187
907977542
2394764810
998070916
3967189612
2378177553
915804331
2337648307
2165943105
1970844033
2370034573
4164735993
111703061
381618459
3711717251
2607192445
515135323
505699969
1790998813
2207974185
2035308430
1743031363
2618443291
4086783201
2278599775
648906399
2331599149
3051383169
3868708305
1446554527
1426287937
3476120105
133177275
915746481
3163491832
3944602874
3856575771
892708812
504687278
2681535370
3518330094
2113022297
3340948233
276849418
2364383729
3463612600
2192491473
994781845
3374318963
1849798824
4146117852
3656472553
186270858
3243771243
2458059981
1989509053
1184416717
986384151
1973669687
59921215
3723605131
1606175458
1433880013
676229225
1073027110
428442641
3008077930
2487987020
1849983290
569733289
1208326993
353591637
1962409903
1204908577
3778655975
2259559020
1933197328
4006583090
2563845038
1939716412
4012750621
3603189408
1247520335
2889944560
940768906
1926718831
3550475215
219699481
3342967239
1224701573
2594776150
351663611
427133262
3726697478
2484876617
1503608487
1734908927
3444849922
1419567947
3275023612
3367377523
2702670611
2269023807
3633414679
4025197210
76488062
638028885
211248070
769859086
993411130
3407284659
3907144716
4141996420
4209539906
1589035665
602599976
1592962744
2207817501
3070115527
3710722254
737298877
279888205
2140831845
700005220
2681986290
1402521957
701491943
1627705127
4035896104
384507087
3872582124
3513391988
4288250324
2029557404
569008353
1805460227
1804322271
3919426384
63149937
3924554355
1173592309
3102840484
2044026859
4115598263
2320540395
1435572245
767462504
1367549171
1750174281
631527746
2976141634
1245203463
129529152
3141101673
3618475126
3813419616
346030328
2088011192
3869112107
986917342
276245055
1145213154
3115584962
1182239687
2435059983
3512211536
3631531518
3900860001
1919477653
2808446218
786048395
858877144
1092980042
2526081672
3620651282
1567839502
3920445887
1220294564
4018049689
2656032110
2475290908
4002945781
1997819069
3136006167
1805445400
1005123073
590886331
2196872520
398005271
3009744335
1639276651
477437412
1909051896
273356897
1894677151
1775151062
308063277
3025972909
2262758713
107979255
3546908326
1934940499
3719987907
2012133389
815198340
875599038
4026066276
372598453
3585244448
4137596107
3294501358
50595786
2255684334
1554406989
1572669301
1575738060
2756314218
792865437
1528780123
1742581004
408430906
2307114963
1214508499
2093091249
2168645553
188841800
3489099314
1888175511
1424805319
1781898324
3786297921
2807169589
3854283591
4257198906
3916661476
1770804292
3909000854
564647244
135100560
2823590583
1942525794
2199074976
368961969
621662653
1823575755
319723393
2879535066
3756469461
2459487727
1065377921
1744384776
115294225
152067590
3349534584
1016431466
1205114421
1468160877
179551837
1196709881
3775190135
3184899379
1609967132
4041984491
1661194676
2756744327
2116996949
879897051
544240453
551098577
10684510
4122903562
2620315553
3316491696
409672478
691754113
1889623115
3403339390
3179456416
4207807124
4043483304
3114394640
1072480896
1055239298
32593365