1823754486
3159006840
871343783
3890038114
1895567602
886099046
915816999
1901898289
1964882983
4243599501
1238200642
1194672391
1138902955
2679606079
3388287566
58192507
1037007930
2459858361
720764827
355665222
632549035
3070913611
1698538110
4151104128
1706798842
4038846861
679537369
3587906705
4084607794
2688025597
3771649777
3888959775
1058367192
1431038520
1918217592
10498553
3660570736
3853291376
1842316656
3221330757
2608893045
2859891628
3799561097
2876860206
4097477827
2937535699
2949330208
3432439500
2032756843
311091688
1587884338
920199781
3563222790
2940949874
1029209298
793492323
519069805
2909796604
3351339768
3599501943
2960044624
3310420567
2054294345
3206455810
664933830
2409365256
1443459343
669807245
933394860
2915383063
4266605971
3010873612
586511040
3570877412
3180134916
3561290131
3120094742
1850793893
1930353405
1206570976
3485811614
2222054
3871337314
2992506070
3783085097
836462080
3085405633
4016550158
4054721110
1959430160
3744303728
3082996644
2487337929
630421417
3299645300
2105169879
132996325
2643801617
857705686
1026092051
4087875872
459062515
1849151453
1208361324
1487832509
3943189465
677261022
497806876
396253699
1894230103
3701688493
2498730263
343130147
1962456200
3452668341
2071488148
1718249690
1273637978
4218642292
3784508199
1046376814
1668036675
