1198108925
2856202409
3349134783
965053114
4090219504
4209435229
2876516412
1603726583
2675607355
2273281488
1614614152
1309441172
3377287924
275485177
4259937272
3789081911
3963312735
723368585
1663968159
1844031944
2195282931
4178295267
2857770010
2835208009
822221930
2984899281
457419119
2256918890
200797485
2818083244
3119367322
39033217
85836334
231692982
1186976977
2503179653
1655130396
3225001936
1691485680
215001204
2887562229
3115351666
1413882177
870816717
1083311353
756844693
2639712310
193388749
4112342418
1603662370
1243360479
3616854344
2830992124
1502838856
1065075149
