2028759694
2452439815
479848256
3171044882
2048509016
2352088069
2245285902
4097032845
2319715476
4274846712
3894022390
1183353469
2705791896
640660405
2863855408
4126594599
2553441976
392730630
4020429349
1141812297
2749951315
514272878
1409616266
924196006
1218006149
2328469066
1092853510
865808177
1854530576
1652465357
3559403799
294313250
2435418025
1663692494
1437032919
622155533
596128742
3292289808
585876284
2814213031
114984974
2162128339
663331895
2849160659
2031623500
2301210289
1427427056
4180895804
2542603587
3907997683
76414248
1155429235
3543902779
1194876075
2130581624
2879124866
1934716185
4201483889
3826725844
2550376035
911247998
1203436456
440445636
1094340768
1931370362
2990671035
2480249895
4247990781
1926882731
2314937981
2160191182
