3998287401
3792739402
4223053760
3826811076
4177009453
1957847921
3885537709
3857633863
2417196413
967814560
304398630
3469595990
3864863522
2190855703
888850668
1724235062
3272329857
2818818046
3936663735
3227493321
71808464
3247491660
4125893504
2575912576
296757525
15728485
1452454614
3414934193
720209618
1589173897
2690982156
4098494364
847859587
1626587047
528004794
1219405790
2501790201
2188438812
3071951596
1074246671
3319608858
603293504
2171478837
2207467600
1004712426
3188179428
3839636744
3648031018
3530690051
2805139478
3393995072
849010539
3522643566
435077165
4186067798
586863747
1598423621
2992595606
3675339919
907457940
1882336585
1466793144
487679774
1110832014
1062147075
4079697060
2178972214
3085585863
3944370788
3339004827
1688937600
4248764861
2067082061
3841422745
4176480994
3493224945
2443404321
750891316
1875563504
3647150762
362645390
1619026343
3933206219
2003380140
1397040254
2333397794
4250816167
1867638397
3282164321
539721516
4219251117
1635793980
3151339633
3381174917
1194397685
244829201
1775685262
3407810203
1024323522
687956513
897378257
3191497747
2644856191
1633007375
3429896516
3142619074
3923251064
3229931748
1037495286
782164620
1529269555
3926879049
298298147
3556551999
131252172
194755394
1583141272
4164335963
2230197775
1520301941
1827509079
1750002770
197080464
3870515424
2281436161
4253591089