4133036324
2945348544
1649988671
2490053315
2542589673
3763456773
3056021856
135167319
3132985669
2083372503
2815792955
2361018533
1050855333
520214093
274011962
3513402330
267328993
893921707
1088953902
3824538822
1331864190
979725956
3275485311
1874228842
3554587428
266852015
139655104
1962390098
2191118859
3095201917
2727106624
878739583
3171422729
1254552236
1920980515
2370295754
2854886389
2751278757
3982983204
1294081371
1309070285
1790977960
478924882
3235478425
1356226108
1431621393
1549122494
50603803
1830750372
1376622486
867385180
69405776
337807595
2483065376
3338189788
3204177946
2184887185
2911515308
2436213056
3084795660
2278457197
3058990591
2119671168
247289844
2869586168
2829319382
4214225156
4293889609
3567602278
1733782419
2883344015
724557544
393521852
1737817749
2108884299
1117173856
1443907089
3128276365
2214873637
2618709079
673197698
3297514560
740996446
879689409
496056276
2089214527
1563507474
3245736376
1886158534
3968845555
1478797106
3799949595
1807973962
2127509136
517325375
239769164
1254140829
2779060758
1497454033
3806711055
1990343207
4286899384
4124305660
4250664128
3622849445
2490414387
461544520
735493802
387186368
2783554347
1173574062
751820197
2640140275
2922108160
2919744375
4121930159
803360727
3132230284
3318661434
534713248
2412096028
4140140422
1617975342
2247407635
418949698
1016073854
1679218335
2868417847
2489386223
3013151989
2963030933
1546770109
4078760783
4072826233
819230003
2549039915
482305818
4118147922
616963341
1715177223
717505377
2451592471
1253588651
1995565680
1092692995
346580599
1598592511
1381999363
678692116
861671559
145683090
818473892
574671227
3680752740
1379071282
2809435427
178504396
163545918
3575069661
1967622196
564311945
1748594083
1177987354
1011012269
1305694443
3251926337
155657953
3520865006
446087729
588400332
3726433798
2478739833
1327560607
1260620243
864788702
985371987
812592718
1095530923
1075660701
1649414414
1005267109
274004962
3035135864
4185404668
3853635284
313538531
274469143
1486188767
1439882085
1072977049
1052424989
1427634038
1512855815
150402007
3950633666
2106564771
1734553325
3322849840
1772786088
609245820
2511559971
3138503619
818927242
273629977
3410769556
3948416336
2990671473
2086933765
860680256
2578638195
1800722673
2253238847
3928145775
856760597
377363061
2582945778
3537521452
3595700743
3182471797
2022234172
2642397162
1840225575
166855327
1742054361
4218979020
1998539682
1009412351
3793731745
2596851673
1932773261
2056755761
3056807895
4213773431
2186082163
3848353411
2719897707
2969085672
207440849
3964829666
1027273212
2471362238
2097860288
2044732377
865888635
2853995068
959876373
2670879994
2304823783
1585966445
3384304642
1263062638
3878444678
696220743
1948604753
942500449
2037956262
1750433777
3931211033
3667535440
2003175033
3069013245
2639056766
7800295
1616231013
2686314587
4138304245
3458394919
3534055106