3545617323
271266960
1310565218
3293562850
1551974798
3520390346
1578360940
4202333974
215608467
416703283
2950388335
2060305107
3190684832
703210617
2374213199
3993527159
2726056566
972245589
3424229412
3560756115
3137538841
4020256132
440138669
3391884186
1586281014
785616944
1101984991
152164220
3661690279
3359042584
2512411130
1235703102
1869282693
4261200160
2933028652
1273314106
290977362
13086467
2345311444
1568988228
2182793233
966840962
1871524918
3013841078
3476643712
2015558765
2065159415
3162157217
2012197127
2954789347
2885952935
484945794
1107316955
1439283728
1741362820
1235699485
3833721436
1062964738
1729533159
1296584122
739359744
288577083
3455348566
611663546
2647301651
3845647352
3741461541
3313374244
3164560571
1108309607
3136231821
2661555225
799768851
3221425914
69261705
3312821260
3493793000
2004504046
2884426109
1206155933
2334924091
3409068162
2880111573
2967294935
914209620
4113570411
2579515376
1176550449
2742581401
3901371507
176592176
1541034731
1655388779
4139527482
4020782071
1368101264
1363603968
2434138885
3721312303
3087686732
3353277638
2152200362
1349825183
761554414
382866094
780210044
4020605737
635740923
4290728111
3150022566
857586256
1169762774
1827054997
2192543627
2502596930
1180291231
1019192320
1496532977
968926876
1809657351
3415979760
1970833707
16988846
3270470764
1630541821
2335717464
3596816607
1504152526
3991526688
3561218878
3478797437
2388099271
2972663329
3054667139
2620075851
3394246571
3057627357
899746899
1688563953
55004233
2189850202
1181547267
196930063
3718072146
2681816407
2347700
835683336
3887331147
3042289869
873891233
3938711672
2672307862
1512194187
3888305180
1713376423
3965470362
3992606393
829518115
456806137
1450575365
2079576153
2807806598
2997021659
3307885102
1211249382
1949309373
2122607744
782370423
3568257720
2915796149
1166760306
4292309386
3470150659
2916664105
177958143
3033312549
3985749521
1190431765
4286763942
3083110291
437852598
2819249611
1411625050
1120498801
1488122181
2616262961
221543294
23734154
2057742893
311590627
2265494669
2991659651
4124639747
2157441186
2961413147
912849505
1039290460
958054242
2161896275
1954726714
2442396182
2726220015
128606358
1503135803
1811709108
2827173658
1688188283
364660764
3559810480
2669318533
1292166350
1023654891
337454790
4220351955
1724037187
3362421420
3970110132
3568576931
2196618145
1101860853
1069916582
921732999
3458330526
130281789
2279857295
2834469132
158006138
143378043
1676878576
1293703139
1191492906
3762422556
2751312206
1304954760
3496597447
963087537
1186912266
3535032994
2604166286
646847588
3461462787
2969851970
921597329
2172619695
1388333026
1390181762
2529896062
1159646394
283506516
1696715406
1895544856
445045122
383612306
4178205881
1578823972
16196604
1496057472
57889162
2217020165
4220304799
3545820473
4283900066
241809169
3849528971
448572932
1657753506
755350267
539257141
2347630501
2340080562
1848912511
3794523184
3741444373
1933396194
842031819
1565048636
136891097
3398682507
3199288472
3901313019
3192292695
423407065
2571127045
3921450766
2734737103
4042409064
510444785
162617684
127901851
2686212180
1153100930
3779451032
1911737832
2786764039
4267855087
2056557857
891990755
1881924381
4294566704
4160922210
2939258591
2724366297
2428132262
1110505771
3484619272
3689855679
1416283248
2922649576
1138216788
387122986
3049551738
4104159876
287322706
3772591079
48751163
2951506434
657597225
3319335818
3581521656
154519625
1759335578
969831339
1265260685
157071682
2672050836
1542264105
690559706
2075573017
2411880679
4224576670
1286315591
2850497544