906060282
2083740481
197678222
3205519915
3629573212
2793703915
1314322305
1788756323
3835606440
1955390709
1296447885
2158021583
815493543
2859566109
1629979468
3748691075
1559864433
2616917705
3844690700
3625532846
4073453551
504702149
3881099099
3451056228
1727316807
1194793696
516534476
777410666
1403700693
991993354
1871150724
2473731700
1654089492
2640653395
3956963296
1238271961
1690613722
4221616561
3004427216
735871147
3734739957
2383566457
4115877724
980718359
1968062185
1981225928
3140637325
3826574601
986818126
2781086877
797215012
3085981542
4246639758
3365396331
4293953538
4289753193
1504584699
2226929671
2372946002
3819142061
1777714796
3153522555
4068595887
245060104
1339125439
929578039
678579234
91050786
1121311393
3181355694
1286148592
101452010
2451546591
1695298696
4235087698
4217450908
3324713558
39145187
3852305066
1004274629
909398599
2601048070
3056719067
1889437131
925215927
3235979045
1332289736
2245369253
2215301553
1510481648
3326572958
3418898233
3740872637
1444940607
4238462088
244856775
2032724397
3005073470