1333114490
2659656480
4268701260
4098737651
1595644368
2685351643
612527862
2723015992
1369916774
927916055
3271776453
1471308093
785518659
2397446651
3458514461
534874518
1829421373
1011975646
3701455978
1656506731
1562134109
4004497051
2270369065
2847676692
4094948773
2991466864
2443252321
3551910741
1987159860
2949845769
4135643756
3078938265
922894728
1827962693
3869491067
3904379287
3470816200
1140999381
1152947316
2137477928
610534440
2235710502
3324799849
2700857422
926419256
347285628
1208097638
1133988585
3267951253
609359283
4084654873
3434989161
43376866
1354411313
2510210861
402493541
1932589207
944022023
1994076072
2994252036
159088972
1640998382
3788196657
939581858
1112952940
299690289
428272312
3769883641
3060414421
3176382079
1694722118
580950449
2224318371
4009739829
2460297109
1987486476
2003053480
1483858104
688720085
2828805495
1201900248
3891296846
74869473
702268066
268709130
1420389520
2129615261
3471978303
602581270
2519153658
2914762287
1309663058
3136644380
1593458314
2527155130
818315086
2971185150
2549684847
2405876053
3771815673
446611550
633849776
1721323723
209979605
2475191799
1607828235
204810172
2380519023
93114487
1022558721
285732208
3151746555
2877406656
