3038159644
4134633170
749740290
2296426228
3069288163
1241328573
645768908
1752621882
1279343308
3111718251
1183450299
447797730
1353702428
1368723285
3397022118
3484655872
2765446360
2490914550
4162485696
2361879197
2669050903
3421597797
3523661560
3060417013
4019639100
2243469561
759285739
373556320
3577787111
2674241688
2484922779
449012818
3604334954
3394810434
3376914728
3452077618
1666390423
130274960
2958359147
2150250449
3788669054
3358870776
1098545344
646415795
4001961398
2607284014
3208250044
4053533225
1386002372
2901537269
2150352889
1593336960
1422888119
2677364145
657842855
1184563760
1012453968
3570422849
2114135158
2975572969
580663095
966901161
1010510649
3201200923
3822734544
664896398
3545280379
672962728
924116283
4290101980
3456558092
3108867032
770755804
370776389
264773348
1465147642
3602152882
2066807528
4147855678
3451939536
1312467854
4064942944
2676483306
2666462520
3995721205
3506529250
1984595329
1201735295
1196580380
4204657326
1231717225
730469270
932727287
1561621830
3241109282
1896400385
2895019825
3006467849
1751585236
866421114
1223515462
1177630542
988858678
1632385564
1300145385
3422750
781600479
2657551541
228382291
1344025748
3246421277
1978589997
1649390223
1880366794
4129781734
969772271
2356314212
1776339576
2684402831
4217183687
1088918254
1751426065
877570531
3635098330
283362999
1510025183
2736925486
3240184873
3037861546
1330674498
3985864926
2767673831
583831653
3372249557
2685488273
2096699331
3584781205
643338802
146848042
139975330
2605959351
134012694
3647718732
2526136398
3059312214
1683084967
1001939228
755964042
765517617
1056092834
3232161306
1676636931
2332810076
2299569159
4173186459
3085024270
3460457146
3548690125
4051599874
4048113998
719495068
1867800061
1052149923
3460819686
64344187
3359521498
2532096361
2334321623
306831503
2410825057
2704654277
111339474
2261674256
1895072907
4055124738
1095880682
3296955295
4124402491
2821049501
2100319753
822594105
524287871
971846975
205448842
2938303641
3852209237
3272928006
1135749052
296906826
2512029062
2877678202
975565341
1439901541
3641860682
1827270817
2701239152
2219474443
1840985072
3565087664
2766848226
3152503359
2299835333
679795401
3902713926
2331379498
1500677711
1902473162
242111855
1662286513
3375631827
1088667412
863253365
569144992
2493592815
3405931414
2112092089
579308548
1666593883
386431364
2478197478
3416513192
779095353
1974365396
148527694
3601673001
3371631762
795311773
1365284671
2852572725
2761297528
3868496522
114798709
2919897712
214257105
4264049232
1295885031
2213071588
4175409195
145862522
2490846461
1890241638
514444718
4230503139
1599502436
3664448613
1379364335
4283476435
3057893093
3014051631
1530103399