2885779180
1340197943
1177204960
824072924
1786561449
2311605153
3581593113
2750821529
1672084363
3410603825
2692578317
1624895721
729388927
3811037016
2381523430
893402573
3108477491
1665711683
397602229
1873828763
1764148295
411753146
643650300
3517171276
3255271305
3562058294
2552216899
1394364775
4150354580
2782827143
809478655
119420924
858424325
2460616737
4104889720
2175224798
568304033
234331645
3382780200
171572549
2217726615
793840178
1166531094
2117954320
3567088697
2051214834
3011480905
221981626
2491628629
1635242029
2171501183
2778041768
735062065
459076093
4040164137
2657366684
349512173
1584148405
18830799
1531627376
7766720
3291372211
2831801282
1088581892
722767110
4073146813
4117657026
3380879950
1441260696
