2051350666
2861547452
3832708689
998304335
3639455647
4161251050
530775644
151986990
3165305641
3947980488
2174502136
1635937229
676290427
2634372284
2313849307
2042891091
689715360
2707548993
1701499632
292196009
1099080756
877486386
522583791
2779459597
1699650738
1113975407
1174959002
3642648489
1059168848
4185349988
1699655974
785887975
1958453438
4275476117
3715922002
2117614694
2883045525
803659263
1966518067
966362150
1943160356
1209600160
962269893
4187979039
286059593
749438048
1579799606
4113030166
1446526019
1198111504
2821505518
3290765660
1799035839
2761964425
1018422481
2163118108
2413102247
512366028
1514718227
46405695
2188164504
135879248
1261563908
4202632468
2951896984
242350458
1791555929
3404177259
2800380844
