1234866231
3090699481
3673193500
1311375674
815119795
2307343776
3700115211
2177904401
680566191
4053732161
600224023
2126115302
2024006832
3840752131
3057160131
165449972
4139522049
2706623264
2009179608
2229971727
192222639
942115382
3376226515
345854477
2745053904
1333978724
2036651659
2393069679
916096945
1751649790
1190593847
3654055286
3565307948
814627814
2492371034
1364320630
3234792382
1034103934
2715586850
668938709
242316133
3662554995
1852572164
1524898817
1969314705
1529927168
268279487
1969704003
4068662943
2792932423
1948345318
108721569
3399240355
4242492119
1980557800
2285631537
1369408516
3940178658
1770310013
4213586293
23903638
1142979402
3587877096
484146138
1798917372
1520532564
3578020370
2521013080
2785432343
4050030448
2699449261
2326547179
4279739589
1484351344
174784446
999680825
3354352235
549454256
725430925
2773920582
2942228035
3862709444
1140794005
3078526559
329769029
2005957764
1998852761
2143597340
4136205138
2268388783
3387702673
1452799650
231269440
467066830
3853955186
403276838
2663072817
1609327505
4266872133
3678099324
1441394171
2120986902
551363667
1444717584
3017330921
4237474994
1518660572
2417020499
3045745632
3504768838
1284701724
198161951
2140003741
1217973683
3247215525
1553272598
4102124936
446803866
1272072673
1215822683
2563783040
1492149824
3053904832
2174038958
3767747243
3345979257
1926492118
1270678624
1762578902
165451466
3111841042
4084870640
3411626989
3930116698
3258544492
628594295
4015075887
708839860
3038762655
4149936808
3519226704
1389534010
209902312
3103102346
4108452385
3838006729
2701888047
953401501
319041552
2465178434