1893624803
1289096276
1271373377
915571787
19451247
631950238
81639561
3552130701
3094486006
2479300663
470403503
2088480607
1592716500
520195146
887034245
263744693
318951117
3171772111
1473590484
2048395560
3418627017
1753330825
1676774393
737015067
3789186615
2494722215
4086290545
2364546054
3849006661
3909905447
4011646992
1115486479
1758764379
2297692124
2225139289
1948367599
3554329724
4100881031
38911859
519185648
49934520
1566758317
661505765
4026030972
359905948
1781474691
2761310708
1802262155
619281077
4280325983
3508939101
671151320
3089648049
1312593337
453882221
905663434
3946393923
948158412
3907735581
