2705521689
2731459989
3438541815
1658279829
2480161303
937816427
2263963121
1165926770
1768189131
2693616975
2306533955
3948957894
2569501713
2844948556
3344439191
1341989470
2297159072
3232901557
86935453
3027354031
1410651590
2514907935
2165857033
2558322026
2106118770
54060240
1793781588
1985033793
2019118536
1361401203
1720318266
1068360940
3575779330
2759418047
2071592697
3450271160
2504736320
3226046552
4026395419
105396521
3885289948
2612404520
3716830487
183718513
1169266416
2792580320
1785505358
3425605043
2814859560
2393807202
3631926341
3325796233
3838659325
1157905679
3097685560
1222558746
2314870564
1534919377
404437690
1151043284
3144030254
3788283766
1559258669
3748643373
3279335874
1952316273
4228615338
2745253689
682499563
1625769908
3763377200
2236576476
4231316743
90156239
2964030241
2488785696
2612432948
1000826954
3440627879
62081708
2935208219
679220340
1890872587
1518424008
1568529802
1771731153
1054044761
3816045800
4264520709
666911199
1431901378
2141701985
3265440465
2065072195
3489941032
1854957629
1170067057
3640370515
3250387755
1618997812
1518018516
558655633
1069180616
4135607858
847196196
2606835691
3437983654
143852277
1686076737
3530000515
3637245178
3390546803
242676480
3004743129
270088794
1871277326
10269315
2083131244
522441519
4144267496
3139096621
774605871
3029603099
109758165
543210641
475009450
1719235021
4186658638
457620820
1123340572
798115975
1274847666
232472193
3904671858
267853397
2986317998
3240123600
1040974693
3555526261
199988937
3595427856
19932257
2082271003
401349691
83411370
3423546181
1707238299
3470931596
1966418571
1134893798
2211007550
1595935572
3428351527
2650373563
770125693
3242855127
2813051022
2802776443
979326026
2140895908
274641185
792899657
692149010
3741556551
3512070117
2935437543
1888511366
2448488918
618014252
2018415678
1141128957
1410383503
2771910982
2642320515
3449573917