1058771004
3117684058
4159741645
2349028640
1959872007
3092359618
3562361821
3731470132
1147859031
3226691110
1891853123
330331164
3961696291
2784105905
3636981616
2688333171
1226153902
1647818333
3708138880
143222690
4155267194
4258734001
3304667124
1950363044
2057852617
1808817207
3792509448
2597369132
1605681897
4057988247
550814752
3833859277
4089909690
1204360696
4147871905
130333733
3163240683
2618118007
3212279819
300222987
2958715956
3635067485
907768932
2465165569
2363698173
1626068761
4023936781
2611230260
1482157952
1088070641
3805715836
4229816695
1937310548
3787971220
64800610
1342687266
305496446
2300049062
4292377313
3306912885
1740664952
502273320
3510766197
2072248213
2842189287
4007013778
3225430503
4229456517
2674984235
1482571412
3774510935
4280819861
