4109611131
779193424
3579843958
967108080
1763997297
1700519898
3965424019
2032472003
3089229394
1122098763
103319090
1892622970
2816202429
1803515674
1043281991
2109838629
1375170993
405785536
2999893860
3768025054
1306318598
2092073619
3089808741
759728637
1255594902
180158170
1031658608
998889306
3613878028
522533112
2026611132
830015013
708175174
628814952
2206970181
3177290186
2003909296
3478904974
2126794744
1866869373
1664087361
1171610149
4254552320
536247680
3905358503
2524711555
372810799
2068949995
1362183838
1800516139
1296148074
189353244
2464712527
2243490484
2116792903
554892941
1332384150
584890045
617490936
1914205564
1263452984
2317991947
1852965196
3714644372
249748567
2947092998
942328932
3313401755
2902885471
1798360237
2614494743
2306853843
2449760673
