1172271885
2235772984
2862611408
2555731131
808793230
2136175038
2212604629
905909229
698639586
3705641854
3746042349
2386400558
933749628
3020455365
481648588
2860304710
1780090531
284013772
1064238147
792008617
1901692867
467572445
2484260731
342271892
3727451229
3303766248
277962144
2680808210
4021800735
4224220114
1676530230
8945158
250948596
3100054884
1888039216
3516324861
3055876319
4290275003
1705809850
1902919557
3051790627
624621567
2221981031
486472547
1834224448
4244531471
4050517302
738700117
663310465
555362902
4248266284
3906560355
1306443284
1198150186
1543398172
1872400512
1856934424
1314681388
3130646415
4143293122
3748300315
1633061850
391980815
2597228710
333175150
596624373
3797435634
645138056
2813846841
2151722995
2309853588
3617748639
1572323186
3652866798
2059141398
2166539481
1915144639
1114419901
1327277066
1249245288
1444278538
3229972861
1190933478
616110186
71587499
3995175087
2235751395
1030455109
2351160184
1183677435
4042896912
2523399164
2314675593
3620357611
2326854041
3249806493
310727395
3966561868
1884646314
3917935977
3888886030
2742832941
4074626178
2558989082
1944197773
3347881841
1030316367
982845670
