3352326729
1290226315
2252879551
1176426140
3410849458
3557613506
2336140796
3542753845
3496523436
3430641298
2028114090
1924817839
1760325114
2467001622
426295838
3222531557
1305938226
131088518
924542205
3154994233
4024368957
118309128
1108402892
2772324420
2174412451
2375592795
3402801645
1721757098
1153681127
3470733396
1829449118
1900026203
611904422
3771311785
860582045
1886546120
81436823
4893978
920829586
16041215
4174816996
3996587251
1027398844
1623407879
1622765482
3318525373
4008585428
1572352267
1283845087
2017920049
4271538810
2461903472
365640692
2220653860
183053726
2590300683
2482294584
415125441
3670715461
550349463
1093930532
2391998833
1862515604
1197367847
1308149269
2573031879
2130878568
601356589
811070240
2014453576
202018116
1517240352
552779666
676241699
1571375601
988638672
3985819881
3636459434
3315940632
3472669194
38647329
1681741286
4148061852
2052099180
1997851115
2895936119
3460389061
376887775
2498312345
4260268232
3820264595
1013729775
1280564915
3398776404
2286595905
2103915343
1527905562
2260520394
2148464413
2166804406
464386161
1761137986
804720996
2454362944
971023839
1452956007
3012746082
1290566157
375650608
1015117110
3584439427
1961448461
707350693
3910610466
4154019045
955262184
1440676152
1505358917
4163951395
2798248410
