2218682423
3588537704
2319455461
3577081909
415065068
1839722119
561899449
3820808101
1973497647
4159692791
1341539693
1596377736
1356118639
2917197350
3275400342
277641354
1394208062
1386932048
3050575964
306238913
4002106539
393162298
1341990909
2898588747
2726735701
1170042094
348844714
2989982249
1163148575
2400143742
1922442401
2868367202
3184022418
3506987532
2761384205
2636301903
325893095
3594477976
2916879282
952313254
3276699338
1490173509
2968171502
2566531221
4017778472
412323960
2798096837
3181321887
2189758550
788643574
544059931
1737918221
845245637
623418778
1443486896
3106493307
2008852362
3044017683
1324541269
2108356747
2224581061
4062059702
3078880096
3997092139
933593857
1467228862
2435534894
4225770423
2974947234
2415622607
2472203877
3908210519
595810688
1618367191
1322091173
1911303171
3158750088
2147245692
1058157661
2085486110
4215407466
323265158
640326762
408909850
182088519
154834429
3337867502
3364433946
3988336065
909295988
4078998902
3072840013
2869543674
2780512110
4267774742
1391188856
1251081906
2374022392
83463135
3646321603
415205609
3159272954
4157825394
2108203789
98932613
2703599201
2260238925
2041463765
3333139830
2319253100
291521915
571388292
2543400361
1199749455
169114973
520285849
1967153289
4036513920
505410342
4053252161
52751990
323549558
2700916913
468432155
3249567944
3221835270
242174748
2528865606
3461915180
2968813283
200833520
3183354233
3427419194
1224587432
3429737014
158517851
2308705123
1795684923
3536395068
3893022488
207545136
2685382190
2426902959
1880129620
2516261872
156414962
4066436940
1895241276
209934564
2763854473
2484983054
2925079511
1285194171
3109579837
919145992
834582880
3307428201
2542361905
1360476071
2253695683
1779359493
2744701004
2914475077
4039541597
3835531756
3452963447
3856115517
159752875
3640944250
971894674
1110206994
1687376330
1459184890
3828102416
3383399177
3916683146
1351797464
1280498440
2876973599
205160620
1625160644
1585800713
954025504
1730293680
1786760962
3085173557
918100044
2539663650
619494097
3139997289
1811126568
864773383
4113526337
2394750870
3157355378
3755752695
1164787648
939349322
1460954236
1534406810
2158099966