901410024
2550924840
1349085452
1036094674
1907647278
3350957317
2213284263
3814311769
3006820574
2340537970
3209741346
4017613022
4252131907
3639954416
4287409901
1342171713
1183852676
2924706106
3559353379
3809896433
3139834233
3292028206
4215219707
1519501105
1534732472
4279612570
2356064061
1148904806
3896595015
3343351751
109204282
3320001380
2149179466
1847080010
3245869535
1971842304
92959948
994538879
3073242826
2559202134
4001239163
584170358
791730629
2925556041
2150386403
1116495134
496136108
3051024598
3585645150
2567839321
904448109
2728647258
1257895732
3181090531
2956756875
3280038592
2918349433
785183591
2448463812
2875583538
2263586339
1460897889
255681650
3336913380
3623359370
1289127197
1745192855
3390397827
2296164449
501520032
1174875901
1535008973
2762920807
1050063922
1576145901
1670035510
2480238327
3141101428
747755385
2131266235
2136040164
2166295344
3354733529
463909968
1776943740
915065489
2725547235
311865235
3877488794
3625164616
3097429623
1908418959
246952054
2831171998
644659553
1086609433
1668091906
584445123
1567756494
405632183
394987349
1158301973
1661760624
485026053
3221041244
970197541
661429915
4204758284
2110780028
3539868754
2896557249
2313596536
2647639760
3831076347
1079380726
64695857
1016151319
302356852
3908190351
3146619687
3313920212
3891703478
3817554386
1372360381
1734111716
1646215340
3428466395
2997674391
3447047985
818085610
1943844197
1489985145
1212429969
2700613249
2811116236
2856391147
309237497
2389284577
3684864184
1860104226
1356281947
2847009967
1196939469
1260031407
736291385
650923473
3834799100
3248703517
979577276
706468159
3253581369
2842141003
3413643511
162382868
4100464983
1305996293
3969305845
2995004676
2098706515
2917844452
2821262718
2883220175
3870242457
1072913158
1426596652
571084893
150555531
676483692
958732871
1070654403
2381502850
2947723130
14148006
3236286719
827582442
2337026897
4274440111
4185118875
1080812185
2496529013
260914448
4029873844
2566652299
4183202586
2822122347
3567639496
2955396487
2123327525
3592887186
2212865448
2622880073
1014122168
4180646883
1445274465
707239090
3379971037
3240463152
220786177
1984485883
1080393056
719246303
1932130288
3247611742
324260124
1501100194
3578554778
1910763202
1398277902
1487260354
332897438
144917968
2222531517
3168062867
3240282448
4277780311
3231328946
2912502509
1946739604
2650873908
704760681
2803636775
463558208
1582761708
1718373091
4184522890
1874308869
2396214348
1739244573
3489307734
1221568106
2365484748
245265519
792235797
2684811674
3746498255
3146845938
1693604082
1156584621
699109153
3609388664
4244567407
4108542536
2493132834
2231180709
449065504
2870752195
1875671256
3972228261
3689456761
380391962
3380057501
2664160717
3997468259
1845542741
394832471
2873316672
3789015926
603621695
1548455443
2136110396
4173598991
3903915593
2514278527
2654748653
1541224023
2316142684
2771030975
1960501522
404055905
4246849446
978448500
2422771447
534914743
3437929713
4020874386
3137240374
2684756649
2822505961
4125301870
678901930
1151819938
887468404
3998333892
3010828865
4206896894
128679426
817867314
3536342579
1686995970
1602759210
3553011092
4186110660
1280996502
3034868105
1264721327
32944548
1767395298
3788395065
2381051092
2906144560
2549879478
2356973996
68955432
3863861772
1573558652
1343666184
1794220292
2050068676
7417879
4270176170
1074565376
319437348
3823803276
2855989169
1639849528
1449626822
693143153
541601405
2506783958
138220871
3281647840
3789244109
1950671714
975597813
2973518155
4219287869
117516848
1842438057
1400541009
2544703917
3533519907
3330724178
1143597707
2900308227
3059656684