1117888261
2748894737
812500055
957775033
1695902972
348878790
4243077010
4252120887
804674501
167942608
4220903413
2628102095
3551571359
1860165605
1294548415
641773547
2207297062
300748289
1612383751
3261572742
4264995345
1878665682
3921546697
1137665064
2446692630
1244658742
814597143
332496219
1288945009
2894361146
421012786
4251217372
2734154640
3862453306
2171013729
1476437723
629933631
3856036774
630345525
2745083982
2882361093
3609683167
3607846043
3415470715
2412815580
1910242116
2956596410
1608313580
372541858
846180167
2174099849
1361075969
839419964
139321858
3731002672
3771072678
3326095031
1218058265
1536645143
2044577423
3197088528
67466545
1315135221
1346100947
2822281768
4198282419
3895320119
2892067214
2623995150
2981766934
3873022911
3461649104
877964878
3637260224
1966734013
3330835315
1745377643
1203933252
834212937
4005042372
2331102031
3940651349
3952606763
2251878175
84922678
3059799006
2048159025
3150224785
1217500457
923033714
2290732448
3711764024
3135898133
4190839559
4281852189
2369988607
2178547699
2788220070
3834710357
1087688997
77017443