3920788038
2239587409
1964665461
2228557820
3381682009
3615935362
1489878989
3765647443
984362702
785230671
3275482735
4006691017
2771466158
2768294523
3666891315
752797166
2231127835
2290078379
507672434
5752571
475664287
2713062869
2577687526
2959534217
2179244861
2885079145
3585137789
4150251926
2414436677
2712852630
3892325829
3156937455
3390672895
3217489355
332677391
1303698611
2632066468
27996231
2749735140
2060495197
640904954
4171581145
303388503
3937531488
2818221931
3956347308
2690947077
3252782931
679496973
1885826685
2877629324
1101103739
1304379586
3739186900
438146948
2492659308
674754887
3655386519
822874719
1089171926
1044364958
2624215300
762225228
1625406925
1757692570
198639577
1214189426
3651290969
2530317942
547474335
1960668374
731257866
3369177558
4256954319
223944378
3569623553
1751027434
3419381712
2084748665
734157695
880573844
1534716361
1425635505
623477893
723902361
2320659082
561960884
3144742566
1649099124
2426978405
4266370987
3420198907
213479345
1974727942