1158818687
3469904856
3108018063
2753685011
935302065
1302814968
1915215170
2500478310
2231205536
755217306
3682615511
312581792
3290787792
3310661641
2239512707
861753364
2405828209
4087857534
1310067495
2660843075
719914793
1949849498
455277776
1009706236
1831622459
3698089585
3525243958
3139342752
3775674266
2622181296
3095133228
1721484797
2872621279
52812670
314786014
1831261865
3255425165
1740612159
1242090340
2091201561
1878554433
3833139715
988117254
1978835712
2800860872
1281036984
248395745
353256826
1523838063
2951947142
1569197720
879385267
3753442948
2067134776
2456171422
3805890819
2793032067
3131931746
621531255
153127056
328956068
621312327
1807877733
2673225020
631401417
232618422
2838613837
807881502
3810347195
215383816
3244429668
1116587860
357409815
3060444316
3841527502
2178871789
1920555743
2835016664
721543357
3920506353
11217876
3412693106
2581739139
3167772346
28510417
690631431
472999711
2968213007
2388811178
2689579040
3857578826
2051804794
1831593361
3216011794
2947617224
3251305705
2343536543
2460826877
2971488575
797228037
773521898
511953550
4217634443
3082444352
4207478014
468159973
4207628664
2422586239
1251120731
3575992380
3095225241
2738741233
3049551823
663602733
1400362523
3955440988
1766435537
65580795
4221983247
3450394071
1153181901
289708766
926459043
3761702399
3321430404
4194004340
4121716654
856945588
2735516844
328678287
1574906686
4234797612
3348093888
645211626
3365457367
2405929800
545138242
3093474503
762869227
2612981449
3499836695
2204695307
1964785055
692103963
1123150698
2302163758
3380040458
3190935342
1874165585
205947639
1470380933
2226770851
2770726807
766286910
1004187012