2337197560
1676645855
887597909
1669669382
1211514844
594180370
1482935587
1077116284
522835142
576858112
1884345108
1228129719
2939795814
1773676433
2261904635
2504426848
1251723896
53724819
695856344
1803872391
394042847
3258316987
424158831
893846716
1510003105
3641414800
3382327454
1905498443
2110181257
3191434928
4108920958
2604212531
272840908
3247762067
964756412
39415534
392357969
3980908551
3860909625
375477668
3046524673
1324232681
2475007478
3704296525
2784183480
3776653624
2355422814
2426476479
3994557612
3957626739
34391541
51144363
66697210
1477153521
2994508180
2787595648
2418799679
992160483
4002161099
3073968392
1464757296
3685302870
2788940673
4082601642
2219824244
4198850916
1415645826
191924653
3299133539
2265519597
1887952544
1928530520
274144815
1752028027
2215194785
1747561740
1010552727
995867842
3293741914
1238569364
2082425758
745293833
4144035798
4230057530
1506441663
1300038883
2924235186
453018680
585345201
1833186945
756025085
2483399933
3132476624
1246133976
1787880475
4093463598
1779771505
3066124230
3988950388
1389403250
2232234865
1143580172
2884460178
2079308552
589773981
2089059631
2068287439
3085614321
1632066824
3144821997
4053408120
2061423440
1120154000
2645769123
3884766990
1836327239
1573205914
4002007945
2430678651
3954511024
4154360992
3803020280
877992331
3806449504
1748106802
2389952959
1670295095
4077962107
2464933829
420901323
1443765390
3907696979
2714736706
102559896
2747127120
125513045
3928758857
1013786447
1773158148
1555703986
815285253
1742728320
3651539696
1021631626
2400540629
2979722077
2715448647
1539098856
4240798055
1018880850
3243164296
3485598083
1051360234
1923158948
927895839
3850838442
1402970839