941248141
732616616
1429469059
1046362657
1308614827
629217521
1408187817
528866509
1998162184
1081558514
1045090776
3592201752
1025750183
3361383584
2136551468
2047959639
3285882945
1149038374
3369830865
3653468609
3942985767
3195268730
2623213242
2522790039
1475765665
3551778696
2299361404
369171885
2694120506
3736295064
908927683
2952263185
34466021
235506048
657368845
3288026695
701342739
2835451429
2461911629
557902104
973455271
1033756706
108380897
1681973985
2113751253
727254521
213108844
2842379791
2765790001
841353092
3424227184
2956644248
3934229245
3897408716
3442074610
1786857921
959867517
1920416880
3405878301
2808733460
1112423112
566345685
