3602650683
1844085340
974444653
953649351
3622656800
1855371385
178576255
3729619115
1633526578
894635986
1892639083
527816262
1133983586
3977995189
2828883905
2119107567
3259470814
1716237429
1693935067
672255523
1367195531
1721674974
2236606414
3730132007
398385632
1547895750
1545469343
2559176807
1719156675
3485001710
2572078154
2296891111
3284953708
547540661
2320554410
3224791279
1232500782
443325199
963277046
4203143928
622091593
425559108
792452507
1621116830
2496445744
1356655829
1327998087
1004928280
1734623115
333048890
3928931019
1989106561
3587762616
988346315
366554651
630039221
1826822144
2874996195
4004661531
3431296716
1459626629
2976344518
1858018331
1064860526
2632363574
23877729
562936280
3138383919
3026930499
1145535497
3753155198
928498995
2526069003
1018290356
2960268329
3999860747
845677687
1046473830
4014560054
2668120721
839714194
4200780790
2468591853
4252643446
1035254085
528868511
300938773
219279384
1292619383
1387231976
2742724731
3723758072
423906229
3244273251
335569666
3658152411
1218033726
1967746596
510659624
2400700492
2039367365
2937919201
1070128526
1231101954
3008274954
3908921231
2971751281
1013988626
4206053136
4156625006
2484382027
2483471232
2314335770
1291909628
1815912986
2406786401
3304563676
37015102
2969854659
772228001
1767175960
406146255
2675703418
2011975039
2646038291
2238429064
1125154
807013453
3420932151
3097832076
2816566864
2224994164
2047685109
419059449
3872432447
3419287556
3251292869
3938611088
505718512
776432867
636111024
2774062758
1716755406
3670760722
340863366
3065589728
3430126535
3179293002
1636471425
4080780100
3172805902
923872739
3328800491
4255381648
2972256875
1835743330
2504155462
2927535464
597188947
458215415
4035577928
2701409374
1899444199
3069246100
1190213859
2833333248
676655226
3684095521
3212460885
4119410355
3035458323
3506050833
3158563589
1120285328
3796357398
1486081132
3666571236
4095800521
4174408755
2717862792
1989279643
3800302663
2343982519
4100369588
3560590491
738867949
1843959849
3434295309
1795290834
1314448770
1359126317
1328127299
1902897510
1726994482
1081264242
373020153
573105910
3629642056
4233021991
4084418323
2842685422
117457107
3527663593
3991713223
1345101399
3595611740
2276694050
1489542429
3774864138
3591458114
2855390959
3972702243
1580471380
56438016
2416238750