707448808
2450300059
634377157
3826605305
3747883071
2541352653
2322060885
3369945861
3450373826
644904284
3393807341
3812133317
416530239
1083638505
1966681637
2415725332
846574980
3092003295
1585818030
4002585813
2644160571
1809074796
395846230
397287728
940619594
3858873093
2289011561
2972222216
207972213
3106445030
1127882910
296169894
1666673495
1946855758
3678281015
2670402871
200293476
2474931832
964117777
3639697169
2792854230
1753429088
1187189404
1112324505
934540548
3074626849
390941893
3631296584
1006723454
2236713115
3513290557
4055683112
3944164487
1888422255
547696893
1715515038
292438270
3118574233
4132411591
3852845778
954468558
3680780406
2458220583
3183571656
