1081365049
3606626831
4135303555
4065716873
3837255977
574834377
1948033549
459365630
950511381
3961823962
3166828454
1132375867
2176294060
2180271962
2540333420
763290216
606101366
2200783365
3201655621
3826584710
1151419731
3598591840
2684487288
2561191990
2157853982
3449207372
3850206131
2565174758
3050902782
3504642353
2326193389
3076402225
2417059675
5572444
644300455
1035844129
643678254
2347001505
2445288393
2933699335
2670772855
2461502872
3294886575
2580765983
1532197558
1385245457
2542162966
2301687743
1455418962
1910182868
2042224512
101672057
2176755089
2575425284
1524217415
1832030677
1421747606
1331278312
2333836364
1193213157
4045880023
2479011932
1204609922
26251478
3344898744
1612024199
