3588652337
2271354447
3274102347
3710911292
1102996030
3595137637
2713072646
3648178002
1629868464
4119826992
2481930109
1627018177
2263216606
1060721032
3986226010
3613836955
1190111161
1193869949
3179071992
4209885890
3818508505
3009602083
1201062412
3705868060
1900823911
1820870382
3233990479
1562376289
3693057755
3648277955
3641568095
3869437761
3966374167
2970991451
1254480723
4086775867
2929248657
757168842
4048251512
2376588932
1339941131
1600998784
1810610157
445411456
3051579179
2965006272
3892214375
4156217037
824984418
175517266
944708379
1276923370
975405190
3899204368
2989556142
2756187779
3473518903
1451642445
2825958776
1719933382
1491514027
833234149
3436706809
1788538084
530963737
3082049515
3495394554
652750650
810523607
4268467785
3379335609
3942663795
2100580168
3153615915
634616761
2939996142
3925423842
4275604965
3569841019
4065962797
3823230162
3179660808
2073510209
3858827580
410391369
1803191640
939935597
817299807
4287486291
381258437
1838705521
758337697
683132692
641097948
1804437480
1693558199
649264992
2961639496
1106485431
3676658084
4068950286
4129357189
1934414396
4080301359
633926639
1583014528
4031640830
3224558203
2139731776
3478508709
282354606
1343995684
2224714928
1572307785
1443935492
2741817157
2909975343
4235439866
101850507
1955432383
311673039
1232904619
17731692
34670896
216752700
1277079291
3375153464
762102821
997021297
2773009569
1698669735
1435938647
2249947838
853798568
1418264383
605301310
154195790
1607382888
656440268
1550658966
3530041735
1820363006
3766326270
3884308090
2317992622
199915033
3551259491
334914845
529849262
1543175617
865706527
820060003
133814975
2058006347
2186760666
3552024633
1353808347
3576113061
1055125224
1630257410
2635212218
1225209407
2185744411
907287870
271747610
4005513889
1031446160
3639819268
1670025987
1163408495
181114863
999587731
2821279640
2082057311
3243592972
3823317573
3512510625
1390490240
1652018913
1985805601
1875988200
2356014930
3413786579
1055794272
340840912
596203378
710210222
437367128
883755564
133428687