1701582095
2385855093
1162540403
3384516091
502197057
1699989131
3915961089
2117108838
797682649
974340697
2994682392
2768883349
1227826813
4057409111
673132296
3404511352
1146729606
2910380529
3784528221
2192819985
2659161717
3902105973
1184665857
660615345
3143883213
3959477758
3642685976
1496838641
917362695
1562895532
2022966549
1765046986
2894716680
1847543440
378419237
316921076
1918442571
1984686239
215999461
1304618506
2263044726
1619385787
3588169040
3732859257
3043562374
2886069760
2251735340
3038892488
983895178
2180917425
2922528746
2231703553
32685840
1221928499
1832357801
3280792362
3530146728
1053227793
849319170
938888544
1199518727
1701128844
381859133
3985053442
2066521583
912291627
2287856035
3213297479
2736718657
1685712904
1648815334
1068748596
1790969511
