3743201110
3622773379
1197799717
759587371
3158718665
1871303468
1323716810
1429574810
65144186
501597973
1994226223
111730441
2289730757
1249086310
518270997
871247630
3880147924
3137920805
468306140
3785599006
510758654
3695622683
1689542244
2391622804
3134891904
2721594940
3777453580
2982684753
3202033937
555426297
1735808917
2854285968
3866366599
415890674
4069801394
3986012986
1522806925
4149229190
3030959854
2753700646
4182949197
1348890766
2186928756
1728083018
423879622
1094620391
3957316235
1682307374
2108440107
3573665862
4065136896
42620254
355621694
4208429418
1239946365
3948177518
4235618653
387088931
346893714
2822221758
3130530777
2258029954
2517813586
3754843746
4047586822
1229215187
995009235
4213998451
3061878765
3489911880
3499433428
2132389016
2595736288
315437316
1747513535
1454499327
1602949188
961590698
2996293144
7271919
4231508700
1678411238
3852585422
332327970
2170055255
1898368136
3909340681
2183782507
1944859903
1818306352
1008284375
2125345227
3080231422
2741954672
647674578
1392580818
2134709751
2934575773
3320121072
68303184
3897543465
1725230357
1939722506
3374439817
369864047
2324915325
841091752
3967772674
1196108708
592862040
3312710070
3644706842
1530527771
