3176141684
3024153754
1159696739
2660635889
2540224988
3455661198
1329562876
1295099524
1702280243
1048533750
2889842846
2628469624
373756733
1653577691
621748745
3734026502
1042720984
2067839161
3073171340
1028039129
2692532285
1658145323
373197720
1475221370
165505455
577183692
3505055507
688082775
1689573728
3194737921
804033883
2489339911
3928081621
2556931655
1647323
2542233047
2797755661
2092446507
3824208878
2690648034
784260849
1947859632
1643576323
1551512263
540227464
754537053
1921487820
3091089542
3827742562
840603283
3593233200
621904006
1946898213
1849540427
1926841333
2005896203
2851066770
1122495089
3083381029
1982528891
3839124004
3462593999
294742278
1395511792
3364193082
2819346895
1530754170
900309074
3532416679
4193841590
3066850582
3420592532
3372597236
3203183553
3473978876
1065513773
356692960
3967303570
1690497192
1911136284
2018683561
2094977100
659889038
762032407
2762570372
1226393973
2726897131
1808696735
2279302110
3846195976
3102981525
1831034698
367220290
1459487016
2755991731
344720080
1508186276
1091468314
3572436698
1078602103
665851583
3068058603
202991623
1669072283
