2707040624
2974697509
2515961346
1248653601
4201683533
969888249
1447070917
227337065
3121910506
2128207680
56644770
1360664737
1612765325
1363030062
2683549909
474149639
1231762592
3920403747
3397319193
1349213565
286189819
2177247602
1911241213
3304290934
3644655514
1600366461
3952808400
1497609138
2175713240
4088001887
2430137906
105989405
3855587527
423288438
1952666008
1431506088
2457199237
1451600526
2418405394
1107259677
141490960
2400345046
1489393909
271996700
479876115
3586008205
3821275127
3292707456
4131242137
818280420
1492656329
2106691078
113665917
4258250641
3836718510
2729491350
4201974638
416407695
4109469386
2891631281
1088965052
