553854174
762746553
3888566988
342258165
3150897220
1150319961
499828896
2381198801
1718818079
580839703
56564547
1772389799
374554112
1823142822
240110341
2448158852
4066422956
385049808
3222465850
1864729585
2444067683
960393717
1960166930
1288287455
1627736466
3092828561
3070107649
3036190700
2840996308
3615065137
2420813894
3332977259
2026868950
2390863846
2338730820
1706697465
1258889278
1295567837
1446110711
3173482460
2270549997
4047355368
374687325
735886179
790885329
4017979504
3573902033
30147248
28843360
554899323
1319059811
1354284330
2977062466
3664491808
2328121967
3599829837
4152539549
2320200510
3976298887
1380511538
2970990344
1052428487
155976979
2913469824
2463856009
3121914974
796800046
1345529863
1359840966
535594647
793824705
2548340598
3412216144
4182373152
3003368693
3982862619
188300292
1067770924
3096552407
1466854361
2943401553
1017882642
2856242681
2752209692
204336867
310421446
1646542263
3869105061
1974232972
2563247606
1333762191
4168298817
952940970
4059815969
1667222589
3106004837
3092092236
1723617632
2496840419
120518796
2656597198
1560878399
2536712422
2048940314
2902582368
3887887770
1694445412
1168903077
6290032
238144109
2578931561
2259228644
3357873329
2076605090
1871221564
1941822462
1830386237
3434446132
952306936
3178999831
2044801402
3423577123
1552798083
821597290
3396060554
3327290301
84719532
3516694464
602740376
3994664127
1625433541
523276372
1037273055
3815164755
2925345172
3776789541
1731981620
2361605369
3364864946
3231775236
4034090951
3128241899
3088750278
856909788
2221708104
3876960484
4208631683
140988683
2541141525
1910848634
3823830281
3509439905
4115790164
4057532370
3207643414
2918689044
36535182
1146264497
2062046235
800100778
592208479
875884064
3641481534
1994617320
2214873691
4176382780
1599478453
784082643
938688922
2296587525
210983929
3085209252
3320542399
1151945719
2877111806
137750119
43989331
1396636764
2102382301
2659183291
1049629824
3268440771
869982130
572909797
2723494872
3497790443
1594107425
3555989372
2727862254
1271076531
414106965
2319952618
4234397552
1512592734
4072379739
202252254
249535617
3847055406
3383186038
1439857520
2863650153
2903700803
1868228208
3376205010
2270358502
3611423646
2428503461
2901241917
4080763615
4177317608
3420203671
97627927
3742942726
2074332652
1414798210
755312788
1827831762
3204646866
2523779046
2036215467
2189150624
3146119985
2022383157
2802681603
26369227
3173166586
2003096477
2046154435
683473913
3771062852
3156988744
2919160944
1559063354
1130671976
2032845574
4170027918
3797907519
3034012930
672894225
2278114850
2467618167
3944131548
2723969760
4251243511
4074890563
990107091
3145621441
2302118275
2257632464
1860831568
2062264312
175495286
3684545271
3595122521
2502599734
664387391
422676327
3314594138
276129341
4215729178
1007097742
358333967
175664471
257716216
813953773
224463860
4045060782
583731735
1320823279
3538967219
1304122277
1636767986
1157032841
1573020434
471814664
2601967296
1662900800
3692948446
3799147264
3478560547
2599888505
3637581592
528433497
3462009499
448099845
1073640736
4277656619
3592095277
1002471933
3511541004
32130025
3097230200
3207378171
503600695
1310515720
2908679394
3057879332
3602295315
1509771465
2030242584
2803409843
1817176485
651868094
350729080
1992805358
2422068490
3610775995
726373821
3600764508
4021516054
597787340
3265226693
583817498
3312917130
988658883
51003278
1701695471
2518227069
2341930667
1580374742
145966671
1276107386
2805283173
3541199051
1435994926
3024172284
971271069
2574744615
2828140970
1358320467
2251345131
506642076
1349682193
4146596518
218591086
1478072075
252763299
4257344895
1184245212
873391441
3493870558
167430915
1632596349
1641974565
420140406
2533849954
1025588221
3570335128
3588174284
2979323015
522418653
1441792603
1249191450
1801403480
3931849997
228983292
3047997973
1568248325
1623924056
2014337542
3674976409
99354929
4188816690
4032319171
2196754936
1558459988
340484767
1596515677
1270374988
4139051055
2177332248
16295381
1855711607
2833096853
601366059
2036372958
1852476328
1756719763
772426035
1067043245
2665342201
2097298967
2831518164
1326674304
2598509985
2849727033
1920432331
1501176303
3089143561
1415471804
1663226552
1271139224
3381301956
235507923