1715941811
25777958
3149193557
2555668323
2399261579
2448357210
1762778414
3150239304
2139512439
838365818
3878154900
1074636060
589297597
4062636901
2982465233
2024760979
429729515
4186050117
3545915176
3929238758
2986149513
686255843
1744161506
4184743647
1188847893
1112435767
2078482592
3708003965
970551841
1218074812
3865437658
554125358
2922733902
442989571
2519377811
794521438
1001497516
577818100
916065851
2729828914
3284013744
2935491854
3075717014
1014327985
467493914
1630620466
1435140790
3625469869
2201025742
769741736
3797440031
3718996474
2298005823
1692849884
2709230302
3900041288
2955332285
2037814510
3513877346
311253481
1737686372
2941374711
4184789933
3395319056
830682354
1221222279
