1791427099
44399919
400730274
2239599073
1738019474
2071070890
1860223129
279117341
3469853090
3322806244
3305106765
1243369670
3711296543
677179238
3346378594
2887661164
2604984359
391955406
3827125254
890568541
1283008512
1996605774
2339153150
3823946401
2826753342
54882107
715927801
3059973369
1436422424
1631910478
1535925308
3026122427
750188147
2429644419
3264003345
3570482425
1158364839
3999258382
2107119111
2678750417
4193983537
1182815657
2210711019
1025071541
2192424926
2129353605
3781534373
3804496874
1905664167
3565533748
2943312909
3302333106
3588965695
331670249
2943218320
2735310008
634990886
3213957415
2421625293
2990541962
3111541941
1820275808
4092726939
3462001567
1935469449
1059270539
191398781
3092563216
2237890046
493574787
3835932250
585522378
2235636522
4031108963
2357589644
785118288
419582354
972815282
1964833814
926380273
1438551613
3038166918
4245471812
939377978
132885006
1637210153
3732272201
2915167784
4021058806
523529727
61417978
1208432947
1303187611
1660378445
