4253834669
4054831811
3413727688
3746183812
3005942425
2035130936
564035509
1993248131
2915562637
1285306511
3097481823
547836670
2304145814
1036094388
1733262161
1107420683
695189655
1652578940
3323460878
3723011744
4021959841
889214717
4106553191
535748392
2205552008
3461624557
256758517
3028386613
482756372
3389797282
1393462353
1448269354
2990728083
4191353898
1686350191
4240944192
192323615
3960085467
797195809
2782027337
788649392
2713179984
3590273884
1155771413
739514027
3943940300
3806656623
1954740734
3690335787
1677649802
1035923387
2894489866
2240625878
2042629621
2950945947
3340229500
4123235057
1504722815
3593031399
2925623471
4182661735
1022900736
3420784052
4149982836
1653583360
3243421757
2179999175
2479419851
3085025507
2947554661
4048688021
1677939786
1878700563
3157562435
4230802455
576712870
3797275721
444504870
4252174168
2335911615
1195984921
1874947169
3325693287
905313452
4126491863
4099541815
643693582
515657141
636762070
3864509882
2851715224
3851256922
1261099724
443006496
1927567892
3165262007
4244785444
829798621
1510686602
30440179
2885990819
1892894829
2528205217
