363543787
52888930
112726482
3735468052
358762001
386442565
3881363089
3041065980
3975131056
201903605
4279172057
1982184650
319563354
3159400905
1832419145
1702888669
2350174629
2569158062
2119509795
1513628168
3144756191
2150658163
3193581035
3877461242
551120022
762118147
3756801433
1430290069
3543500485
3380315522
2446607147
222392226
4144893559
3621075381
714453753
3420989874
2935745761
4260767755
3361853504
374370739
354373554
3862386978
2750962789
1697313432
656722824
335141941
86996749
1813769167
2726550821
1080613810
3415866310
