1671905058
1393858571
731875217
230083274
4157744929
3291370803
4045662484
4230991326
2932795957
1904703470
3635811763
1199076325
2397404899
1685858508
3218477764
3339974311
2246122848
1957501601
3674777132
319147185
2073792980
1441782723
439759956
3126792605
729326709
4243422525
401073325
2020915660
2765384379
4039696307
2593009330
1866132990
548813094
2658746704
3609179130
939071106
960495723
248434451
4010218368
920295669
2850590489
2280957641
1076770554
920778957
927387519
1392134060
2897183766
101004958
1243929450
2069055541
84132427
2034712801
4167043146
2625030622
2119007919
1677643813
1066864193
2505531454
2008230962
1639985847
1354540819
1411138688
1749472761
1909943827
1737389890
1530908897
3367987971
3897556927
3581173066
2961208584
2475768675
1240147429
29620018
920887307
4220405661
1658037665
1560487797
2144090904
3861110246
460984612
1461017007
1429213116
1235294996
2451965448
2192731114
3749054401
1441547470
2484883162
446330545
3765836162
3361314593
3093145509
2968388021
2000335808
2074751348
3488546635
352024618
2995393846
1174681256
2551745339
1817243476
3601756055
3497193090
1060162184
2882630311
3381339007
2808168256
3912785896
1847646411
3447353176
2290560468
2762870915
2066510894
1962415248
751088677
1270958497
4275790370
2324508974
1068753820
2202662434
4108139524
2023132602
620264351
4269297104
2270804709
4035731218
2467001047
55709436
3695927369
1786292533
2342690580
2875125453
979241499
3030473189
760884690
1752781567
2162414730
383632297
1581559060
2777047857
3781061533
3839147609
2894913178
692504496
2474508406
2626173810
2121871931
386633142
3799983404
1761860695
3679505638
2036889821
4113931573
2864864371
2715014780
2482046548
2520762283
624154260
558382824
4057445161
555792701
2789314444
1208575994
3485071696
3895102025
2723008121
578463681
948371075
209918523
2568934190
2268768595
3163909890
3291383521
1871124202
792976868
3037446572