671854647
2845193802
1199994603
709569325
3943566917
849925156
996635590
2969888882
3966898990
251950643
690874208
2043151803
3022031161
3024356360
2275499978
376091637
2128199023
301023667
2292714943
587633750
210674189
3391388441
1864034754
1267059361
3209929010
2504210245
3413560553
573210349
801437640
214632861
841720987
2396836046
1101500290
2577870297
2036066881
1829713956
3728235429
2577003136
3423683959
776647862
591952692
3877768283
205147401
2292720907
1821250400
1718312308
3896350775
3514511445
430906311
205070710
3146709243
1391130158
2851929859
1790624006
44800847
66802222
3359681001
299526261
2151194483
3390178084
751203229
2661904976
1489560651
2994488109
1405697647
991079229
2578674879
2893696926
1390596947
2838304031
1556352867
248613214
3361168761
3280915926
2444128978
1647025467
748622099
1014755250
3094337038
317254327
4251458338
1994080008
1282204852
1711681921
1184276672
955797040
3207183028
1747172007
3915347461
98902722
1386952179
1203707768
3377978422
1359351141
2257208465
371712315
3313078563
2364534291
3819104659
1377352223
1982156212
823965184
1117755083
893027517
664826453
2512818583
1232260011
1239072136
3247776723
1169649878
3480610019
696992917
37761098
1821812794
1091253770
1332099622
1666769997
2225382408
4074094786
2240293309
2821527395
648904676
4283772759
2154467393
163524726
565150289
2460867901
4217033554
982835504
3876920386
71135295
3652444331
884342797
2988402169
2122972710
3461842593
3057475489
657331262
2897178314
4072944588
3844706577
2085254741
1588864382
1086318824
3973844161
2984388833
121473551
3626786891
2580024453
243320379
1084456123
416332140
2648932553
2320929294
1498466149
2835854677
3036738484
3635336163
3666888230
3567511537
2597186927
2542092598
570422900
3567982144
2586831535
692631564
1983722637
1731354621
2066975519
2889304549
3718820215
1053379822
1622118710
198685581
3006473061
468587664
198632498
3707211014
847059722
3080202116
3859028102
974634395
4213794492
3568862055
1275892120
3397345599
2325372964
3811225486
3075749010
337281531
1376191532