3642573981
1543754519
1831439530
3293958075
416629852
3529924948
4106537069
1050246299
2084903878
179161742
1007569155
3606051123
3020339594
1758071903
360754398
3142590132
183987675
3999971335
1383907401
3691041508
3326748489
762389077
1300682266
503226847
4044459447
202833321
2887760405
3363928565
2081115617
3425538290
2752105741
1613916958
2467778732
923072141
2633770052
2130374902
2414540972
3889611235
892932323
2780874275
2551451880
2377390251
1523665205
3859387140
1649355735
2637508311
3190465873
1484188888
4291631557
2804880660
315443437
2406557370
2637577773
1519747024
470980977
4269604967
3775342800
3441046454
3640681819
1475669000
3519874104
1506024630
806214643
253280366
3094141900
2080971260
1992938203
1133454751
2186252543
1463877610
3198312726
3728313673
2925868207
4168045436
299270614
2122682643
1635799617
818718674
1017393072
2573676219
2255577266
