623900241
2278625446
2974486837
4041479460
3675153363
924803553
716202131
3829747477
2489678671
1049595400
1306704124
2549217171
1844010111
2664141240
466512127
477934633
4261636025
580594371
3794747624
3514544658
4024508560
3937970473
1570981647
2103845539
2964343648
644784254
3060888870
2438195801
2201089269
718816147
1128855134
976672795
3534350558
383658893
2954059219
4222179135
2738940581
343165795
3360195186
1493161845
309655231
361123405
3375206340
1321059350
1331802184
2964020464
1104043386
2142571726
3274185069
1777920790
1968500327
3865001020
2239311556
1018263020
1343559082
3028328307
3290721202
320513782
1678280470
4109026389
2142281764
2695628655
1496997574
3094299327
45900225
961209259
1889502853
610110064
2475238782
1680589167
4139160755
4225551368
2668677362
310949624
2504020126
2267076074
1497656257
3226203845
2700433010
2207320755
3390829811
4167892989
385134690
1871326168
368129979
205826026
3939666006
744196433
1149195274
1493720477
58375235
2434442064
2181870226
1259374972
3426688670
107503762
2451120810
1735589687
3955507889
652998590
2095306307
2322049498
1774281218
870689948
3578306521
1244034824
591941809
2330603311
4127410798
2222215340
2296686818
3808465527
2154726140
2651047867
2672840811
3988994144
3328665817
2986879366
2024641037
3748409564
2956846479
3879311477
479576284
3531726485
3587652
3489088033
4245352837
3463284002
3629692791
1622362834
1371274439
1066253272
1655916921
3937649834
613653632
369774079
2478205671
4163439460
1836575104
2717541484
1780190102
2770218058
3163459682
951802990
2856613901
3030763633
1871248138
3992384765
1345556810
819441888
2909520013
3147057473
1062070692
569837820
1439927259
3771791947
1745693307
509078394
3781586311
3958179033
2133548614
3656984997
2467914051
1781508620
3764907398
3131185990
2664969929
3854546962
250465765
1074314784
507502193
3755106757
4209804492
4155451348
1995576052
3788653142
465220518
3132114834
2707689575
910197709
2332690795
2197114064
1842968245
1586109049
2206001627
2630352857
3685210406
1488075243
4124280661
3969260901
717408932
1549299692
225804229
3243513959
2463447929
2097895397
827322433
977057131
3517001852
2330879116
1735484700
3443129656
2613544471
1793628293
1751957196
3925397969
2820834107
2797579339
1811761217
1589087137
3543570806
16590143
2694853709
2741438380
2934393305
1458230233
3302567625
1382347367
1314792590
1104360482
2287416098
231305733
4086788574
657314234
828176102
2553623520
3038549141
2013141789
2898085459
2035302254
3747308378
4034982607
1298109638
1881036622
1286194106
332165187
1339930646
2043871627
1233134636
64889918
418061642
126451207
1300323093
2489589823
826260013
3100765524
2770161029