707097067
2685082843
909731293
1600605343
2843191494
1820544711
859856173
370989294
2913964066
3578573613
2216444348
602304829
3315986604
2876003583
1828306823
564546136
1272698027
3367607240
3142094909
2853417502
797733401
3497815400
1933359608
4029033362
2565471103
646620736
2727377247
4254511989
3834253384
3437117403
2366173449
3388580650
1724015860
3875311053
1848648896
1480738568
575385516
3151461426
2427029179
3097950696
8192468
1996635318
2807769258
3183512073
3166535692
3419401122
3898152452
3944873235
883286857
2501405000
2738022850
4026694516
4188611136
2934657052
232363210
206747521
4027937414
2735714788
4164555866
1172229848
2976534589
2636430232
2516184496
3873273023
2075285193
1325607226
2009974171
3159568368
270490367
3873619957
2194587505
2826555115
1085797195
1006474823
1577754474
2556990394
1362579410
2171291183
1397126057
2851472629
3664462837
916340086
2104515864
209104687
167556304
3595820185
2944378815
3845214037
2356498195
130238179
1520910710
1629294840
634016517
1967379729
3243227382
3782444311
1922690238
2481566645
3602432476
1323637614
465147021
3594757560
422661670
3264600437
420027564
494694589
938393580
1177405968
472277193
797386562
1445484846
1463806398
612915694
3084280666
3114700888
744712937
750611044
1557161607
4251327910
3304891782
3888968769
1397429122
4197868231
1085659927
3141709313
4285189159
1624596693
131717790
284875888
2132439326
581706483
2573871355
3023684931
612545149
1140631067
625155316
1494930007
920405964
1002611163
1503588706
432249989
1680371859
3000133624
1779485358
2254174987
1201694678
1143073266
284816384
1954064180
273569682
1672202912
3169478072
1651158156
1002754402
1941763394
3079591728
328543884
3140890469
3472644882
2734547078
3718940954
1850296983
3823868096
1343449157
1003106215
3475609092
1720071510
2025027718
3782750289
1259205899
2636687297
1018760972
197042450
2822397073
777482593
2715982200
4144563453
606518033
3023715206
2276866597
4138260986
1593255600
3680843586
1935974780
868134163
3908984598
2519986261
3016588479
3883650146
130462996
2741898209
4003646574
2294724945
3444583694
3398897247
4048950125
3429252590
2257449731
1957679625
105680016
611380222
1107966262
3321417739
3566846475
973887498
2634574361
432484634
118040929
628983981
133185791
2291568024
526450835
660155574
1771771260
1263201329
1746209061
4034858352
3484731793
2797452404
998813934
4053643460
2683340484
3893282079
589705274
1515801701
2608967244
683902420
3441773770
156404201
1693954071
893811085
502626797
810204994
1907685364
1440600179
911272729
1953707379
3058290543
16493062
3344795867
3062731793
3641710092
2527589886
25455943
1820439493
160254646
1244347491
1929819955
2417690283
1334283214
405733341
83997614
786206254
2298608419
3991297307
594359011
3338989071
3703477899
2065331877
3522454152
2132607639
39384098
2248797829
2480227682
1913257422
1925984113
1282209415
2730049233
3803721689
3230542261
2051534362
2571554833
248220858
3151219857
2245771277
4046813946
3918444702
1287080919
4033526984
3335515851
3546887360
2907820097
1189019237
2270473471
547843639
3326803136
39388351
3199470273
2136471651
2668710780
3803851542
3177159987
1323164445
2383965673
1459913171
2024704119
3515275059
4008003819
3615610221
387837049
3789392647
3263573578
3076154768
122850845
2274519061
2428342309
3355722180
1525158977
1834405720
73133549
2605705620
1634954604
1491647440
3971357183
100817169
3291017222
1511877927
1689469463
197973514
2998438062
1458298992
83263519
2984757866
2525573070
552118106
3723306044
2557430944
3999080841
195292041
1951344393
1542663941
332170418
3064380866
3072347417
1423721875
1640731018
7442483
1497137265
17446691
1537880536
941483930
1432210747
2124840372
986690265
3478978141
271442096
2064008557
3865372046
1446219833
755953628
1960453947
3446395161
4005050002
565919235
4210968011
3740779349
3525188145
2745308864
3685809733
761883559
1791099163
1077496089
1503833369
3832585439
1546149546
2208420573
1189510963
4255741135
604569177
1757326781
3124982761
846100174
1332900475
3257409869
3883829626
567159857
678151634
1670692679
1932551722
2074408335
1532049234
3785387933
3373949955
2670684519
2642972595
1948248601
3095935984
4190047277
2272608971
2281089263
676856950
107618587
2885382879
1074969349
719782384
2341782771
2009550128
1248514217
4195336720
4257960602
3105465005
2681477227
1393559421
2275091964
1378435880
464138231
3760767028
233233030
1898127721
1135215387
1513822655
2918137721
2852248032
345685254
2499712813
491301849
3971110649
3005364685
1210973596
4062131915
908806198
4048319742
593355469
3864339700
1603536211
2439205012
2110147776
769008745
980414819
2200601169
584911534
2002268325
888143297
2886616197
4252602337
4097096891
1096682317
757005151
2685531438
2383441416
1532653921
987406633
1488350090
1505174506
3134452848
2065319100
3621697139
179179542
2858221628
3202902053
3410618449
2921014202
1380033437
2943813611
4208043807
2785479041
3998376048
1674199720
2045110390
2950787393
2837441938
2050479265
3674515990
2346782169
900037914
1877892845
2012369154
3248938525
1307901021
1943797701
2279097891
899678916
2030746276
1990815104
10672095
3699165475
1718364316
1362195043
4092639921
2941150673
1655998882
2047360195
2498273478
1798222230
189476955
954536430
3336109191
3732829606
2063892340
1000616803
1400293245
1373893202
1302030113
434470044
2559967741
3122575613
1145089191
3537511624
188931967
1295069706
3951391709
376598721
1711758234
964083666
3385855197
827042642
2921691585
2838521450
2126633699
60843720
201804939
3571450111
357278321
4105153247
292513972
1892971823
275013044
1850281549
1981613456
3562977221
2783046437
1348686419
1639325512
2204082573
3960876066
2827007103
3202082999
3246442922
2952419995
1702218913
3045636476
2165459209
1884466441
2079113230
4197150643
2144366572
3603412410
3467470022
1660006310
314176185
1358275813
3706086454
3272612125
1220929234
4043144626
2485132154
3077205392
2735306809
1162704142
1150345285
2064443680
1096532980
1438174839
2472496317
718909116
2540782910
3985586791
2575796866
1648596841
3318255132
101369265
845897570
1310168561
3997801252
3805498376
750580081
1567848651
2198788590
993958023
2914352758
3070151076
2379862341
3250402879
441413931
3369906690
3881286556
3276987731
751367803
3092143377
3820702151
824466312
1961901953
3898503644
4175795783
552390849
2015880174
1849733156
2847005519
2899536487
2794888695
447057233
3548761324
76078438
2185714067
715323747
3042403937
3218644225
2886189123
3745175705
2938815029
143877626
2244371788
3073696774
830974698
990329909
3220100014
2229568318
1379503031
1083720975
1308113115
4047382797
2636120981
2202426128
259151731
538555488
147282481
35847237
486489257
4142013449
4016410166
3691274841
2126270067
3640117171
3550360115
3406904727
680498289
3320470331
1163683541
4088530998
205377227
3218881538
822927090
2556421267
343866304
2103170841
2857280294
3768092267
1530071305
3125862192
1083646505
4062847585
3261986515
1758538217
2679409427
2196462918
505597999
2643918848
2629100419
3280370993
2152556563
1749769666
1224203126
184277635
2333005291
2927515691
12484221
3341098069
2477309417
2462060325
2182786448
2654581646
3531160379
187108452
1683545959
3803594776
47859961
575353702
279327388
3861232300
2097554963
4018040216
682279527
551537307
3286857872
839632191
3815925821
1284368327
613082332
1938322236
4254173245
3557382803
52807085
3984006501
2562173942
263088656
3563182814
1211920683
1345359264
276908468
71275085
2390691228
4121341018
165418793
2942630077
1950222924
2016944787
2800923760
1763614037
3210293033
55117359
1413382899
2564169087
1900832763
1168538742
2505829316
1158534986
2475503365
3504507131
2285007084
2993777989
391771806