17233883
2919305941
3589363257
1299607164
743881402
3012713948
3033049435
434687297
3249819855
2906709652
604978902
386071722
2076611124
1597609652
2281140158
1944862265
3857455295
1183392203
1361994390
2879074211
1238474668
2559726851
3003006604
3560781049
2145589722
981324213
2260032619
661015803
3151051117
1074857544
883390508
769272139
3161210730
2911415005
3720594946
3526132502
2851741025
890829476
3551442146
2242303448
1501525502
2255456260
2571784873
1932138800
3559144622
2392861897
2050063151
2537535941
740606587
1773227458
1410703357
3086507285
3498534201
2367418619
1756106093
1266408234
546799580
2155765321
76855880
448304943
2857935794
4032494852
4288966923
2647277879
217948312
3558178845
642396802
2238399715
607729035
1555892036
3789147534
2301885378
1928154856
3119224461
3380193535
4178305634
1017798278
3576046989
3701828942
3521499522
4125620348
4241026959
3625729474
3915622179
870766756
3089095526
2693003670
1857779197
3118959839
4016606639
2340391300
1072391985
856497710
2438648297
388517754
368437565
3457996938
3375753268
1267876090
3788028070
2898927339
355773686
1366614416
2229438518
1903259578
2709616734
1029670295
4211243666
1883444153
3299941059
2581174388
2749636603
3542219278
455847199
797474944
977291809
978665201
2589617152
991355681
2315189684
997988961
1471473819
94039660
3104664837
3139016735
1419142519
120664856
2321236410
1575859356
1605623534
1056211625
2498818933
4234720630
994258884
974390342
1948106315
1164566282
2849077745
3684873116
3637406566
2255673589
4000245835
645524781
74084117
2765663248
2052833121
1442786240
4117745266
3510975111
2727745997
4095010325
727539104
3594753125
2535063238
4187887709
196842361
3169584530
362396456
2794277931
1798234887
3838460620
631225110
1567855819
3003551580
3812114967
1669060683
1691384762
3502335657
3726694271
676752656
914800427
3255622469
1622161750
3244446678
2294702692
3675072840
3238357502
3282315473
2544160077
507762148
3036563251
650612318
3168516781
940818234
2128792805
3275025354
280894592
3406856619
2283445491
2936864346
1977504542
2885329591
1467463914
3931654669
1540316256
827161783
3422589435