3415896478
3449435555
575011432
2723494915
282355849
2325262461
3611704768
1484180315
2614738358
4195234935
4279099615
701296999
3271365340
1169803617
335087645
3741168602
2412182555
3636240597
2027272369
1090042659
44026053
2461180313
695294670
844579338
3208787399
3839329519
2553456589
4131833410
1513086119
1667302571
2458111096
3562027748
47347817
1501124819
767735231
1529194014
3543380651
3091391155
2535337818
3217275462
2706136542
1238467787
1477590591
3068583038
2788351031
1719420872
810338935
2547569519
206879672
1181345577
3759487070
1208547575
2437328722
2435317526
2524156335
3865451795
61308154
1344309646
3467695232
1701848894
3428134574
849422146
1457013691
154059724
3634092285
3883344330
3515876383
4064163780
238460726
1758796123
4225738114
1959383673
650854019
1679966595
458181211
3911588102
1691405684
416273276
1670135271
905040961
960511841
1708525255
3625555489
1681518999
3458831312
108623131
2637880346
1231377903
4292098279
2919073509
3690262228
3723655774
1573195194
3087597875
1106267252
973424265
2253489874
1776748397
3944887675
3490915048
2897832085
3869045655
1475722833
2373811547
4218906802
2308957066
4021556097
3688794748
2225183851
1500835862
1281401645
3547552179
3701321291
367457706
3614334902
3303012750
1996732064
1700650456
4005314499
3648248789
785172216
3879783574
1788451133
3272472436
3372424173
3331871676
2239338033