4274304443
2403010458
2502596065
2341182283
1565943260
486238422
595488282
76747960
607324480
2471266332
71129910
1272991964
147950235
1348782255
3310423569
647371086
1148772712
1017563007
3479190773
590388136
301132584
3441086462
987631563
3329478851
1627607191
3773611219
3729727294
2219537523
578005891
3334708349
4100043265
1520561693
1360914130
2799194217
2890171028
2176213946
407225571
3790637965
1974388337
1477388379
2406984862
3125006073
3766745778
1805679069
4020843258
4085020392
3959419531
2786854040
2945836516
2227162053
3214062099
4193402574
643292687
