3117148689
3971064948
219211640
1441079447
1569020834
1437566988
3174592014
614509112
131048013
3783149130
3612161517
1890626970
1590008569
3475532448
1853897749
2898591705
4007770410
3244201887
3019172483
1310714709
2288488139
4163721893
1291816714
4107207369
1390145608
2772620967
172920483
1134576329
1388039588
2222171664
1066810269
3233991485
959629946
4057625437
437902049
4264643877
1811307636
3140255000
2742436161
923830071
1754173428
2404547032
1313818634
747997744
666605590
577889321
2951282424
583221583
2459735089
2773730470
2278243062
1047162626
353488059
2467004019
2530113314
97176349
3801221195
2598900509
454723711
1204216893
1256242259
3431452954
169323165
1918458460
585205631
1805447447
2677776765
2055771085
2430596512
954653777
786337367
3637371825
3574901771
1320274880
2092115546
677378675
3498033382
967524271
