661890455
116465958
4284024552
849340147
3612705572
4159845915
943745724
1250688799
2338291737
727283259
3230518583
289088810
1313308260
44309596
79231288
3544279094
3771053483
1907962082
968173030
4078904623
3090553849
1202825277
992090182
1533386110
3114695618
183584521
1685110104
2791575540
1467572845
2360173834
2145744041
1219836506
3875744380
3647448974
365437820
2423646016
2643152566
1616566592
1618341147
4180308635
332337638
1000377087
1195495242
2758167344
1011122154
1676616279
2476060478
3714995197
1584280363
985599140
2731655321
1465897679
1357291105
4195206880
2874445845
2644903048
2221719260
1533120656
3640929851
1375296056
3719296398
3799166452
1881032841
585106679
925480551
3239936871
1499829886
2216749302
2492638177
764931033
862110484
4000388023
2507475785
3769022083
1123279008
2311010636
4009083217
1007961680
1693403174
2755235383
4225823487
3822640679
975499651
3476232888
493650998
1404589574
2372685788
585302215
2591034103
2185321484
2741723861
3453591021
3772162362
1769530634
54922147
1774151736
2126244274
2872696282
1605858906
