1246684502
3075593210
3595683794
214636587
638866317
2015819482
2190528486
4245766786
3108884807
1807776804
2174367348
2836498513
2258076560
3861835710
3187358548
3050900834
1917643748
507077461
155640772
4105875346
3422411445
1788733493
1005217676
2946907664
2008570837
3036863715
3354832423
317447924
2328226132
847146669
1258357153
3953706660
4228802005
1675856445
2347259619
2675801027
3562163233
859223265
1026288004
3730377254
2900353373
576003692
697192575
1869897708
3000804061
1920215052
584085075
3158900911
2705101417
22006721
2464390376
2732784892
745348330
2093359866
3498470758
1027885338
578680062
2869262441
2052353309
2672446223
2867292748
3774104366
3045549783
851885813
3155669508
749352517
2056647974
706124127
1109943328
3544582839
4191308555
297538330
2834872459
798322609
171826041
1156659351
3611179141
2871820264
447573317
412073667
3036113618
1002598632
2733783497
3023831277
402196091
2896453145
943260698
42135764
2620937548
3093997706
3608197768
1370367874
1551105829
4168110091
1809058871
289266554
3288462512
1932962721
638278796
1075979544
819017736
4203910806
