1000847243
3344438446
1725294295
4114263760
2657182882
1425964677
2300130785
3765159322
1118315384
70628746
3674212248
721166071
3534012915
3220514144
273588161
3129910986
1903887515
1695948489
1651606660
1120915253
2548251670
1508131118
2625659206
2169397730
718673658
3291668887
2345203587
3499982752
3003860848
1358078362
141738487
635124555
4057040260
869569463
3560604027
1136691801
370954031
3914592709
2789678300
2509691483
2336301088
2942083814
2375005941
2777923786
1498418039
1593234287
3342882018
1847233450
700485041
722428281
2051354801
4282369155
3725758192
2999501016
3109237559
1631733968
1611602305
1288724430
177185164
1190104045
2343385583
2082295961
851215801
534382513
841883659
3108719742
4226698977
855125144
2250511107
2260322751
1492995014
3752788805
661223665
2858513381
4041687120
2666193240
430854803
3659504353
2773904875
4034468453
2811087914
1019447517
1054968261
4148646983
2435158610
1775468030
662551303
2518113182
3460656238
1060671750
2842586385
1407798694
597656517
391331533
3391657077
2557640892
2435714333
394282342
820575655
4203833322
1850275058
2527819544
1972368523
2471994644
1701190446
562597125
2669228169
1658507567
3260301511
607000466
1337388896
2164683232
2762209417
1620144191
1446043640
1406854253
452438146
3204333342
3237380826
414195125
1318057879
2596199948
3928017605
3318807559
1261596275
2668595199
3876480807
3794045477
3776129999
3106829387
2811298548
625625614
5964363
1326386497
1592183551
1551377908
2363655967
2085095429
2499684980
2090957815
1492799204
1747238029
1023641223
3789443551
250852264
1756327945
294723480
1544733178
1236438098
2981245160
1304774149
3442517126
3487161494
1557122116
681543300
288933248
1840346354
4162056098
550736838
698227687
3362516341
3087257178
3889552909
2874339454
1690143338
436551527
2267364264
3901699957
955108215
2174822237
3407307874
1451791747
1367988232
3969471728
3518991540
1657984260
876214382
3820362634