71313412
2202046536
2804004664
2346201863
81516130
1684056385
444241506
110335033
1043195709
1900964228
3102108987
1204658965
2133622285
2683073705
2570701940
4013519512
837301705
2809210773
1049603439
1895238792
82161769
1021994869
3329180405
1235720719
2978062590
3919282132
2946552171
2609897351
1419821816
3704537102
3078811889
1783552242
4227518058
2346470689
183411899
2838020830
1261688505
1260318031
36065797
3702076083
752389527
2266665053
2624111991
2897845199
2207567208
1663304884
3204424269
2570441448
166030756
2670101576
1574291192
1507915229
2917004663
2329810785
1686934194
823758639
3174163151
2913396039
2001657914
1046951158
834414615
3794442368
1540309537
977684039
1555540881
243843511
2797918493
2775715617
2503105667
3033749338
793827460
2290079442
2744445525
756965302
4232245868
3894798491
3945030980
798519808
1468841241
3713284095
1976881626
935197133
1214171460
1205502426
2026914625
3607153823
