1359962083
2651611349
1945664432
1525876165
3019821363
304300269
895899548
3231527484
1884523746
4131557095
1071155446
3235637156
1444591544
377736744
493479497
1943609153
2404765013
891008594
4094847482
2004674302
534949866
135663636
1782746989
80439849
817187501
3042227016
2331272360
66487603
1070253575
1923412733
3225982581
2435364924
3346199872
2663687070
331114981
4166822202
1488268289
4128755293
1289202728
1561797590
2733416648
808386757
3407066263
1337366421
2376534210
1345432922
3220404114
472926214
2838905654
3723709981
3724793736
3455217120
3468068990
1306995630
3247121757
3039537644
801980780
280374868
931332142
1110117751
1925019945
1414129954
3501033454
2845345843
898174508
2376549100
2520616011
3829005949
1432012583
2697054212
2934222513
937463046
3174118637
2953822139
2361050135
4279129555
2186268784
60269667
1671681312
3456263471
2625603449
2510902961
2284811349
3255129
2263553750
3181933919
3565827657
2781847873
333348729
619703044
3288781363
2707195352
3577377657
1755002843
2767687552
4229715754
666992962
258707209
1089949957
1211216928
541015361
3484114544
733214254
521561942
4219790852
587280925
1041206460
3905773308
52230256
3476757452
2266248634
1309400735
3605588632
3733575734
2855675451
1849200445
2986237052
3137623566
58772546
2430152040
3406190704
4247533611
1733817957
3267344284
1216488268
3645347431
3119476698
1725665867
1753925014
882216214
773002163
598127522
1239736721
270108710
1306214553
1931295605
1515247398
1586802654
287294765
3913485508
2073521166
302432437
3008381008
2710005825
2962837019
4160297672
2155663896
2452324879
2225267145
3071090985
4282985173
900081151
1321236613
1125691512
4058701826
3507143404
978194232
1714171944
3264089372
20425822
3015930204
4020361598
19323712
3224169341
4054837488
3382178388
1946227801
1003342939
3794760136
1596294868
2720533200
2909437419
2389751191
3119129606
2502509591
2698894265
252179777
4201366493
3007700423
2602756014
1103155599
224127047
2516212058
2512426130
1954317092
1861614365
786495623
4027361360
2745345322
3511500531
2743157908
1527064605
3850888809
1475496842
333044207
2496592241
505104008
251525375
92857401
1451740620
2130081929
2761239519
1542554131
1087711523
1599189421
401473511
3089713010
1847741593
3749863498
1796107875
917486536
1863686068
121194894
3793849195
2993728996
2805504626
2949946297
2261985551
3771456833
974402713
1581078295
3696709803
3536124625
3860953535
2450922611
3751961063
2900159572
1697539498
1370976828
1746689096
1539629044
3196150526
1684383912
1511000441
2481527716
3089817286
704495265
1551987464
355347056
2411276818
3545047760
2338198601
3713839304
2378214668
2727819587
809351502
275947023
1057253629
246383149
1809738345
1386962129
1330438971
2498698995
3043580410
2018328001
2500834591
2339262536
824330615
2315426310
314134125
3004228331
3255925886
1563759006
611563985
437796458
719163571
542409026
2566133521
4194381724
1157967303
1554491778
2282551396
868342667
1532043185
1531673691
4174599771