2016598707
2385703050
3330533100
811731373
1606042292
1328897623
3120013190
4124649168
260727889
1792409327
3626940435
108379433
1212075426
1696687500
582626839
1611895200
2772825103
242220808
352643519
1851056982
2263566578
270416927
4155986283
2983828783
4230393124
2561859082
523600551
3399892828
1751688336
1295945670
500239364
3752387820
1176668606
492525880
4070694143
841422247
442368460
3795299397
679384844
1183131311
3658119175
4110733341
1444447994
843753762
1226698375
4170558447
2418484554
2189989873
3908670307
2987611509
2353802606
173153921
244587836
3418199898
488178615
229680285
73277655
4048491083
1862608072
2539300202
3772386429
3746298711
2397850455
3749529421
3505617736
3557368980
316264225
1148293300
2469718332
3229116468
2593769079
1641002143
2613075845
1327228003
4185394417
3569872203
3977004803
3807580851
1894085804
4185797488
988214717
1980459649
1068299088
3002956165
3578647605
4289359374
2832199898
637264759
474810178
831213940
2979995275
1951122218
2322015155
2098633149
636233139
2689471362
302932584
1377831800
1861554848
2420749357
1138136000
4279128148
114118996
2949770373
2210657097
3776009645
19138380
771639360
799075330
3769213113
1824543418
2110646513
3257444632
4036544080
3303583312
832592388
449873041
2660437502
4231878786
734639526
800791515
1410775627
2042009944
3838057369
4142771712
1890931512
161665160
2799028386
2590790374
3664504772
2758747373
4196236021
3233420965
3631393645
1361884609
3829502607
851120079
683223399
968907903
4035122709
1719821396
942247097
3363218658
3388125798
2772635477
19625753
416446154
3312553264
669965322
1335921485
2636870531
838080972
2560694085
2167222199
4100258336
2407888404