307773131
3331039123
2134921794
767286589
4105521421
3426788799
3789657530
1570518010
1705913495
680142668
1268805000
2303896981
3576965194
4036260953
1422589988
1398900676
1683225181
4160531267
2335930187
4025917806
3931159438
3388008121
3696609229
3613599713
4030988693
718310166
489398885
3699736981
3120422701
3433673698
2051592361
4070236336
11139019
2020399736
2414862943
3498005232
3027665107
957338428
4060648563
4222198449
894081417
2787676378
3510569395
606738829
1523117841
3629466057
52392003
575975758
1244326398
917766175
392370063
1454098084
608811781
3985903337
1539537270
3809994237
3745889688
3192123095
3681891797
3406865035
2334802501
953560695
3619501235
3916044536
979770615
1098409811
91046727
3159060891
2008372314
2729415209
3730798640
2051117751
3631565889
3466947040