4268745525
930275613
3885605460
3976365653
2719304590
1189176255
1252974721
2659654680
1595385408
1607448389
3896595980
2425944925
803271688
831696790
2611775634
3769640756
1912841666
1862675056
1155052648
599565170
3853189718
2705871021
2305425057
2763609809
626002739
2930799534
3626270447
2875940360
587010968
3602688143
913905966
1538937594
538444106
3298131576
56113349
1149806268
552388362
173739506
487182793
3082674272
2589863247
4016138872
793284774
3327261333
3923398018
612323406
3213701863
1195234507
3833703644
1425664338
2394470940
128146693
666690902
982757407
620748234
3121475465
3608254722
1045969129
1322495007
3808684873
2349733343
694594642
643586014
1991750432
2410187714
64071727
1621764597
