343080794
1659999734
3064074161
2079014329
3218698777
1162476547
2190900546
1472881530
2672086800
1285239383
1683974468
3425435556
172458693
775338404
2872213407
982926959
3707326276
1746068691
851435184
3477331075
337955703
858528105
3585157133
1427445709
2242476582
616506699
696468100
1937418479
100407619
2436615981
2922858886
1487109818
805721369
3498283981
2890933335
1830693647
927209507
3594090235
3068478833
3529012335
91825504
413775783
1944354007
4112602459
347469012
3936681023
3844734154
1327996601
1465325285
723819381
4134222889
2987723925
606699957
2773065899
2694294971
3014599880
3030768152
816587844
471798170
155932070
2994036123
1710550824
1550523697
4252935866
2735825482
3222469970
1983768011
4234829186
3564697005
1165833454
761858107
2030320209
2395306995
1770620635
3443027049
2722456563
1228966832
3192265216
688172790
474834641