2699692180
1990355002
2475727247
2679040101
991375336
949967892
3242529473
3468853353
3597651598
2428758568
1687351919
3588560777
3541330317
1938605481
1465624577
2014382822
1633305446
23879729
2502615081
3095937073
1636136575
4032358332
4204166263
3642680552
3364758170
211436757
2619325019
4051006634
3591889242
3704457912
1652693091
248198835
682344609
1737051090
437722526
1898426251
2149666673
674958832
1124680646
4035506713
4065582109
2536520558
2356117013
4162441335
4242469705
550865168
3570473889
928820229
1308125111
2698688112
3894456714
489653756
695981071
941160921
2152809721
1345554900
278286543
2329603476
4126518693
1779276830
945229055
1235077400
325615291
2035118837
1640956926
3006908954
1563766986
3464519111
2374344522
2754316272
3149857679
2965956358
2319070957
1992557279
2330368779
4096889996
4142698401
1005128521
3371831506