4264616910
3456849098
1664503010
2239874441
1515927523
1405705353
1347601643
3947351906
2324543496
2694628583
1970468443
3654556809
3044852956
3823087839
2839817935
1714079410
2733136020
2620321887
1828490445
1198046655
1552063364
432014488
396175066
1481286757
3062246235
3043229276
596583164
714462882
930651605
833768820
4137656367
3542113487
965684220
1896426018
3640230382
68901270
104779460
1251825763
552879858
2531738472
1791108878
3231036951
2869288054
1264383628
2020990662
2708353337
564175423
99786624
1502058349
1721088273
2237238236
1835499464
360823465
2665681671
853367654
140928041
1710824582
2166592133
3155756399
1293112761
2986090913
3189172325
557492034
2042155924
1261636159
4045619823
955869695
3400342307
1352982205
712986422
1679209328
3322221903
1239919427
1703952479
3059441052
3005906030
1112808672
1602655718
4023009018
1415153664
1187836332
495550471
2799017019
1951235418
2754085608
410780373
197822132
2811661261
2581967874
3776377526
2789753475
3898960167
903243864
179172352
1953462115
2159150787
1088950047
3018321639
