1849864931
760473643
730582547
2880858805
3320902801
1127106762
81668697
1274796582
407162841
1458565854
723092867
2162590454
4223680116
1287758006
89882330
1112671047
2322411830
3978289314
969954778
2746802923
182513719
2360370423
2058934313
3520916822
3972754632
2358389920
2294947494
3766170713
2338998074
3709263968
843503761
3855704285
3097681238
3703000410
1760914937
1882021640
2825449881
3822455912
1362877635
963250498
3876236057
363379021
206788990
2926514857
199098498
693477635
3464557375
1371299995
717284229
2598560556
494683026
4100092842
625473777
1683523416
1492261031
1549067596
440823553
41098634
469307465
3961316386
3981443563
2419020251
2397569138
3204710196
3874584740
3965480194
289173680
1993939551
3216396689
2400307613
3519506673
3140589208
2166463081
1592745703
3483889011
1001220234
243735021
1022255086
1915123163
2927363186
1049573413
1358308235
3507397118
410064811
4172513953
1228673136
1100689665
1809389278
1895168444
1267492777
506669200
3595053776
911894142
808001342
1462875894
2975592060
1372760392
681636733
631618455
2266354968
1988759226
2750850444
1209308116
794334122
3300176836
2928104023
2906523879
318436638
2489649064
1275072606
2591300011
2986499297
1208088620
1393591574
4288598807
1965352567
733269417
4099017890
922548301
124422303
3353073014
1667945668
3064957134
1488183597
326016852
3843983101
2606974075
2391997376
2161083573
1851367775
2109689893
3152905136
2662904636
2621895898
3362400713
2402206391
3413724987
1984495390
218569510
1794915842
1138280136
1480396936
1541648676
206184025
572276873
1169485342
483327649
3351821912