3938341893
3605198116
3880496511
3817204454
1759555691
3003807854
1764415856
3250200839
3226838925
2926143824
4131789311
2061438125
849968708
3183605894
488689501
2926803841
1140676225
2660937614
3856125162
2506395661
3513456845
3337107722
2196829171
3273315149
3504389680
2167284899
4237086478
293539030
3887209210
1359117871
2752361859
3388178865
1497095063
1006314836
3995599607
3532212307
1162019488
2917703899
1354035338
3542687552
3922476128
1045154159
350323649
4038973427
3034202315
3118659429
1703617095
3364527342
916930367
3911544833
3289753610
3977164554
1012171558
3798316070
3269950542
480041599
804815421
2627084379
69142387
3448982462
1537225843
3526034000
633507669
2256107947
3615093854
1708151000
2795849627
4288578867
1761383773
3749471849
2907759381
2373302405
4248477324
3715050418
2651420824
2631305305
635376638
4186412547
669330937
4036833651
3223340657
3841950765
3342666853
1974235045
1937540327
830904848
496319367
2161649494
422652692
162936158
70500237
3615858331
2401851073
297038713
3208830418
2887955768
2651020553
977001783
2782130434
2263619513
270792749
3628282622
814366783
902856719
2428448638
228353903
2687282359
3176554898
3378704364
2741533016
2841722572
2705748514
869240768
2124373322
2133881853
1464886594
1775967441
1678883329
2819460694
1317932865
3735628763
3266949043
1262282677
2441376154
677808452
3800271608
107291696
70030625
2945496275
1951291807
2186748168
1486621311
1929006554
3029405709
2155662836
271402668
608562188
3044363900
3987018113
1386035400
147138642
1224828147
3077140999
3129431039
3577115661
16910053
1864152999
237331990
3626554981
393016000
2673257683
1630056863
56153872
3871696809
1929460241
861116847
3255391185
1082870978
891086682
2741138623
3542299670
406699422
129638311
663337978
2703413495
2404724324
776993164
3069939319
1803821066
1157331200
4260286628
3271515554
1535069493
3617393445
529220600
2178495534
518949345
2300735483
151285203
900053889
2022339111
2165112038
3551507321
1114600505
223832177
602341195
1522050184
420043162
1706587130
2099049015
938742121
3475130602
1493549923
2000640788
660412865
2339550083
412926523
892209058
4040128070
4169479919
868690823
673487262
2734192554
3869507562
868017482