2806698188
4177930154
3472318684
809774531
2052812783
2601676323
2467104765
2355100154
2341640555
2641260401
1101050224
4058123423
2259545928
537844488
2591469402
2963696574
3064230244
2612683371
2152218197
1438165177
2843288151
1220975046
1412449983
870230146
2253022089
2968767459
45009599
1641191774
3033703821
4118891615
2351387749
2770510492
2256503549
829487063
3854170223
3815224063
940064727
3889404209
3958989112
2653199483
3909187038
1435765569
2404356030
1154302864
2837114455
2368183869
1163591714
101557900
4229126341
2643590128
1145552919
180920342
3934008998
