4048503374
871165221
1935948368
2208146702
1735866191
3731472404
3762507242
1071447232
1397455352
1236037860
723192732
2676178653
1549049422
2277501951
1956605724
4247769817
2534244943
1849418514
1979207195
399573657
2749508212
131460131
2632520783
2148367020
2629710846
1321405894
2887170446
2938488846
2356992
1793564842
105153374
3743473997
2793967419
134234699
136773899
3243513597
3326140234
1171678765
2046146959
1434575277
2886182569
1818788890
3398543365
996765692
3419739921
956580333
2842470394
4192911696
421558221
3093986706
3831410865
4157309503
3726352444
3761123241
1675254257
2825870889
3455993865
3539743609
2711203937
3388758604
1619753162
2302316540
2721360956
1383599279
