3558079402
96264560
3731986619
1120279553
2889903098
4251090637
1008410317
4061807961
2555587757
3407356542
2551835816
1074560533
2875044520
1760843726
3738503473
1001752533
2412903587
1763097951
3446357524
2908130387
2559500452
2231043419
1282012310
3068536503
3542364651
2951658466
3561249899
3370975228
469416983
1661520115
1492547616
4128432338
4277430275
2634980319
638999860
1122116281
3363862553
3122013796
160598325
4050582168
3871744536
483740369
132493987
4103998467
1888322334
830001632
1587386383
2333729229
697158265
2665969963
2327084453
4072310802
134628538
3281222674
437887228
371745471
989270939
1483698560
578487300
3900357288
1584339836
3797068571
1725387157
1982922913
3798404817
306207296
4287913460
1842591799
1439078919
3024553224
937608331
2159618257
3592047360
2212426911
4103182390
1315236900
4172983207
3191463482
2128138351
2881456808
2386834927
100849911
2726317234
4065605915
1405411463
1870727725
1888912194
938304015
2034850008
4015382840
2021510031
2086972018
3231264913
448098523
1333401986
1208007558
4229618065
1348550356
1293083181
903821798
1175100307
2013985184
967703781
1868591709
309777737
1424486089
3715189778
1582186842
2616936180
1436556199
2982720199
3477332690
852018984
145766313
4076445772
4128292738
