3491244520
2568541362
2770530775
4238158060
2111354816
2808172682
3097090321
4064371004
2403380400
3589415706
4080988156
2815327938
3893564275
2910095670
766876473
3246129118
400449134
202964674
1728927547
1453505937
4180672197
4259351718
961914615
1926477697
1430212443
4294157416
2656935491
2751667187
1600307118
2223214302
2704446331
2431914024
4268952088
3161052282
1068048212
3663512326
3991617906
1059725189
2768406324
1852762480
1246336204
2706237335
3096452060
2900151332
1396755834
2766570863
1628038791
3985147700
737922325
1932053358
459103033
644032248
210976924
2991353602
2371647125
636623611
648245606
2647388606
3846907858
3613707077
1421846545
3562615964
3420729857
1798223327
3939945387
3685613209
1783917059
3260249695
2932196344
741716192
2753221154
574059407
1869870170
3179925062
440448178
712401893
738130233
3778206924
3420795724
2546810781
1567172810
3986399164
1472116622
1206749725
3396298615
981115095
3558628368
27104392
1411744903
267449571
3683294366
3979683777
24007944
2873279797
1393016774
3837313965
3761763072
1150384674
3720388738
3752716288
3997007162
1678817491
1246826639
1220570540
1186780635
1803876415
970455993
1454248487
2292030985
1322286156
2508201342
2234625365
1032118251
2142970904
1316025609
3069600147
2824006956
2429118777
3203744752
853286161
3932840882
473114880
3790765019
1770904294
3429792804
717305185
60555300
3759804419
1621733363
454548967
1251243041
559507262
3004670727
3625991502
3425580503
1064898429
2214958841
1606360383
3128734255
2276543390
813464621
1019047408
746736783
1111713913
254982467
2345973000
1505429455
3980229138
2932860105
1770989304
2253776996
3735399577
1855031845
457429238
3566695556
3547204878
2797356142
3355876753
3197802746
2868627219
3680438935
26753356
681667463
3098271450
2063687840
158155278
3793701595
4123998574
563229626
901080175
651996084
3853521217
3357642070
2223120107
2193631523
3524440946
1375806919
3436838805
1922420313
1488289865
1310340564
619045427
3557473624
3403088057
1457854443
483278656
3662891369
2558993261
1561605556
2092177527
3173566495
4160270677
1802901744
2663041701
2002450484
656278034
1439318537
2408216022
3798145694
84144081
3317125165
1098346396
752891595
2313592769
4283247089
2306306083
4076365410
1722208307
558295174
3348500705
1681597164
2455776968
2621911519
2824116105
3541851080
2984134411
1659151587
1458809664
2708949859
4144577619
3519606471
3801156219
2528257183
96809859
3046425077
62059521
4261448499
1647124211
361528014
3444164531
1396378202
3122379236
3841998097
1168195865
945551774
3063700006
626371074
3346369036
1201174300
2690817220
3237509403
2628614686
840410524
351599611
4008337122
2918665944