3244575526
3469200744
1072067915
1168741713
2765845907
3684308452
379829634
232510468
2082190344
3248410828
3859611984
2769135416
1065011117
1523033792
284537111
2825208762
2827596655
250578438
3031446068
2524433232
3122102387
2137268136
778995061
341424904
2704215417
1279075023
2412503752
3739763840
3661270405
2413595172
3577199435
198389185
533255591
4087240664
3161451810
2217308187
3217564531
2408676104
1999889685
995958044
2015394381
217528495
476345341
2662553103
4038597051
2412910419
609953132
2491646362
1646240661
3331583394
1271865146
503387146
2423885185
4155176028
470516710
2541156995
989790323
1744386959
2607810789
791600096
2976278336
