111905599
3945554768
2271311931
1454186084
1115753041
3349700004
370272237
1027003168
3423868717
49010742
2902454216
658321029
1990114141
113755934
3403428136
201093299
2983730720
3327336518
3687218624
3133203000
233814459
2229198402
2259385162
191719150
4137294105
2139675313
1859114583
1189325935
55243481
3118617417
728281766
1029580956
1311920875
1072340581
2086735813
1285844195
3379479099
1018219037
2237777069
2482922677
3843741245
1779597626
2115731483
583598704
3830531584
2799061297
29283604
2452035465
153563588
820833031
3951956926
1856549440
3671803184
1344786502
747199376
1748180860
1964498833
804018084
2140094760
1331818804
2341446580
3116496219
2763456168
4067267846
2398440337
2741246559
2069355024
3658670240
2926527904
2648296455
1049103734
3819894901
2932685385
426116860
583427689
3572756785
3700816501
774740925
844551977
3314925851
323454330
2170195480
2352369395
2774361241
4000462039
85817575
2048513719
3292608000
3462404643
2853443136
26034764
342425168
3158993625
2323916262
2301074140
1711013683
1486021546
3289244537
3477271987
880362267
883178073
926105767
