3071812356
4105039575
491377039
3635940086
1383368756
489945137
3581763955
639295575
2537937724
1065825731
1630553390
1267089776
4102583502
694945704
422236640
3336193317
3295365115
4038126264
4241760133
4219027939
2952076786
3746702032
3261939360
1603162169
504356273
3551307197
3694255914
1273152385
2829791752
4023443794
1298251284
4030199481
2208689543
762108514
3012664294
4143120875
3338444774
593219657
1754139475
2364572592
554593785
3125345776
3712599445
2767250929
125402839
1996424227
1547191768
538874249
2953527483
3650307887
1929316774
3257506938
3504110123
43495998
1458458487
145120277
155735226
981572553
677986045
1105093471
2453141291
2629154955
1060500226
1764116585
3811915801
739685625
603937375
2065185619
78121731
2125285746
2284323614
1219077765
2888773055
1112055307
3166011415
4165388138
3648795668
2988133025
658355978
3992539697
598000915
585407689
767142718
3691468928
1457867219
1742391089
3435458237
383810216
3192136764
1624141047
3196718290
889570320
2416998991
2662841344
2338397816
2297333270
266509351
4224278700
2178733835
1973657351
3401964413
634932888
1097204153
1598844722
2504664725
808814224
1138873443
3425695467
504920612
3475098823
3179904617
2631124316
2856214514
1877452176
2553742324
297143814
3512889309
1790194150
1179800890
294130796
1969362682
2903625845
2115713024
881155596
2801156564
1632037371
3259322356
3359299208
797104718
375892629
2984930435
3545662930
962625563
3417761026
630027299
1539810099
2763095525
146217892
1194930151
120057098
2950512411
805308471
2341900090
3021170414
3116464643
1506459490
2375012888
487524430
3925947413
2070948467
2016404977
336361437
2170080527
3506072776
1993752495
4053942114
4196894265
3096225908
3736202226
271432975
2379100496
3711303216
470509016
883522948
565076121
839310319
668955638
3246799125
1775272233
1731383279
345634923
1093488609
4243023530
1628365320
129961120
2272797226
2733047667
3497120287
1386837043
109441902
1184885462
767506198
2238309589
2633549928
2553830679
4001064310
4102579604
1115605564
985761963
3573523958
3664516911
933427033
763807511
3043782871
216055810
1596885532
3501551681
137350334
3321847666
1031906128
1920402181
734846012
829418549