1248079644
3320965700
928624794
540500850
4062474095
2981197485
2067786133
3268822565
1496501445
2874843945
3768660324
3630361634
3742978571
3430586644
4033008224
2178604985
3363555231
448586492
1510585836
1724400929
2928076474
188404247
2824382210
3825962736
98646719
453627304
2370404920
3801432877
236093146
2004540240
1537571843
3570621067
2588148662
482588616
1045751600
994309877
4044919613
2848698174
1984309130
1330958667
1546265992
2989323185
1619152138
3244267196
355189576
3172483867
936407485
2718807460
3786235499
2655649080
2389470367
3021581445
4272119742
464088545
3170206541
2527886239
