920351167
3206227627
1343553033
2418592821
37070015
1559359257
1525203906
3434274672
928626501
1068754048
2457678348
2134706784
1154879735
3876002525
2762159690
3395311151
1318950949
2722056729
3144630211
1265412340
2784892272
316859403
544835994
1884941263
890657898
132288984
1720739729
3001175217
592909551
3048339091
2937390944
4107414333
187602008
809380376
1707170413
2115030248
624509517
610851731
2117540466
779245835
2190856977
987178418
1277510583
3017551834
583104365
2016053110
2530589299
13173291
359865430
2190924979
1767268852
2490490091
213221710
