1899529685
814132108
3086143879
412399704
1519846394
2287781237
755999577
787103357
862190743
2256438570
706284449
4051490493
3709081406
148709743
226206522
1069035682
1105396500
1952803830
2447342553
2970714871
2493320804
2979446328
2317505136
842768715
1000160774
2831673403
486816024
2567026239
2868861508
1774111628
1185027341
2385142775
1588491236
1004785237
3774708675
3287421610
773184865
943692079
727541031
3316604250
1625789441
2430939255
3267813028
22139933
3938942799
2303189077
985131569
3249055717
335045048
3994313355
2663555931
3207306866
356541868
4104199834
1595700861
1740310893
4123316524
621600539
423614522
1614954726
237216305
2208046758
3741036012
2881298298
641477253
3691585393
742541005
47848547
2165235873
3000402918
578157448
1266308097
4140081298
3393716168
1354779072
3140201284
1905865205
2590389457
3895060221
3150376873
651794478
1981743377
1286837277
1706212151
1373425619
2713645307
979275533
4261193805
4285024435
1982546819
298465289
3032952974
2452808779
172944076
4211238326
2473151363
1165468922
3482824565
1589821074
3204437667
2875308799
3779868875
3800843163
1848955087
2496048904
2064974907
2193646916
1552757390
3864860914
4148642281
1173661805
3637961159
2337405018
1583473689
3264723132
2407529746
1797032615
3568378834
1648926687
3254825102
1307985769
3637600733
3691042116
1209182721
3859080624
2767420484
2730919242
3671460472
564684659
2290306121
1595829375
331779791
2493059904
1332568095
962968309
1992199295
1681942807
2946013647
1715643064
4245959473
3621148537
1177022088
1887641066
2421087124
4046712260
956671787
1611149413
2095897171
3201434216
3685764673
2937962702
2225036084
524629921
3688387656
2426214397
2251598153
3458489465
180806645
686839378
1025468854
3303014291
705088506
3268891366
2686142056
1121453323
452212886
2637314000
2675509911
404195003
1400902028
1933392257
2263180507
1172834023
3734916829
178312315
1670770088
2987111757
2990737540
1823098868
570579769
1105733725
3865780614
3484540117
3338629315
2758307399
2824813507
4057513786
1387006611
1459514991