1965333395
2772159449
109756405
2379364498
3486480598
1404745804
913912256
582274933
2316792657
1262212935
874445872
3879612620
1322727074
2695000298
4247116711
2797046519
3557206409
3920322401
960098532
3305738030
2753230334
4223278731
409179876
683447797
1393833472
909093705
264725527
3520581230
881323322
18926477
2947305040
1010711455
91589902
2468711888
92093690
2526853137
522577297
791132903
4110429393
3554483801
3594049191
860808388
2573371144
1021124877
323365306
1043245874
2574544878
1899487496
1528587150
1900332572
581027742
2581280662
2015602271
2482880940
1622892845
863032778
1238976218
1019291054
3742022714
1294096453
1712481312
1375566711
466141238
3489483887
204017501
1313170493
2165807404
2578020928
4191906596
80400803
3278043953
4043719928
1772065061
1409105205
1677993317
3481452770
1875465180
4263565670
1434189763
715912465
1434326065
4034763794
1081572889
4221839175
807949067
1835062530
3864276251
432530542
2579431707
1602215239
2404091217
1887964979
2378480247
478790092
1759449887
2537221106
2167669465
93770296
3815844821
2797342551
2777751397
3789643454
2613799862
1617089537
826044559
3289189472
110173784
2038645777
3658043838
2836359338
2520328029
1999116979
2751742958
2705554304
633535191
3153955458
1215478272
3896558032
1396236405
1807388601
2243760388
3320822392
3217789610
3700815738
3015210893
2108061210
3795100621
1094199737
3796940765
1700888203
3493288304
3858625489
2134683015
2647797216
8510321
2729976322
4138459031
3550545739
475362499
1431109021
3541705954
730566449
3394589772
3371664102
993443283
2238936238
32160097
2713275958
3799544049
2372583221
2677925283
1525593979
3987434212
2093024616
250092631
2394668691
3232437407
924091921
1806473365
2882751684
3073650551
2502009129
2276366150
4213628078
4091078138
2890649973
350198276
2637230685
1698841962
2929053277
2545073317
1330311641
712072915
958281234
1538480323
1356875988
1344810356
1796122910
2736498767
3379225348
782216795
2685808683
299851075
843944640
4180366882
1197039201
2013670591
1126677167
125159397
1800430067
3682743266
2893959191
3920500216
2240680708
2599763688
1295174510
626521512
4241258985
3269943672
4050850199
255562975
3984880387
2189047996
2937987537
154349436
1541804757
2465758254
696773443
1100795298
380447959
3135827703