3790922035
953344453
427883111
3953888320
2441733543
3114549880
753351195
2019614407
3356102512
1639292528
3303203272
1796062168
1421243676
3498462712
2013926833
4037160151
2008373449
1848588845
1621193301
3419612138
870183913
2012402720
2072790369
242785513
625397680
316735324
3705845017
1804337778
768970176
4191256840
2036886879
1208099877
81632417
3721408247
3433449164
3469492136
3986282395
286361882
2416511968
2607518999
2085389853
2220502512
2817210475
3274724728
565676577
3878677098
2628786278
4242117487
2069818292
900324200
3041684652
3473322895
1817899077
4126054222
3921173044
2049317747
3493101315
1567505939
1205276385
2950222393
245914623
2597557986
3284804888
3891087382
1952278484
2757053600
3478537424
1522796414
1911205313
938663677
4175632930
1408885228
1520476592
507341426
4148103065
3490579263
3212327914
4249024793
3005697263
2069011180
2228812689
1204878799
3552619961
2329460296
1936506294
1934554515
2723126465
1446635885
984460741
3313057974
2646286721
1142491188
224427309
1997832206
3003938307
1124558165
132698454
2529255731
2137909411
3260267360
2574602729
4234450784
2929770620
