4007100005
1496631983
1844733674
516650420
733165455
3247011559
1441113549
3025008444
3845696490
2347151550
619345646
2887106036
3019081366
2841383502
1138955688
4248544409
3956788039
3609287464
602036385
1761675253
1757398933
2285557026
45038325
505008563
366703529
391847365
819507855
477372051
3202228610
3414992677
2718437670
641656739
1711925369
2745898485
2947287616
80884535
1083654536
2449372852
215580878
4022636114
3938540824
175164681
2523777035
503997856
98408556
613971878
3557223315
2868824661
3356198733
1090566454
1379700529
2339318373
3158193956
4188426209
435619575
773250885
2970699793
2724627539
1593256602
1827425690
2590097790
2849068225
173954424
1132125878
1116677040
562935235
2511227177
1731846266
1590018502
3697781730
4283615765
4232204239
3981515788
3261810423
2193223847
1202686525
2163215159
2676075591
1808947187
2866838977
1055858426
799288528
3937976914
227130617
3422348238
3845357805
1112180349
4086819508
2436033717
588538340
3219419878
978134001
1535057168
219402288
3193864423
169520467
1761673978
1972148978
4134427370
1536264484
4245640199
1329338702
2065449901
1104053706
2402746622
3837287255
3897790642
1342959772
1724481369
723891403
1559829988
459463826
630885960
2326876400
555432904
3412407513
2719867847
3737817976
4268450014
1573577058
2121401879
1467733878
3999323038
3506211265
2014950771
1691611938
3992008572
2176220115
2194143053
4163832372
1269534151
3421597655
3423090519
2749475624
99334017
4017904458
4085239427
1614382286
3374998714
2139048712
2939015940
4204747603
3496532190
2269947922
119177818
1021054451
1185070096
1414854400
2741186694
1569383713
1622654732
4208058425
3741884189
1168237426
1427692230
143695067
3784297141
1745475068
3452946300
1552741448
1471859318
1588052587
2082205724
1585811497
2178720886
2193309799
435500347
423095768
2104284633
2482580090
3588540825
160250715
3603531938
314425141
3870191454
2754647774
66067701
223100133
2355996766
1979383798
3592694566
1329219400
748390315
2765445905
3114302190
1383504355
3512673889
2923779693
3082931573
2644517809
4060937804
4241054795
1666018856
2643359035
2083607160
1827727900