1123977030
364422472
3858741902
2059369661
350969723
1659494425
137906851
2759718727
3649560720
3087181797
4107150310
638480527
1789470884
2351050752
2247584675
3759488125
1008291191
3568840689
3124879559
1360474606
408831730
1019557412
1784639535
2532019977
4177213759
1875903943
166114751
199804659
487874324
729095689
4279966899
1499277187
930880799
34575385
3020092992
1404763012
2971813112
108012288
4140762785
2271185622
3678417211
131139894
980193180
995106303
3414594477
2864655641
99890951
3951596117
625041356
1176346316
488552299
4068318332
1641160280
1792981104
4173940960
3898188131
1328020826
3630368370
2404994712
2528462063
3002172039
1817423050
3760796569
2601587533
451221730
2919254555
20634500
1321547638
198361177
494379988
910536325
1287707776
1200725154
1410121603
3024785451
253297589
2883435324
1002065570
441678718
4240359471
3048596179
2264637802
762977301
3130005936
1870687292
2665839060
3335864869
3153059694
1018913708
335916955
3506983668
3443255824
2372653319
2190187558
1870921769
1242151522
2302823457
3163061085
407845527
4072054260
1844592992
2079184041
1998493743
1606275572
1510931519
837406672
3688192222
769209278
2069918745
189213994
3968209971
2204338321
325156692
1949902954
563570061
3168456085
3689793565
1814351833
1795667673
1901140156
3717587156
2317668324
3716011336
1708224910
1969184010
2976291693
4089085890
3291341185
3384689042
585393923
304239828
3525032747
2681350453
1354196088
935504593
3636657980
1082748834
2839933880
643412613
1108391267
2538562131
4181513839
1518709735
630642409
3733271504
645130069
492829603
2775296925
2709553421
1268444884
3817029872
2599804155
2316615710
969341832
3382658560
2863338326
969487597
637501882
426466304
187922195
1591534255
39217639
4170234408
2019000001
1786425063
3321673164
2466833322
2741043819
28560548
2427962911
2993162239
348269744
1712732487
1039098075
1574885470
1893138139
1488672746
1161445470
1310811118
3927302566
520489696
3829743237
1811614489
3216935451
1298704376
2330805792
1364688225
2581909309
2014969655
2486483594
3229632682
1135658118
1496766242
3310967122
2544707195
3890686368
4192776991
772805829
1529739803
2994189020
1865524062
3679277908
4250039162
2599051390
3426319808
3563244635
3507903593
1191118759
2312299738
648942041
2379078021
2189029686
3973951903
1449898834
3890219683
717925040
3972926821
3144978360
3486746838
832597514
3356700597
2718739202
3259208518
2666360767
625262182
4030108222
1044480926
89217208
1450134839
3125427692
1367303130
2950370199
3401983363
1589089980
1733518865
2737814726
2736237654
2153337061
3889705895
1999042738
1085023418
1476041671
332997463
4231790063
253119538
204678906
1741442845
2348201266
2682527396
1228867843
466271094
1472463495
1095072589
3341742690
2961649929
2974076968
979413468
4153207993
2531258905