2336024794
3140907602
1001515503
2783803065
3292110228
1557220664
3289978796
2305113413
3325564554
1825313220
833360044
960240004
2553894774
1901860109
3204891026
156406044
353636657
3149859187
4078914603
3999402475
783636571
918752750
1009565677
2228535979
865676465
3868589028
1725012594
2790308507
2277146425
3108984314
3536632513
753470500
815547395
1051773554
2205005530
2557958877
386028105
2404310655
3933345306
2874800918
4231088203
886050854
1395592435
3867849054
3343607620
3004638128
2129137023
964837156
2236918604
3566532197
2374880723
1277186003
3739681824
2996424801
576182436
3574136255
3911126233
4172104704
1007260632
705085320
2465470987
3715624057
3713038943
3293248034
352265783
384030389
639695593
2318907197
3787100468
3351912933
3063006925
1418410943
579254581
2022121807
2209690086
595271623
2749300979
3280003664
253756353
2140178227
168560380
950523174
4165486537
289963048
2789062859
1298211946
4113446570
8611117
2940246412
889969377
2716485382
284150612
4283480391
765190840
2206562173
1739705996
3161943132
2078686133
2755706974
3881243162
355509178
2164628752
3805922142
3741799548
3056025132
3215025718
410033358
3576618970
2555758961
2540161124
3841409407
3304939414
2827309296
169185191
1332109235
3528407409
3964885394
444591783
517055511
2569114510
1524586616
2599769872
