3701598148
3323146782
651270530
3418894051
1680104741
1092924401
630622083
2844290449
447275010
739298571
999557109
782645079
3007278153
4065124236
511506098
1385219516
2355151284
3126294234
1121013525
2235934286
3617933516
591836500
4185567088
3615606215
1238828703
911285330
2782517135
3442700049
3599530134
1003391782
3153384586
4265156229
2263814568
2494671613
1169400624
109633150
3037506283
1386747098
685606909
3009213647
1677423452
3205126954
2271435023
3061273696
3990779815
1904362313
3239689587
1887552491
3837997089
1665691965
917897588
2207667971
2595253150
166085213
3434059370
2931071962
3811917236
509915894
2938812277
3168179911
1205188560
218077711
1076082646
941932387
3893684126
2238296255
3037430276
3124599214
3408284910
3311360124
97328462
1995264059
1251203820
1332281248
1254233058
