528763132
2859785369
1817990327
159354730
3304612512
2969861155
1579117449
1139319298
462860074
600722147
987337185
52406488
3899702719
1533375852
2441598096
3705835742
3352813438
552258090
1061293868
4288487076
1239075030
67028366
1502172081
53773605
247103284
2716232241
4164047175
4248999394
3018373669
3807862995
2808415848
2846655316
3665779727
3215335351
1133242330
3119759728
1030562375
2020385612
2533255581
699225054
3285097692
2707321230
1720726863
877487807
1257557540
466180309
3098351426
3985502125
292152188
936752105
3823208414
3303780230
1471128216
1211550801
2112405777
3928432201
998424306
2926220860
3693083834
2836629954
1885379451
398838603
1121602196
3116708348
2255051869
2321107036
1032343298
3589940990
3188497912
860136242
3089166231
2453253989
1434925843
3279810527
4186070885
679748013
1933461813
2830162618
2810426250
1414993271
638212303
2441361460
2322153537
317064481
2905335790
3339025099
1423000762
3679989036
3385221720
1007564255
1852384847
1971417602
2841944508
845605171
812478414
4212923965
2192068585
880757267
3333099183
3280487869
994322950
814479270
3460699738
3802562679
3464151204
2043653256
1608977386
737757459
3651641141
2525676004
541611884
3092530179
1423772249
1282196859
1333116288
2532517559
1865901704
1180279168
989506541
75334731
439730713
1792798148
2332509349
539940522
1155086296
2161720549
1607079094
248937720
4214458277
2114578592
475603239
1484192603
3966811209
2995496613
3230136747
602789197
1683662520
2764242775
1810054486
3191639255
4114217810
2822452170
339502109
379903362
3608889775
1092442442
2394151557
465867916
513520015
3713030816
2108735525
3336667416
968440472
1407307000
916620840
1234268900
915039357
1284735800
2434015047
2374075096
2774699371
795299145
1655703669
3993205698
2400038683
2614878175
504375890
10867724
546032246