1262091637
1136645369
4279732526
233482125
2100569804
1581362165
1704878355
126024225
1498476931
2932628892
809050266
3916950679
1802714099
1103434265
1626642386
318116691
916623389
330028291
2360596708
3364843660
3200875261
4048371393
1350941668
1391655421
1682239498
2050350872
3935344382
3594649946
2963363535
357038213
2896352085
2852788714
4270609999
1731463121
2225091302
750032472
1740941422
2102786829
2789030106
4184154288
42810509
1519356632
1647704151
3507635707
4093744682
882476972
2692650197
601577525
1257882957
3886377479
2393169021
1680785286
3667747501
3976755123
4079611956
2295802806
789102208
4217115862
1197910548
2055105516
3385075191
4095562772
1145521673
3959550407
2933400530
1189818305
3861276323
2767453088
2973946780
712740083
3813205991
178110416
946066882
4081624498
1093716801
2318369645
675588895
1053512624
1854186645
3980608493
347392906
2404061699
2882715715
861625589
409993126
1511293584
2275018589
1942139759
1314360981
1597376862
884766719
3841447367
4147178433
2790845133
909930619