4105808738
486626386
2576540493
2582973585
804710793
942989824
871525934
3947670809
3040250264
2837989216
1744264965
391433992
2893935614
2636218229
1089498049
3762612127
3252917736
2097650695
2446268670
575271458
2616499284
1799906564
1756245159
1299191957
4070994615
2799745382
317005208
2703794095
2025936262
1529018484
1674829956
1073795638
1219604220
1910403530
3550834486
4141305516
1398082926
3292059552
4160596003
3849167551
2453240711
676021169
3547869695
1755400975
497727833
970382438
3431082993
1280071953
4019422662
985159558
1335040098
1952451819
4177539286
2409429111
2467875802
3630715800
4017968622
3626614684
4131416583
3611697276
2461268608
884655117
669383293
356822234
3589682663
411832208
2141439842
4117816322
418464669
3090972654
1799627672
4123805008
1409561046
4102781537
614876590
1791426272
592631721
58491468
2556315890
4093325213
1102843971
1467308206
2765839647
1461890623
477532445
1618616112
2717527906
2474530901
1250540368
2129455295
3244236863
4113273051
443918633
3637441179
406097872
741591157
