4224686677
2354147784
4290591872
531139909
416387964
1168873197
1049375673
2502300626
1815429208
173240443
172085705
299722574
1272275262
2620159676
2545471830
288620246
101622584
1059029458
366201669
3799509801
2427159558
3142922722
3364931303
4028374738
2782027450
907375988
2452351511
1349428854
611045223
79756621
3955588301
3508317245
2312464644
113215451
972421202
3557483999
3331352674
1224480049
518327796
2892628596
3863493673
2912665970
1797898144
4073456495
554679385
2935568574
2451326602
451827576
2762416152
4002587643
1018394591
943530045
1124836668
2277993207
2311137892
2166673603
3236377931
4228409454
2853017899
3535708730
2824032371
1160295894
3593914585
2977283099
3464524335
3404300423
739392564
1647872749
207132952
3163448692
1908503084
4156644148
2006397821
459804399
43920958
483887182
1733522307
2651841020
3831060655
1410297803
1354569153
75416409
3816969602
3267296302
434885128
3892392031
2123722259
1095577615
1191627788
2308296342
77491038
798464755
3950768624
107281764
3912931526
3450911798
381365632
3293244513
2047880940
2242078725
1809219662
3297532842
3586391237
1322651120
3671629276
1427656049
509007503
4286878672
3940910238
3241573187
1421383102
1291528992
241197553
3100148454
1159673781
1361403300
3023928648
588026712
1023569610
2122645545
4063933705
1036314795
1127583401
3624637769
3279955401
1547786221
3449531636
169015769
1820627106
2624490368
4039364104
3536860857
2812157425
4016200627
1661322453
2473483392
1472140650
2920745740
4274800024
3383900326
2079765610
2526950674
2934496516
827005563
455360246
3473382164