929429737
2431693469
789839886
505412003
2797376616
247790279
20122651
3578452175
697461612
881182897
978139503
4001011491
4144250079
4143490695
43850785
326689308
233028231
955440678
637602436
21306059
910421380
2486746580
3521688959
2992986813
2366589601
3348142811
2425949717
2236130843
3687193989
4115179042
4096522766
2273418744
2856985315
826673126
1514671184
266732258
2315602189
4205206767
2981965631
604454264
2445728545
2598641905
3834020656
3471314658
1682493078
3611479612
63011769
1389250816
3894473913
927232761
2940082346
3536805297
1263486962
3394934561
3043609641
3148828868
690345417
560351926
663737660
3592236048
1061403412
1824733514
1079157436
3074442498
3697855769
1242180936
1852696737
2897484563
1982764662
3877162629
2628569662
1840107185
3341668850
179354098
1858599303
3797583225
3464811527
2071694816
3347065354
2049795105
44256143
361540515
2809851468
2867133711
2059639841
652813172
3134880708
2727631699
3849000025
322581564
872033651
1877005857
1521297634
