4098914290
2682052458
2614155735
1567503371
2883034491
208570052
3469249169
2008980672
4179545624
3333087299
1205763940
1207690201
1137221974
2993614062
3654901612
2394429779
2947688382
1596816096
1511678092
133500553
2336607740
671411350
2958827809
1284123273
3151655160
3719186574
4141077532
2596692565
2893650705
4009041177
2926478931
2832982587
413074045
97347102
3491182061
2305881445
536493748
2089155456
2182880097
300412189
1376047859
1446069185
901718866
978693160
863711285
776993094
1162256241
2036240136
1402211421
1495718845
1612332348
4177919747
2730373006
3086686639
3983543762
1259121809
3310019332
2321326914
3556675068
2664280901
888291227
3985684371
2476825885
3232225546
1503054281
2857171631
3321116923
2104352059
1392540516
2597120074
3262975035
4149020431
4088392194
3788331832
2523810471
2322840675
4024649714
11895428
1204530658
987241700
812685289
1676332313
3242118169
3896255992
282853147
1166003802
3700877347
3725495387
1275705325
2790193444
194938332
2898183569
1036355938
2986969472
981039465
1325654834
4233507828
2753844170
2481161258
2258488567
538529515
1939956837
1920910941
3072744193
3989378059
1678495526
2085207601
959786327
1297183366
2559388086
3941276821
100362036
1135098039
2277887841
2129979516
1037735676
605074863
56944767
3989930971
128813127
3984157797
4183119437
558997466
2387481880
3212130779
3887817273
4063320609
3649590305
3493350732
4091350491
3033863733
1493470687
4183921129
3031849296
2092936018
1186365860
3076119167
2618916021
2954404767
971903727
1115820082
163167364
361204840
1342179145
953395732
3032756152
2641660015
1697370235
2493412953
2131276303
4188966534
745295488
1501942059
3316607601
3492103089
4061244657
1462270679
63155076
1591004956
3718075541
2872404032
2678695901
904243143
696677792
3682354023
2552600442
2096007037
2858270561
2749431957
1332878206
2847539701
3874704875
3704075782
433245245
2070071153
65340258
1616098542
3106196204
2217312586
4282319905
1264847634
2407766157
876329754
1350221255
714025651
3485866018
2189815676
2188632702
485093360
503321806
2871553776
356543990
2940304806
3620647047
2996266459
3267884356
2583972236
3748198716
99515749
1696734369
507446118
1609205478
2946114184
1359169937
1699238263
2389617698
2753383482
486643791
3314027583
797480074
872068526
1092246330
2427162263
4118244940
2039855272
1233059030
2210662954
897988309
417276354
4053513405
3404785733
3015723240
2890690941
3161683620
2074384527
50556338
2018534819
385271132
4155466331
3124900736
2001946157
1166256805
919216249
2290257017
3179567871
1487714947
2589544547