2172987222
1395346402
1573599400
4239491185
4286590944
1684213180
3227508932
3757480458
150157781
2166963598
2680765705
2589165420
2832643608
1129628684
4096017286
215222083
1141330848
788566491
2804407111
2186924474
1835932670
2365734410
4057153005
80360934
93643574
2356676180
1208851146
1233691920
2970625634
1608139154
3632416988
2183886124
1448563201
1029500218
3475368964
3850638208
1649405246
1111830882
1703603797
194815748
2427171107
795520181
199152233
3001022412
1236767967
882768290
620677793
3944477525
2436794011
948696925
3052071912
1768192860
2876614402
968207667
280800243
1801439455
187677233
953234379
3062689534
1784575605
435308528
1263218963
674595823
3785940829
558071150
4191688276
783382192
1680575038
369815313
1894363939
3767799179
