32605998
2230067030
806195540
581535719
1352529277
2783662891
584819857
2344346842
469688696
3637183833
4251595230
94091623
1092681835
322265098
3193415402
2854427883
1620202998
528438379
2093943161
994561190
125844164
1740611519
318785379
2583854643
3595176404
744746326
2624676527
3858706268
1102959990
2085485154
4251013644
3825837360
3019187831
1999908257
969077228
1111169949
3568582856
1287514012
803192853
731410167
3017014144
2442751188
709463474
1198597048
2055860327
51601046
3018838811
623189018
4127037049
917574545
700489958
1312483976
786159143
2547732330
1815820729
2906265137
3139407947
1083579170
1682449731
1222433045
3427090638
2233364864
3604697219
2754643507
2531973878
587555577
1760881320
3767110194
3968813137
2826685253
179733366
3897731736
2919338785
3040851975
