3024581355
2263632506
3492211782
1789368551
3795531412
2048325721
3806352368
979686862
695462254
1338976275
3469660808
1709293697
4037751531
2858711282
127454699
2366461107
2105674780
658930104
2145249167
3860939527
1192373914
1805756608
1349441107
862378672
296451847
1876490654
432297194
3617791417
3839175600
1139063446
883230557
1550207879
3076725323
2196987040
2675674139
432474264
1402392057
2894195596
1096328604
1678198948
41567805
3606616460
553707853
2548336617
2389151083
4280516831
2877481614
700574761
4117292062
4189315065
3494877598
2209028702
2787833539
2079248968
1584226890
319808512
647228423
185097442
3544625679
4085918035
1957303377
2749164052
1429400442
1933205378
3347433880
3368693478
2043940173
2828893520
316267771
3184841513
2117369494
2598523331
2277296045
1891024691
2300087248
1202396353
1751098277
3365471780
3442468489
4136387998
3989561054
1518208329
713500076
2532887775
3920333894
3040316409
2586150018
3932568416
2469878926
2589879872
4129060778
2672445072
3349920245
2718037694
2603142832
4283726754
2665287400
994920623
609995449
3941464036
1381366182
3660280978
4154431806
3529490397
691968421
1029211343
4240515568
1660209672
2148042258
899905355
3466149541
3187602920
3811104502
3764137742
776410498
703439549
83491006
531994652
1900241327
728724062
1712894240
1683980674
223714158
4091885134
1862372631
1239659798
775567692
1885070023
79281293
3965912571
2203601167
2036745144
1418850889
20016324
4254326702
2949424999
88819319
3042467654
24330159
1863627084
2717821791
1828237110
872813911
3114411685
3187399791
3907953858
1059647916
1052727259
17196330
2090511462
3821496417
1323920612
2781147737
3006763642
4179543121
2773883156
1620591209
2715848453
1107006167
249290100
2049400797
1181520568
558175998
3295882910
318183853
3260253129
2280696094
3315313891
2695877199
47527054
3734185342
1811764331
2596034358
3577022460
2261710120
1161601299
1266403466
766062424
3090445666
3342729216
2898266819
4234686607
724344646
631866786
2535160151
2497107679
175209635
1676785849
4056131647
558507134
422367024
1322970387
3386682768
3613105239
503413513
3338019844
1610767159
2189884511
2269909507
2121602547
760333902
3765730244
819660291
2250093756
2914372045
827595525
3741005611
1172248660
2596088544
3507160008