2972201135
116878152
179275016
3634633777
155583944
1814745367
12542324
3563608370
5052566
1091956164
1786242726
4240647592
3175622182
557669636
1808967104
3876298000
4137174764
1560830448
3888597991
285772597
475716058
3050009481
2069515102
685038760
3846356679
4276703683
2206167872
2426405495
2947565715
1948163693
428912322
2092026812
3357481983
688979651
2892899568
186229324
1426280557
1915671498
1962902144
4011164940
2141274999
3228732995
4228625861
1072390098
1608513150
102501732
3843611632
1714257941
1499323137
2172171640
1196563925
1510003480
2041463662
1701309258
1439730165
693434100
1542815392
368158641
4208113798
2348997021
2311685661
3290053173
2379760594
3685852976
2561085407
1112412360
3789646304
4168112178
4108538071
1771105206
357106390
167807917
4065574641
3785686523
854025280
662884540
2895072000
3669873651
246490319
1918651254
701623838
1231208401
3609500110
497717652
4263117046
3410205624
2891124433
1245305369
4193015886
3057853723
3116129917
2821200784
3805493136
1354137193
2053122903
2713851774
3030176485
2887230076
3455154337
2980604444
2875078621
2514298109
1603777484
1898735249
557157537
1549540858
2287137391
10937238
571579377
2940438933
1514692117
1068619565
610202224
2125340842
4121569788
2337285984
4180141397
3162334627
22795771
2003272707
3923487029
3180750361
740427848
3093234638
2667035141
403907286
3201417508
1605588777
1746533794
635287227
2229297347
1912846803
2635873622
2275813412
2888259076
272675532
3903303776
745109532
1960345677
3307386029
1567390418
3613979340
1167432403
1748526749
413944349
2716520220