2501056588
3651713223
3665333888
3445014534
2209348238
2656976619
3238256290
1437620279
3114015425
3297282116
4114492419
3574741671
3031585942
2845998243
3050101402
3440199304
3304665344
1871760568
3540752595
3018144659
1862017228
2036147929
3850481033
3528000147
1357208185
1550105046
227387968
3911534502
642013209
25542592
2514892600
1087745839
3952661978
4217195594
704987700
3292467889
3291044604
891574161
2538745926
3558056059
1727131037
503483002
1680546769
682855623
763636525
1249903005
1276366454
788307957
1950843346
838608624
2941782494
888327430
252252989
1279916248
2999395245
539277037
1408649893
755418271
4271919119
4117461576
1767943958
3529729414
3819945542
479939175
2191214831
1190780458
395279827
3601937552
4091328142
3632609347
2857759873
3319526389
2188970324
3102484014
1981029985
2607614997
4087088925
530788637
1772685356
138531323
1819769592
415366729
3433484918
875619526
435152133
3596325975
1523463379
3026754091
2513796011
786132649
2565036444
1707613367
1194727459
3896437830
3796340271
573341957
2610104344
3751882355
2975263727
2691305810
2472127785
1020105332
2054323531
4026297945
1251767446
2706081068
3299789749
156795925
73727625
2694062428
2172302969
1953828653
3489387687
2731585645
2817986764
517725175
2509463384
3635548208
410308859
2581135394
1239632766
312343951
1991056538
882863951
1741102766
2992811995
183750144
1057113631
3732240015
585281322
1205502787
944916017
3938172013
1774765784
1962830317
3040066895
1169884498
1986182172
2309506212
3697629447
1019749592
2627915770
1074971027
3683655743
3197880860
615615553
2831738792
2750452527
2726738371