669720415
4175206962
891690160
4019429394
2811445847
2164210068
3108318885
2958290266
3943029170
495587488
3207892289
3793058956
3183431157
2619613118
1235613094
2137043098
3532994185
3734654587
4287217457
3851649613
2814120101
2282339259
503040528
1874322102
2293595882
1814227444
482046330
2363869567
1839169537
1492483834
2120571454
1951424098
215014960
752401380
1714703106
2078911867
3932412770
1441609237
672958710
2791481060
3880172449
3974470929
1560324173
2017886804
1389880324
2229490477
3459944472
2509866083
1540064883
3496592703
3591957957
1583859865
568634126
3260192471
3364443404
1427730190
180468728
1694220894
3551262196
931000019
1635423783
3765673965
3493665813
4216499803
3835758639
2042602603
3918947047
2840903884
1711724429
3857943777
900951967
2829677609
275575926
2999315674
312493950
3734123295
444102959
951267642
1606122570
1232746448
3203554167
3354111521
3992707864
479998046
3279096895
1956046240
1927905735
777837438
3241443347
2541299205
1321700503
2282935852
903968550
3182307303
2044974926
2694041062
2625160077
3747962510
3607923870
4027565885
2822535819
2345896500
1988470431
4050466517
83231465
1559559176
3639134644
2882740112
1134378781
4234954385
1090019461
2941386917
160882985
2345870153
2177107476
1177102227
3798726250
1638657491
1283589205
872622268
3187089646
1866383914
3627616383
3548474934
1256552461
2899343658
1244132709
341834129
2141293962
1830539985
392211805
401757396
3272782374
1021036143
4282578745
3255888720
2208884853
646431596
2167967872
2828449214
502469631
409598396
2001510164
3884767527
3006567822
1686276870
1442926125
4102108439
446074628
2235493007
1346987265
4001697078
4135000271
2548110246
1607658937
2582265259
652287969
1719137576
3615370267
869556618
126175062
3801750892
832470821
2737611190
3989827802
449338006
3645935897
187174510
1798756664
2244172240
528333184
1911200963
628307172
771580153
1538096343
4225129130
4066034878
3694525897
2406412762
1790015728
2130015040
1634945221
3755344486
2164906090
441199548
1996706367
3714636132
558424047
2280995626
3481841074
188370912
2393427252
563436913
3498555206
1194781614
750203566
4226794173