382457586
4172399090
125183576
3853440445
4077565864
3253846015
537615439
3622210978
2305626328
569621140
2933667829
2629489021
3646974740
548342598
3873711082
775223101
3336844190
256056119
2539547534
2112292559
419967028
2949347621
2966673557
1571049546
1875675667
3111321533
3619034536
21866765
304635720
846069999
3416557069
2125831722
2490609444
515572942
2186419345
759675008
4057250215
3168277521
964917320
3099967142
1707539971
2944362868
1799001975
2579754102
3714545291
4173286307
3030203219
3290701778
1192226243
267410437
408007063
1656245412
1448212225
2003457641
3439312056
857095839
4289972407
2825670142
600611456
2612384574
699962945
2266924744
3548994444
2266573065
1367960155
2099450401
3596609701
2141307210
725058296
2285920338
1850476427
2455473838
4261755601
3078462458
896219204
1586341064
652731554
3736451451
4073468166
173693707
2518200829
388773899
4064620927
1642434895
1396715313
4142455877
2764987249
1707194309
387869360
1793182854
4257717738
97203203
1382463939
1137928283
3200704185
2724305678
1245776014
1069807835
1064064824
1881478224
36329477
436428071
1281139126
1099480858
1514618996
727081971
3409740926
3150007332
113264956
349922789
3370562334
3481842310
1690990873
1767855801
3639705816
412807933
726744056
877761469
4113297424
2325644453
38769587
1380110351
2088121048
331895287
503112829
3200732717
1683333551
3180819267
5282844
2716673
2965769497
1250270724
329020053
3846488246
865260323
1569795868
142090801
1386286781
3868146163
336142617
3927199937
47366122
2674290845
631414515
514676968
2946682391
596611350
1990407028
682895160
2172631688
3029424461
3275288134
898148117
3279536194
250796764
537997469
2112283809
387813629
3939999108
1316116708
863886946
1468403699
57802360
613939803
2296747489