1176430046
3203127429
570939901
3896486934
4232844242
3975612537
3843929150
3940297062
3636984099
629849234
2600609673
2008517345
1241342482
2304995289
1780784310
484398433
599651598
3983460673
2104490240
3309365533
2570597761
3053364638
268004171
2157493717
24937383
1788388685
3144886672
1442150803
2157889700
120165504
1680662598
867586810
4024472518
2837752989
1117597496
3455660992
2543239515
1461240746
3408657559
4130079729
3121108045
2269562363
96192150
3127227198
3090105177
3768912350
3509793961
1611575634
3594771669
2115096389
3182145660
1299301450
2542007214
2414515960
3464022021
3753895179
3729483449
1409671167
866302203
939190185
994493557
3346391329
3396161741
2961667939
456438664
1175466055
1389696963
318091738
3195425483
1765650508
672156349
1317693329
1383661438
742774707
2667514803
2186840033
2053911524
1330366756
589633005
1761015725
2525906897
242862912
2156071092
1480297141
2527252728
3999658377
1519963659
2495862883
1955757265
4092550862
312655235
2270363195
3735612477
1655930305
3385464906
491156963
3930231868
978428384
2174906956
4076657629
1456878324
2652336629
1653030205
23851645
1073870943
515525993
2991023945
3412314238
1635233971
3429137167
2258876495
1672545865
413821603
1257187152
795485245
3078446846
3329161165
1888844010
1264955558
2095595551
2139264
2817259777
1463123157
2541609815
650447300
542981507
1961781856
4214027939
1054015051
2574390251
729838916
3984145609
1375476626
1822883259
4249400286
2551635611
4096886501
1040748316
4217898132
2550839108
709626046
4246489377
1155828286
1126177050
2526980556
3189715797
272424635
4104419703
4160633868
181764255
2342081983
791102224
661034349
244443444
1000391700
127236538
4090058671
1172067155
3096343851
833071077
2145206158
1229042996
1549315563
1948860135
3897312130
3813554033
2911486562
2927559896
35102154
379724280
3109021046
1920602098
703560787
945099637
937950361
4017789850
607772935
3412327228
70543747
2877427138
1885551265
2435603480
3628431722
3793715295
666135219
2651001972
1492561246
736906797
1478971885
638887146
1838024183
4016209712
2216452683
1190034219
3139967913
3205822050
1491564399
341637619
978807893
745228396
1162209750
3464777244
3533451390
2864439726
1846780962
986361623
2606465490