1125022941
483324361
486129628
3560831188
1209260727
361873798
4104373831
1601366177
43806989
1605472523
571804874
1835054580
2981643247
4220922888
3919865285
3548372092
3166273670
134863937
1729961410
3976540071
1782949955
1653068290
4070940587
2999168666
520902811
2291847385
1344257356
1809006869
1787964102
1036150811
2565759372
3462289058
811905285
2543614183
3429679587
2345780417
2767321242
1009225090
182363823
93155265
369322093
1752395408
2319978225
1388119070
3089383876
3257389311
2635509049
3744418769
4076795721
463852443
1951950861
1724764681
450758766
108672325
3402685907
1043560903
892004033
3148330129
121975379
2063211155
1748186690
324492277
2881722371
3012860938
3528426421
1308702566
3806934962
2529551966
2632893041
3893934379
473182904
1645362862
3532181654
3757521664
3025861055
809531847
3252230058
2722775272
2450350305
3539908618
2295832110
1864293027
1971413861
2406504283
3355717133
2872952557
2869524275
1679557696
409239233
3312141955
3148810988
4062158396
244468657
2701077206
4191632580
3453872021
640115714
2374092322
426927843
931473500
3441441517
2064088000
2690150884
4162336225
1696817052
2221759830
250984328
4027129238
628377755
1601843632
1821507993
1129366760
2048646573
4179903490
2911946133
3103092851
2395115277
3848851760
1009140695
3647344741
3240598131
2266012134
3278038407
1659492777
76134019
1357607082
1495407175
1803409179
3810122348
2699967892
3874446278
829216861
605703787
3830100873
3914428927
2489451540
453417039
2356734210
3903337170
3095213227
3686748363
3181328781
2606034735
2093853231
710995479
3008760449
1204582594
3802186052
3709449202
2199170917
1505795130
1222709302
567239491
388020229
2863537761
435246698
2567488494
3696666047
3162728480
4133759433
481276674
3460604036
2856323669
774060157
2079955424
1846943935
3033107255
4294146357
1628887142
3436481185
3841022244
270725727
4196198660
2401740869
4212833628
3480981940
1785839232
4065789047
4067176440
615323606
962610365
2680373801
3055039120
3556324245
2287180633
4229080381
2950470645
3940004011
963299233
2963662910
2675858777
1952500530
3955618360
2948452169
1525802917
1347122443
1274597259