3794421644
2590999756
1091594026
1718296932
845299217
2513393894
2781474946
3614327525
1948506189
3860406814
2708886165
3658532894
3563598389
3987813536
2642950976
280964210
2277010585
1647754479
64592922
1486614355
761249704
562030841
4074342989
1989146025
3271330501
2384653572
1288544200
1643916521
2267936963
2475882778
1947477495
1361967394
493745229
2271625307
3888437064
3118157105
4031698756
1520960949
2205859972
2621301406
2127045581
549412548
2023043638
902404081
1334715208
3040947546
2517193053
1156048385
2258956343
2950939944
2634300342
2064564347
731695267
916865943
2611909928
3283964607
3273457114
10572381
3886668549
4281770178
1026124452
3056972189
1517689743
3388381703
2276908294
2708299881
92518541
4228861473
318845493
3723355534
3243872750
482300592
2069364948
2212043529
3807178882
2879179327
1963585570
2579258444
3453592956
3265804399
3394916274
3944417661
1343262608
3633294560
1817215324
3565436387
1133180422
4071813113
3372267247
3339403817
3143434188
3194758079
1730367062
622389413
2531089390
1885509554
815640315
3243347451
1949301445
4046272174
2539210805
2531639377
3340337521
1791954962
908407257
2742759142
3699768992
1777086545
2166566726
334865619
1234144795
3981995000
1966922338
2002076363
4126947866
3737841548
3337917596
3012225667
2753916891
1730343307
2576742993
434970474
1695413346
786104191
2123315753
2740437412
1171431295
277882472
335933999
2847126493
4221183481
1684719014
3027918625
774236965
3610851824
3939105891
2202064085
2067587381
4180106746
824711993
275364478
799088863
1610051240
2175973432
3922102148
2276927668
1869741069
1531765132
3817244513
4233837357
3014058797
3306266473
1805550783
3561855073
3703879846
162897771
504889612
2327796200
842055291
2697620159
4038815841
2754408263
4217266433
3378058439
3824630618
1417037447
3639609984
3310198753
3848406305
3668890229
2943116632
1462421454
139898616
304451723
2433736968
923386110
1947678451
3777339180
3166905181
3018323719
1956798426
2236315980
2274918330
3422518799
2035072214
2966618184
1606758288
4200512205
3647838186
2912650226
2823115673
2547541394
3054796981
2319164868
586657690
1506350840
1295449357
1607619264
1821803507
3145381805
1630551796
472163769
27286430
1865088854
484237573
203121791
2613187965
3980779953
3306100528
3075566600
3718000234
3621638499
3131278480
1547552515
3332224140
1615241945
2609640560
2797874287
1069575005
1296658030
2972670763
2996585202
655184208
4203199961
1584953688
1088038541
55101195
765930706
1907267785
1791528095
2922404546
3744053915
3727912545
2887471518
88972874
954752584
453562346
1859986285
3803137576
4076195537
1627038450
866043792
1810374113
4140034476
3962379616
3009303526
641849583