978378897
2175962665
3896771576
4095555979
3236892545
994589410
3140285734
141369417
1067529396
1229280395
1581416080
1500777011
238785662
958808291
555395198
2775672561
695073775
85742571
2681687743
710504319
4225011193
1669481868
3524472048
1305513910
981507069
456659611
2174268365
3846183177
3760170215
542301423
789412724
985760399
3393869183
253613933
467695319
138277337
3844482218
2490614947
3761361886
4005398322
3811742824
2845958688
2619095371
3661093275
911985224
4274318445
1753066171
4087911031
2428891247
2828034728
3662324843
4271088649
3720399707
2649554935
1548033175
3279630249
1391072223
3604334374
4178947013
1820156751
2847347021
3267427321
3597826696
3966987204
3006420449
3870292938
452286070
4118816947
250264523
4255366262
3589652967
3587138823
3556896663
31994478
1693569124
794075075
1606190989
3651583868
2038623757
2413976100
1494682676
3958382622
1099378861
110533194
2604614396
4269393731
1916172536
4101536223
2986743534
1052988235
2985353352
1953929835
1148436953
2115854357
2133455126
1164300926
3710726918
3821675301
1482712497
1437548826
2882124968
4010920274
844748694
1341191468
3588157550
1385047961
2743015016
3796161507
4067421268
1883650853
698721697
3597867943
574417233
3355063490
2857137985
1829201490
2700649296
1808238399
2236625125
610061965
1530700136
1708133243
2736757648
446837219
3322656369
1547634475
324791744
1956224456
3929780211
246482792
670060678
1988114420
3020896177
3553105282
3682369766
735762536
2825300506
2008685262
3619842173
3968289103
4045135800
225395308
1435252756
482445148
979210888
3313457567
3750084388
916164371
1962538012
3655167462
873932761
1207203905
1640716585
1982786870
1451529619
2885782209