4065032023
575298502
492773594
248859305
1135199130
2621717555
368688206
3139180433
2066657290
2233927717
1637803859
2155946406
3129934453
2320949841
1298569968
1011523005
1891495773
831999241
1307097388
2225198367
4258679066
2047033220
1817227566
174390776
3733533297
1150760380
4180554473
3773792056
3196656162
1716072020
326585557
1370959648
2995716961
4106725180
369335120
2029548380
4102009849
1011657393
2325833250
1850015992
2493932007
917981721
3811312909
3704011836
3437914867
3392909466
2602040507
4279880266
2794183987
4015021355
2007948217
2744500821
2625536282
3391021392
2404185617
75677377
1574676422
1743945958
3218732725
626251875
3756263747
1838769669
2297315046
1950743884
3880992958
2790819579
1828274113
2200078076
861058755
2760456718
935712400
2209230702
3435041060
1459584214
2214598809
3876731256
3090229690
2147053404
2423370722
391982414
2398188657
2995461974
3605355851
1560976791
23176388
3560964472
218144253
588364542
1655526758
1313439344
1563116662
4136041102
1667787052
1853081585
3292539224
2991746657
458798591
41277868
3423356625
2995445622
2759481639
3895047539
2877488318
2109202833
88540852
2043982509
2919146920
791870457
2051466428
1245039880
2615461445
39890165
1047122856
1646161557
791201612
3375651855
306908392
284519777
3151036789
1933986840
1548768253
2171842502
590030511
106028305
3303056616
3982224220
4121662301
1047048081
1187925748
3580626617
4179114783
488364895
4290549980
3890202545
1309807461
638640693
2735025367
3415206920
3533794645
3059232293
4156347643
4012678112
4186054389
1485619386
3514602957
2471673957
3083836140
387950615
2057033228
2702853890
3359456522
1151654279
2875412029
3106158182
3720423852
3841599537
2654937179
1799823009
1244172768
3447672734
1233232932
2678099002
195080240
2153215268
2637426691
4083020408
2401905014
1253045810
3384587587
3756539644
953766402
1269917714
704156119
801452766
1139762809
2842531391
1804768786
396001978
2978638782
2452221792
3349378505
210716838
1661001942
3598657328
1190441931
3091083038
3785149083
2911814991
4041520644
56260764
1282873819
2337042649
1556812012
3731524281
3482457889
3624282176
120617694
3441028089
1794169321
2681511478
3525635279
2992715093
1484307769
151882959
4076423408
2363228639
2530645732
2782949425
791357451
1985472085
2395282283
2546946379
4036071957
47826491
3193378532
3291919819
2181797341
2628533611
1196010949
4136152205
1432096055
1930205937
1054092002
4056042932
4169909216
1128547459
82053765
970165727
4263796554
115210073
3851539306
2294896127
3891878412
2453279201
1715010042
1287842848
3065572064
507419053
2395709201
2237337183
2686138862
1979051426
1527189415
2377859890
4199110672
3846807340
2783143986
3172115185
2993373998
2160814977
1884033771
3428271017
455191139
2198450612
2861419625
537357478
3108616715
1608111107
3422455017
1778688894
3238326611
3279740551
3417157427
1168665971
2179257367
1708382749
1704195550
1598462385
540091581
159278708
2587451818
2337790523
1670839498
2585288553
3624973878
1101399777
107697888
3439640188
369462858
3637746074
20185371
3041066742
240446483
4088734967
713474435
466508428
496753363
3171807130
745111844
2944972065
1934565672
1067840995
169396729
561560734
2323851722
758936170
1785806423
186660262
2863987386
3324567300
678260853
2151017007
2737145431
164428581
705100053
3839424891
3370448564
497661871
3920838926
1385434502
3905994996
1643870598
3266697893
4099812817
2111878565
168815406
1312123901
4291073555
2325727936
1361035287
2239819584
394159535
1275627201
1692069199
3447527180
1640121891
2342036255
893175702
2787630220
3596346344
974910564
1642355223
2188635726
548380430
3241121598
1386443749
3043810090
2060791920
3912135725
785096981
2258781687
1885707800
1397461628
1782197605
1899894613
2786434071
4121417334
2179790728
1973901042
2177830195
2980305392
1814734619
3494233970
3388006047
1507091778
2863455677
1452202579
2406097601
1074786521
1171260301
1332794455
1296722649
3454945264
2310735410
3175129241
3427045214
1076705339
2189302396
2765573379
3507406710
4029416635
3784280957
4188230962
1167878542
1830796009
1313259981
4282379336
3655955720
3443903611
705798685
3776237900
697046886
2626435109
1907394968
3150466312
1877140466
4214296098
129658787
3581255325
2160727265
2951936685
2694475843
3095636435
3051590079
1878390204
1912513989
118205134
3320858057
4202008585
4254263156
598322542
3563455288
862182605
726622039
1633440266
1175886169
729064115
742996419
2286188988
1520327707
2149075908
492510209
1742355450
1634072997