1537007762
2259647426
1627909932
1877645490
1653269358
935619170
1631562036
2536151195
2753126845
3060528650
4119351735
648274604
3295164745
106084996
40075059
4037409534
1732648594
3521453744
51345158
1189553141
3525335197
2544409635
532321319
3980860378
2641329130
544862318
1554865319
1440393657
3981558183
3145124959
3486477371
3714549625
4104368581
2666751049
2679647444
1040427309
3025912856
632021607
20933368
1123220138
2568061075
4219272568
3820565700
1285079774
3056607308
2042531101
1142403916
3883527311
4128557204
870115146
3692767962
3056333734
2252434708
2825757160
1992954141
3032622689
3138052323
1159742097
1693028960
2561854838
1248635824
1232614654
2516014154
1336794480
1915799682
3639363639
655168857
1115985971
118494545
640142314
3495595155
1652208311
3516606904
468483817
2642789331
3056896347
427592368
2978216150
1259324618
566753673
3545327231
1656533276
2915153376
2708733744
1671468245
4146855567
1499716644
1613817834
3377073971
2160731815
2534829648
4097005696
2209816385
2819018670
945141648
3414343867
2057647735
1511699286
3522608729
