2372958761
2858994962
886274722
3676128391
94118402
1816368910
3664482152
929196290
3076857758
362287370
1882879728
3935843952
3388417112
3423351612
2666337582
965029898
2981233773
4091129019
1824152814
3821591419
2630779357
576865311
3032751099
217093871
636703277
372955482
837399408
3844305694
2075725267
2037246470
263814800
199006282
2871682426
1345947845
3363400774
635258497
741843502
295285938
991048825
2966715290
2946446044
3354941060
2045489719
2358836046
1012912781
2054386442
2577393444
2875441356
4058965070
1738925271
446142261
3356458507
1731018905
2454300426
2484148983
2718001609
2201745839
2990733177
2338178439
3199309464
3684860584
3301666093
2479429230
4028620484
3584826187
960486764
804857196
3380616848
2219252273
636135684
1958759092
1108870558
1545141106
2101884111
606939946
685930292
4079927112
3949202251
2733345339
428091345
1550079523
867214410
2911334838
4061542577
3358220959
510629657
2557220535
1720258044
1204546458
3686500565
1490750754
1142553326
4201336557
3544886073
2618738896
