1521132283
1318583808
545804176
2654031963
2550727133
982145676
1136269167
165250618
1534244414
2293181220
85497827
2928179573
563948095
336769701
1846235025
4268567096
3627500960
328758297
1315314518
2454281035
2680476794
2503863625
299854119
2215872544
3192825355
3236269257
2119627151
697389580
564198957
1046176495
65750328
4207955390
2380561774
431946588
1732694874
1621512660
3340800972
1168298290
563200097
863527746
334742105
2586802519
2657372154
596794709
893914343
987220530
3938914800
440286256
4080470317
2148450010
3477801568
1313627453
585042451
2682970771
1094954926
1985817542
3609781266
1926891712
3663568991
669236078
1167981383
3071658060
1815579616
4008876734