1065379746
1272935360
2063965413
3033884571
2671634135
1194836529
3988388081
1718296932
754135816
3400645315
2781474946
2708886165
2052062229
3271330501
2442380618
606139435
1947477495
3000877279
472892166
1727507572
1294913205
2242943546
3142235606
83621046
401973661
4277854344
142239577
4108515772
1256330870
3782188898
968627406
3514279688
3566940013
2689143439
2495550502
1852476038
3326993015
1361967394
2932228356
2684025707
3228975270
440023717
2696890566
2836046817
840842910
2286794706
537453142
3302270228
148750991
2173489386
3786342743
1839911514
2271625307
3799652266
4007040191
2579394581
1965903236
3765952146
1716610726
1596805939
1814853514
3118157105
962762386
2527957810
2621301406
1885127450
11947666
2678383665
506819227
3685932377
867966102
1607914157
3684714322
3284526251
1587356047
2023043638
3327500292
1743561143
3591869569
1023190585
3040947546
3558306475
2064564347
3884373580
1133526294
3676369638
193540868
2353081719
2741611030
4201645664
916865943
1222479874
2842628401
2731755237
2611909928
3732824690
1331157748
1993642405
337441018
1212789686
3360822822
97506845
344831943
2300128516
1356740651
3723355534
3339403817
3988538372
4190879184
1761940000
501278008
744083710
2510662485
2364168637
1730367062
836366741
2298020394
4140124242
2531089390
253115008
1885509554
3834266880
1736427356
1152926062
796467266
1949301445
1501110013
3338681569
4046272174
1433069080
3022000988
2803042854
4206530622
402903659
658358444
3241887275
1679455606
908407257
3364503906
2576742993
2832735944
726832465
3594398442
174198088
434970474
3288285080
335933999
4221183481
2175973432
510748087
3380694795
3129430941
2120362811
2608081230
2427089979
1065307420
3701221080
3167084116
4114945228
1084847423
142531330
2276927668
176889738
2932601631
598702916
1531765132
1811808156
1438058539
3227139804
2811886083
1805550783
3186359434
2724474633
3337952259
497543094
2607515061
1599385658
352169936
1650297491
3824630618
658488880
684556735
3936179635
1234916458
1994282794
2445495927
139240081
669245101
2233461354
2849746411
587883563
3240267025
4173067790
3454065780
2871794931
3363646413
4043091845
2433736968
3166905181
1084486706
2085427581
147774122
1659281922
2988871143
2625092856
720705705
3557215962
3422518799
1962391812
2912650226
2087503568
1344958309
739288264
2547541394
4042926144
2102193249
1972625193
3561738788
4279655201
860836806
1280355951
586657690
3132972276
1630551796
203121791
2528241086
3075566600
339773660
257560305
2148909347
2964356357
1547552515
571580060
522733161
3698241638
2797874287
330434984
1981256280
3139774118
2996585202
1119242578
2391056975
2590093719
2220930818
631417754
1789043273
3011084369
2946776156
55101195
1287845207
1793296872
1907267785
1851262778
2930807455
3055343465
2644144027
1940721352
3744053915
2135002361
71701342
38443995
2221696014
3590386028
2711794661
2264826672
150339052
55011465
1263227557
3114693429
3727912545
3354089454
1146958850
1017869021
1958326103
954752584
894327995
548930548
1137192436
453562346
1299323288
641849583