1660774329
3401157996
849827497
3434475611
200941787
1611847415
1367251344
1258549790
1459289950
3605667818
3787744674
724732137
22919350
1452509031
99158989
2842813545
1949044195
3919761990
2451363429
3189609314
1445382458
1742511472
1728408118
3690307718
1216073168
4194948945
3868124481
285807901
2447994409
2427583535
157273308
43812541
4025459444
2889599578
1465873386
1845743730
2801099496
1519821558
105611377
3056841631
2704874861
2751589665
2173095143
2593432356
324793108
91026541
1649619698
1808502632
4172329799
266870813
721694943
1451632306
3403743390
3219907637
3600956258
3985794655
4019538936
920945262
4139539751
3369521411
4057414907
3084933872
1384539807
3736963501
1932326335
2473600842
1212996343
3661987736
3670719082
2783403747
2378549755
4011743853
4211126938
1521325566
3379438587
2750070525
2308446312
800570132
1460288735
