4033901484
1073425479
1011098130
4006150906
1181853484
3690281045
3086526605
48936180
1864466072
271866276
1089507873
3847734211
543742032
3937530464
851895572
4040010212
1996170694
1485334706
786675668
430077131
2994285285
4162724043
1529992746
4000359907
520350989
4178881645
434356085
3817651929
4178193903
2361059531
2610782338
3805864103
384000867
2876899168
2251237337
2095262124
1318084303
524438668
481678920
3205524216
1800585544
779688601
3016357197
764986498
3925955062
1908578745
1793403959
143080483
2890282939
3802732188
813241828
2424180098
3518658924
105206727
2751512205
2654271271
1666596848
2920402232
665919373
2044695460
4019524894
4207483368
3830685356
1474607848
4097986647
604849570
2316877555
1185387147
1639625707
3052768384
3286391764
2441700282
1737769853
149058551
4196537864
1053700532
186647059
1192535588
3529823660
1917543500
1165411243
2711186730
1903165739
747918478
2694297418
1216950265
2815367357
1860093927
99013188
187974730
2156373662
4288134682
940007344
1469012608
453835237
435841776
1018023075
3620084702
3267581781
3990114758
3826953555
1207788661
3404038844
2539596181
515791204
884215371
1020091733
243935516
2532027201
2002942229
1307383050
2813441490
4261116358
2141075004
2092138221
1336264984
4252379108
3281749406
642332714
2201243935
2878400196
127611971
1554216677
697522865
3259075989
2392116241
4240142006
1100229937
2148396749
1181063579
1820424595
2000883430
2442715226
1533925857
1943040150
3737490272
1116490181
3854201311
3898625960
1636310704
1322573103
3818165509
2455919015
2373013685
793842644
2637880920
2458845750
286527657
628419542
3105177392
2962579525
2975580307
2942898620
4055191641
4125319915
1875058370
1635098699
3408736942
702038631
438271418
707777258
917676461
3215230942
1735799805
2156868379
328952199
3308686650
744987026
3555990537
2180056724
254219097
796264133
1750431691
1571986929
2693758097
14216744
997884883
3907584590
570812463
710994401
1260552661
2679326825
3937809977
473928821
1858375804
1882468638
1614147326
692582902
1837869437
3491591613
3048823056
2585542653
2870296071
1250313548
931472802
2160218495
2127972701
1217803088
3911622423
4171303293
76995760
4091928514
3217650409
2426373110
1528804196
71979254
3736028971
1854879148
2823794793
4037490129
921539842
2219350453
1938153475
59927406
3734420314
1046895934
1192860999
1448719091
1622899150
1621843550
4114500292
557579639
2103946679
2643399492
2875550351
3626445534
3924896045
1869505715
3351843353
3132086375
1605158358
3785748712
1763269465
152180572
710256699
2255723457
826613953
2835245268