2239780099
2175921758
2022078861
4209207315
922615155
3069551495
3618912978
1853714143
2194049202
1158254972
3806721671
425789837
1701841801
930556423
660064884
2601316273
2453839262
3530887346
155967887
3063060859
880599945
3902918282
687022063
3425334347
205516111
2479131140
754736678
1438539659
3673533751
2143271041
1122514526
3108640625
2772721000
3684769891
3814008685
1067177436
4251494447
2864022616
3808999049
2456723770
3205192636
1592444951
2891071727
95395944
643927522
4293839173
3799358015
2872974573
2980318716
816683018
294070411
3213173625
1631072461
507424090
3633874100
4216970038
2305908905
2423850218
3105353344
1819141774
4101048074
2106632424
252265953
3603182198
1480319346
1055787115
393650246
4112981057
3730677265
896488238
1566791334
3780320651
3027839283
3375672303
2498713830
1996176625
3936785893
4094274498
4238034313
3844059760
1009865639
645955730
289330624
3447550405
2434389798
3061653676
158356800
4040640255
1852805568
857905821
1203117084
61467377
3495019101
3638967350
948510140
2065798329
303865279
4161810590
470875710
1784195154
2129714775
4174968718
2847020873
599294152
3820914048
4205062652
1316208702
886388832
2938870
2011541869
1251967981
190982253
1880352191
711476718
1027509069
3875739316
1149157975
1082007548
2744573515
3748902555
4263226835
627061147
3483379078
1679624992
1383345791
2704443528
1030806766
817409818
98320192
1553953199
3282944387
1601679845
407466790
1570188430
182441464
1762105012
3573216471
2509645841
3416541361
2381559939
1102759600
1524970467
1409616891
2156790592
132381622
2431531279
4185158325
2868980074
1886463281
1635852632
1496050699
3395578409
2637357529
4252663588
437718045
3521485181
2407293820
2441439768
3999339406
1698968094
2077879116
2436380108
1590640285
3321446532
2676683920
99243942
3432018734
1378385402