71097394
1592336408
3604746903
3864388702
2864859894
2494263228
3891315515
267614946
139859009
758181225
233935004
1112196917
467154447
1514950609
1862813225
3769697342
446793214
3381409273
4153065356
3755349943
1971722949
1391116038
4095053870
110075311
4248200330
2638563536
1510267992
895239380
14739970
513693782
3599802164
3121238848
2417146976
791219577
1115119189
2029531456
3056790884
2706156005
4234459569
1115788929
755639226
1081253719
3255810755
3965851322
2709695227
1280155830
1697272237
2832453938
2963648662
46460142
334103360
3571361977
3068030084
3421258737
565917603
833988341
3604238805
1171332023
3162281522
1272063970
1618989541
946377206
