405635726
3778470523
2134843848
3535787277
2392136093
4186201369
206292552
1491819672
3762320502
2453403236
2444543454
1228048123
39181789
2909095565
2151165187
3496530723
3067198696
140340889
1166147684
2162812015
4047940424
2358311821
883809194
475957661
3950892236
2074328595
3323375968
331786671
603279692
4935776
4179609650
209886836
4266493281
2614352122
130123194
3449625049
2641732677
1608422876
2351277113
110521472
214871128
536159850
2151317518
113156373
931071416
1370675890
1933487339
2114509290
1246555120
4289070435
3453258022
2812060311
1487777011
2207164535
190659537
3164838511
2672147469
3801883183
3819325709
1109495450
2937100917
3221502236
1858601912
1154818629
3993223959
3150806944
2694615060
1196450772
3730425070
2044892996
2791737167
3441192581
1041216742
1513217357
3965595749
3680903580
3550484455
1708381583
1732873772
537578628
262413780
2345504656
3088835146
2062515528
1619400541
3075389115
3399567968
791863672
