1198533190
3867420745
3637784716
3982598828
2842233090
224517602
1954152184
652735000
1106848299
1192056107
526331655
2115995136
1101815460
39573530
714811223
1195442422
2441696809
3736616085
1302324648
1799483467
3178446586
1710696900
2152671939
1517512192
1005837915
953126626
698017837
2663580680
148446064
2292398800
494453396
287694506
1712494129
315711445
3102074297
1960029277
3958402886
316662908
515319966
2640428070
2585253121
4266864546
1251632590
1872249996
1695110287
2036279398
3778017815
4094825050
1185283087
3385488487
2653041673
3468239674
2442890292
519066350
1384409152
627167063
3219078691
937567789
2923549101
383712700
2051687743
3086522938
3413375188
