3034541590
337008232
3937540524
4087960712
3553700596
702196405
3904225171
1017797801
3847536908
2536046030
3892592663
3779003085
1586047825
1824291470
3240011645
4244709605
2550572868
4191766014
486522342
4077926799
2174666631
4258329162
3728418001
3911128242
526825927
3154402169
192496292
3888243776
658512164
575991914
3499547701
1019578689
4150393105
3758890080
1256335733
253309790
24532344
4215285528
3180522047
1424399103
2019715107
673902483
2697724171
2030039595
3853893397
3699076164
1168945144
3350859014
3432525980
3345833425
2014940096
3094321602
3522130088
73882847
639190137
4163549022
465065425
1000426775
1815288903
2304602188
1982050965
1637813811
1203901113
2201461290
2696227741
2420437982
4177450845
3741387535
2891774686
1715119897
1109583179
2280796384
2187855403
544050915
2948180012
1829970691
2863162189
2351722383
745225285
41304623
2224276837
2393509508
3325282604
519226397
1644553676
3351271441
2039074726
3430202421
71265351
135568063
861393770
3553775793
1942400731
3956323364
4128561619
1643843446
3898196505
1207387081
2181355875
4229746212
4237594745
3057691725
904266456
2403580445
3896470457
511091582
1660902637
1859345875
2957424473
2466552610
2174908313
1378322420
1655006484
903439974
272741696
1044178693
803389348
235408708
1690659225
4199106582
4059354972
3651826963
1149545887
802234215
1817910877
2538934593
3457623960
3130074885
451242558
3197366782
2711607866
2318857030
3205724035
2265816649
2426746794
642942852
945346331
3205312813
246105842
793508522
1086717265
3198816743
2526380671
2269117699
3780525934
1734332562
1027663994
3009701375
1032142599
724564140
1103068414
3914417629
18981278
882175002
2569318924
1831494271
2919323824
1587203076
460686610
2226309814
1556290660
1216113135
2730331658
680244172
3705963720
3613763582
2905765673
3232857734
3601376570
1238255445
3706751907
3255545068
4042411495
1685177922
3678460704
3492645432
1156163299
328250894
3044370842
221734247
3782018532
1865693856
966549135
3936338519
1255972137
3564607510
1672522016
4024941419
2358645716
4230310113
2424067002
1235048936
546674418
4276011910
2357344246
2525694990
859128953
964252267
720423533
313127528
3536015201
2868949265
3725554477
2158382882
4206517317
1418132081
349103522
3094192942
3221160946
4124987888
2405596873
4012914734
2285603583
1441991843
1155979775
541719643
3773663697
4048193780
2390984576
2899385756
2307574137
3118330974
616565929
3125364313
1028284798
4282836462
4171546618
2876517748
2060676725
1658984777
306307953
2237674472
907616998
2641997983
2259243826
3122293688
4155736006
1528166643
1031489615
3877664851
1937705968
2655952723
4241068046
3470413816
2870024071
2461313780
4186403746
3624386864
2333017004
3874050917
1823436441
4262736903
723482532
1376736055
844986324
45040763
4083254514
39118905
541969939
2349138726
2996322089
1986125513
2837320451
3852519098
164403693
3738732596
1113490989
2286398183
2145315639
898378201
1538652351
41071479
3724981080
2139800226
3618225195
974659665
1799983909
1573209125
1871710266
801228767
188016767
49842144
941951278
331569160
2064469654
1485048467
2949160759
2966297568
1174641681
832541523
954897583
3635467210
2383591118
2269790805
1971432017
3134417879
2993824308
805289488
2714667441
2458663982
2575622911
3696681832
3294164287
3586497338
1326427288
2539311560
3740902662
157960321
2166921740
684041751
2479150065
2788945162
100457677
1940636834
3711652539
736942339
249788138
338852644
102502938
1782813200
275706528
102684663
2797553293
1999515218
3982439662
3060744421
4110692052
1909903998
1855567385
632288641
3527837476
3263410897
1126263477
615979106
2324990825
331651975
3407608556
2912381041
2834164507
2651635327
671349081
3494652356
1804142203
1944600144
1992921277
2470242494
326879606
3506515712
3966404337
1294318558
2341378612
699233869
1674200070
1138634969
238756616
908245664
106223189
846335755
1985620449
3714156795
3194605895
517493386
1881523442
923282349
3501636055
1404581983
2368642121
2550537598
3980750584
728541730
139903531
139563414
469020806
335277927
1877413655
3126256240
1533639697
4203600537
3911938328
2746618794
786698500
1860001425
2857701382
2747022873
1886432092
3633545336
2781936867
1530956975
1022041114
320610005
577313269
543058514
2984559164
1455662062
255474957
403997826
1241415296
2317773364
3455009980
3810580265
3061756162
914212576
1240808262
1058053987
2814705124
2013989910
3955650606
3234915593
1587620918
1106520819
3641975283
3563344485
1507033734
2760405427
2700680049
1274196165
3582755854
1347635018
1714302041
2321854219
2717329750
4096993972
937149370
4065519843
1401335138
3714678029
1167602810
3195683953
1903077719
1353589433
3474243419
972192276
3730113319
828816994
3809444552
2342702238
4212200738
3306617225
2647197211
1984255865
946821424
1919420352
3473816254
201646407
4181243279
1916303606
2352985207
2699372260
4252473651
1506542842
102863400
2906086475
1348480303
2249812798
2704607464
130193306
2136762908
874950670
1490165093
4044933734
3690791286
1610451631
483032570
609506298
1088702195
3730191779
3092833537
1280269698
1207800577
2713520085
1495566307
3592078050
1735154807
2458994916
3768720409
1723943087
1453726075
899299248
1037661058
2926669642
4204873066
1525022658
2361807604
2556533956
2640882155
2262220799
2796786269
2387321325
2073149955
2979717565
691840180
3518655782
2994781996
513734285
70471182
621199280
1971029196
3067730359
2797997765
4186028839
370939891
3994233753
1856860923
3069965510
924316058
1838068682
3126367679
3997362771
2405248294
2858624062
218886365
2944419412
2724216321
747132490
1031901667
3234176950
3246226835
2824935022
1457205338
1987799211
1503763633
3699139039
3073769227
963538713
3227325025
3304802302
3880417212
533395390
2514427045
3170034492
2459408680
396828686
2264169931
21522916
1468554056
379129614
3202063773
1446591861
3597067915
860533711
2797379477
1676260483
2974908470
2672466598
2362455476
894230509
1056131094
3705258120
436536583
809470776
3668677799
2377769064
270200809
4049424717
3291346227
2166517633
455611674
3642490697
1088971601
59584773
4031700082
4186568295
1099836325
1085484372
3962931765
2431374761
2864377207
1785455744
3038683953
2319469091
1459949127
1918693305
2645556272
3256704683
801269586
1459108667
3409294142
1664962599
2524758402
3257609482
4170721563
1869453809
2696720471
76881474
1341583107
1391876323
4175285948
1905033231
3799687213
3393134360
2054419774
1034634663
2000944271
1296144988
2172161673
1915377114
2780029358
2069407534
388366304
1607315248
455247486
102319863
1661099988
386401433
3896846683
2968187415
215069962
1806049038
2165889757
558136004
3122136356
2078889479
2649072774
3372888348
222778521
742468127
635108467
701094546
3860798296
983018722
3571816937
420707827
2928544475
2879961609
3642450098
1673679011
527842272
1072979876
2277381169
586680347
395758468
2699981287
20555620
4194367443
1019969891
2929615140
990960821
268418562
1603063805
2591437123
232994657
821071707
3537930553
612114069
1151339373
1523391214
43854077
1842122393
3140870076
691890246
3659863578
3040883516
78378799
3243570658
4252355334
2686781861
2444455220
3768775099
383079995
2058061579
1853645835
1672252752
852666495
3964212521
4278045004
3829034837
1486768395
810341975
4239850715
3696746774
1404763857
1014393040
1347192193
3784612700
721431466
4191092186
977683830
3092888082
737646711
3615172178
1153967230
858653482
2549198250
2442498372
2903400331
843360842
2115435071
2055864631
63026152
2067041881
900102867
3546650933
257040936
2408525195
3198073410
3835849840
222644708
1593595871
3764450203
1942689192
3022641139
4247637816
3072979263
1778231006
390116736
3282511262
590215554
1243966832
1701531853
3854439813
3038820032