53536801
17233883
1468856019
3405091494
24033800
743781989
1766567755
2919305941
1299607164
1518903160
4254824496
1497607607
434687297
3847757574
3484210717
386071722
3857455295
1361994390
1229382163
2260032619
1409824177
2621099075
2537535941
3435964775
2407624447
3709985316
3760458183
1773227458
3893689489
4189880803
2857935794
1296089720
2788312217
3619637041
2612508345
1608014383
325960550
607729035
2987168875
1555892036
3119224461
2869860188
1616735216
1400200560
79438578
2572202450
3380193535
1928071347
4178305634
3693077390
1843122011
4205280502
1286389482
12823158
3550886132
1267876090
2229438518
1903259578
1029670295
3757631220
3299941059
2749636603
3660778975
797474944
2867619689
4107029176
869971046
1787855717
1885519066
2036969274
155668327
918438987
1067062548
1279167954
978665201
1173647784
2589617152
3394347887
1605623534
2617335608
1730778896
2760602235
974390342
3757938125
3637406566
3787871095
4136221171
196842361
1622161750
1093383048
1874105701
3282315473
4258164877
1065550914
1042793154
1705810923
1897394678
152443626
3702710552
3036563251
3168516781
3693269058
2285855760
2375455435
1775064339
940818234
4249585285
3514965314
1855245399
3859776656
3275025354
282418989
3406856619
2145141529
87807550
3180006103
2885329591
2158566286
1160169152
2085855428
3598278520
1467463914
840746720
2042831068
3581680028
1088189155
840180915
3673261853
2352394138
259553217
759339421
2576003101
1363767705
3422589435