182579628
1558409054
1289439075
2073877199
3432655489
3789200608
20648858
1547424754
4114859081
3481392309
3479786206
2780968927
2443867669
3174926450
2382305553
3781815680
3921247604
3910299090
3323310967
1521901652
933856970
3778824053
439783047
3715285950
2887821516
3915524010
3696704729
420035903
1054650564
2813383463
4161195899
3635818625
151435973
1710809018
3556823405
4092344659
449160150
2085958851
3293454929
3853220801
2180375683
2603904902
90209092
4284215518
3641793317
1445887124
1010165136
1548758448
982338866
326640824
1557536613
170333084
1779782375
87742099
4262568473
629256775
3241328336
172406166
2680334673