1130299635
3632258236
1756600244
2223991309
4251159582
1887427453
1839892586
698168619
2945807672
1992183824
1433526776
777767121
1105143031
2050985029
2866581913
3246015793
2997075342
4254435393
1401731947
3193979472
4280083324
1553511608
3424165308
3677031939
3891568276
1036388882
1467628431
3356535144
4253846524
4011643990
1870449150
9096479
2302675825
2317261643
1378785178
3198320723
2541747618
3063210140
3653730406
1252016163
3129188122
422567431
3897316094
348467985
1177335757
1231488152
2785701162
722758457
506589428
2661273495
3930015956
409741896
2178650241
2429683447
1379179445
2474358572
3297947316
3361244616
1438429947
3336477083
983177934
1321536246
3539465416
2629169509
4183248593
2388960322
1824419919
2884699739
697382235
2704688668
3076158250
1089785054
883857841
2223408734
3855137440
3289423708
1155611208
1951732875
3560873239
845841502
3193423188
2667166328
3706987414
467514359
2972958520
2085187729
2048241434
921259080
338187059
2883386982
2335786217
3910389679
3474364569
3685078621
1407141827
433466528
2943832540
3771854535
2893803589
1124847186
3138722070
3379502266
3276470652
1134371542
90426584
2827971234
2912462209
1211092080
3186914885
2187632715
2364071002
3703321447
3280691651
4221706157
2804125947
1123140967
1757857668
2416171042
2163031969
1376866387
289318348
1097168095
2095821804
86663341
3919651459
3740795258
2440694158
1413457881
276113689
3152162150
3945189025
1382734982
3576644631
1597983926
2128499718
1424843572
4119763219
3364513583
965109697
626968849
3547052847
3275249062
1808736608
3853057361
1044281656
442153311
1272592295
2881704802
2602047843
999263214
3977194496
4154557515
3788604502
4105756308
3685851501
4208854616
927851194
3255670573
569818167
961089710
3120082684
974532224
2856649194
1407732274
1034831145
1997740994
626177645
1420956932
4139127470
2006906265
2699420221
2399748623
2982131982
2308110261
2994899559
267229326
862354960
1515170508
1580298361
3152512708
1039842492
1989167359
3517628478
1158097998
2195568056
1396845831
3936800251
4180077273
2183213093
3072074915
4091918556
265495805
666778280
2749388459
891538740
3571355533
3769676432
3314947279
1160530699
4064757391
664627273
822624599
2614121033
629814348
1957478594
3822431809
1339458318
1636972990
94328372
2669475317
640539987
2514304129
3820271629
2526891734
4109767398
467841096
3109202779
1863098847
361090411
63453125
965903082
375273235
3296411894
4078062965
2800797279
3611863354
3337976929
2778952759
2651192580