2501902583
305927952
2932034298
2816749160
2240781741
1254780856
1767897315
598146228
580879011
2923265799
4160442401
2509024480
2018817484
1513712698
1513453623
3037542428
2261010237
1320645236
4242296984
2632182896
2947289442
1066821443
4221399969
271011113
986436644
2386568250
1530899760
3194764861
516447076
2072690684
12323874
1398906131
3696425355
530007535
2882496965
596368363
577733082
1893880646
2711798320
4140721347
3239187829
2335936057
3294524649
1517478180
2614548277
1833228640
4177019199
2387883176
2975339205
3504397282
1648080063
1266415013
965996788
3117575072
501748972
4087373554
1295963049
530190015
1275585019
354901584
3730357070
4234728877
2643043616
1181593572
3627178653
1160164153
447267342
1868923368
1513208812
1560691102
3989623740
1877705266
1587783640
3113537760
2889256144
3591583501
3733858143
4178113634
2666337951
1972298134
4211819349
760783192
3734978227
1369750678
4135907163
2822833552
3410853074
3538655881
3768883928
3259938775
546527190
4001640902
4108014177
1506464627
3668375675
3502596348
808119908
2041946469
2994087081
3166246213
959264834
3813491101
599064064
3795172013
1196197535
2373679232
919025441
