1747082295
2423351447
3802742970
4204194584
3110571212
3467731607
4157908244
167549328
2070994785
2540402072
2968019476
2524045710
3812116323
758009290
487684025
740382219
1583182784
819258399
2300689411
641625804
1955373852
3466140536
3194431326
60509749
2646198040
2110580155
3924597698
4201223705
3360195531
1291200324
2056631640
3709310590
406847519
814610589
2364000179
2789124063
3655858228
2724570296
330758848
442556823
484545768
3616120812
2766183211
2267951744
479610446
2367484456
456828378
3874765362
1162407949
1889606329
1066507822
3101478363
3066139504
2806302315
3629456650
2736418336
1560180664
3766521986
722377348
2243749740
2609829350
1026993228
1987645444
565154941
1454933845
3485198004
3084994285
2484128011
818587876
1114657607
1798766888
3333920079
946179509
2981995249
818794231
1573872964
3475734447
1790968694
3877342888
1098114312
266362900
2724561944
468432425
809156135
674231611
3366733635
1194175318
877159078
1599106206
3862363364
2400820903
2883529386
1628239258
1477753512
1899954967
869570545
2638717225
2700611879
926107884
515047010
3981185088
1561350688
2048006044
91495594
759349032
3970009925
1510081392
3022936224
4043707098
2516895411
1284613078
88141473
2367497687
934021985
3619280617
1113030463
531601035
2417073869
3023943344
3318588520
1090569835
764642714
1128228573
71405886
2862669353
1610495013
1625000281
1281400463
4285049819
1264204182
872324891
273823071
95314717
1741776988
3561068807
710548745
3265729728
4180599781
2823415412
2382516882
1833632510
3624816439
1908356489
2289364438
2851049098
931757247
2916326356
3064851007
3855962237
4042487655
1707967644
911097076
210284638
4000140009
2693752896
793873770
644257172
4144117409
3221979030
3164282490
1674234341
1133313276
1697568483
3344726291
3384687081
576920064
1960943454
4106951688
2960176825
3937308575