765796244
4219867267
1800385211
647126507
1655572488
650917039
4263105027
45064059
3735912857
2941505283
318708781
2905436373
457770972
969439970
436472514
3341342313
3329464754
4245593079
258329707
1176198147
3223876963
1025043856
810286510
2522331949
2466262744
989751056
2205988663
1012332600
3986550410
3424300312
2386530454
2961531489
721890650
1986507553
2966980567
1736712064
108634854
660371831
1283565528
2941991205
254316136
3077074300
914396737
3106400477
1151990679
2068006459
589789654
720823297
1481065721
606434165
1513005209
673074936
1021069158
1616524622
495699499
679717893
1610601178
2718523482
2279803614
1835406368
1624679861
2651400357
44958756
