3142513423
1936329578
648562185
2579349961
4266700800
303765340
2582800532
798720406
226536393
3589326321
2200278704
1519179019
3682360685
4119379863
2676878200
3012633957
3987244193
292843512
1388577275
1010941891
2724550967
391290360
2066423029
750504756
2871742766
3513440871
310271430
1294672183
3718421683
591560938
2662338189
535054119
1996390006
325895763
1419182628
2603487168
2465052408
3404384265
3817136864
355873291
4270885231
1587394032
1499621488
2101321445
2117655660
3991479437
1842841863
3396245822
