873638220
179437808
4016728509
3331334936
282057808
2392885183
1393462699
20881145
3649306190
1631683441
2404093689
4108305798
2144863241
3539573827
832270753
364215975
3881804572
3112406852
2643000480
4223700381
134413489
3330094532
1367120268
3061394791
3464964661
240920355
1575741244
2204387240
2013944300
2298500116
1322264611
2483412713
132702524
3680238702
1249908415
1598911950
1891843254
2665217309
360908356
1860394136
3980982283
337079885
951730493
1667100273
3471987191
616561906
3276280185
4272627688
2365696276
2269940073
2198612082
2860316167
4245095056
405333010
3745979880
3824756779
4093835525
3149082028
1594045435
3029228479
3788451926
4217521687
158838481
203160619
2810807084
2361629303
559296602
836935219
4101068047
3607509265
668555721
2807885632
1100159800
3255872536
135926292
24392875
2827370915
1546770536
3032898147
2422430519
1431910273
3196041133
1894942044
2579412166
1857892329
1309037389
1493353097
2808584857
1465723407
3974225927
285365149
3875745077
1527142510
2961626287
2735261912
4251482996
1774088505
1820799351
282834008
1409067714
4127890695
347503048
235775677
685272952
4183541174
1119458566
3731799194
405600149
1399180384
2082027399
3806825167
981165584
2815269100
4273685144
4008855134
618834840
1040455766
3040655820
2642632986
3816484621
702361637
1003009804
2515981602
3066929762
2910420057
2519773898
1464066251
2637290003
1230659061
1262564191
3376292386
214635597
3918297531
2818153200
3630279594
4009416207
2953820964
1842571820
1908340251
783792045
4019536731
1794259940
2710164190
2101679622
1897049932
1433557859
2442670428
3893967172
1483579528
794002802
2969904032
3307330791
118686374
863577952
4143586646
3109868318
3933455183
3083251425
3577759001
367774453
2104629702
3685811378
3909775125
1779023590
1071344115
2265916395
3964560528
2035918401
3534176917
2008885330
1359574859
2381501776
4248875067
281085717
364530765
4223541537
2218492104
4065496065
3326956472
2562046227
4200355803
1513303794
3392301552
3234233266
987611013
1782270735
3631426258
1590276454
412597762
3404673564
1650419683
3654043680
64809062
2734125557
460795913
3139277358
3376899659
855930905
2254854057
4053466849
638670802
706997417
993439343
3904771483
4221226339
3604422977
961108626
3905074708
502231765
1983684685
3418780130
3410023138
3753841531
2442731989
1432921389
1021780185
165500898
978681491
2131599491
353819394
1216939706
977104183
1541849447
1200108357
839955078
1708602585
3015368744
3309707172