1224691432
3554849633
180085323
3030057854
3482979446
3650379461
639604632
1489719617
1609854809
4151406852
3476963620
4267435574
11847295
857969495
1332338087
2845962607
3793752056
34933503
271981046
877492359
3938970778
2490828773
2546494175
2430487612
1029720599
875626688
3801564053
4128471704
3838661510
1556300329
3828223213
1790144818
2816645480
3895399689
297246833
3869599499
954717291
2564728519
721235369
2430670030
3820439344
3593016726
2411213143
1147277987
1593417633
3886207425
4066434209
4166100641
1543376041
803578412
726781256
5532119
747594899
1336451350
