551376918
4070531224
114225488
1688380481
1623559108
3636322336
1220964590
463467739
2884317615
3799220363
1851880947
3683726536
1766269091
2127925732
3638990925
1671617628
632327361
769655983
3080739039
2494215417
3453468185
1289593509
3863458123
3780495852
2809460006
4070102745
2621549175
1716220649
4150768962
3418208205
320716867
1972418357
4063627402
2738909414
776962386
1001494808
1869232724
502350141
550695643
1817810296
3838066170
788398481
3058817022
3094245145
2012246819
808361471
1697812939
829555533
2888777611
3371920035
1340905131
4156368037
532966725
1756699249
978087709
4052808740
1851454862
1779319700
2307787233
1376159930
1460630493
1424887541
4253175844
3155044876
489548338
2592856141
3858658837
1714497779
873920797
2250101263
1261297455
3707440284
3061385942
2453427359
1547180061
385569662
420014098
3211048308
348799662
2442966118
4280880769
1547363392
2383068862
4126440323
2384133321
2603927144
1585465007
3635224463
888023610
2062915631
1517923372
274714050
855223580
775833551
146128183
626546742
1970056062
1775297782
3829850993
3396761245
1709940165
971170431
2290589875
3747263554
4054992869
905461813
2346500410
581232253
496548725
114236576
234035338
3673185717
3310533009
1420141425
3283161753
3282692317
1465353005
2067600967
3977287857
1579799710
3832787934
1478818729
1961742308
2545088989
3206875155
1294734729
3381392553
487064184
743135506
446241484
16826149
1218203458
1255037913
2051198121
3733348758
936273198
3229630868
113996663
3297902797
3505390381
1621679325
1258250330
1395123958
805756772
2488374397
2825591827
377271531
3455167012
484385992
2071720757
1813115424
1873247788
3639323842
2654411884
3386116863
1647231748
1212821736
163054679
773924448
1711881250
2614498886
2659782224
127423509
3066611260
3016475348
97549385
3013755079
3662436462
200654695
1412734025
95832852
1283445251
3080558846
3910124511
2941469067
3336766976
162194086
2080527885
1045173625
3327250984
4218979538
2463560028
1904906271
1689419919
1064065346
1827616984
3851066654
2117036952
1044244840
1851167384
3432800634
2854052646
792563969
2540737278
963115370
3539486990
676943563
858925527
1346841403
3475603802
2022256920
4093590542
55291591
2916083917
1490561000
654839091
1837069368
2083460202
492565895
1104157142
1256705089
3649790310
21282482
1867495897
2146563411
2429471172
2793074028
91517686
1503314658
1433680984
1089825944
4168414024
4280256401
1040275748
2733664928
1284436618
1981503399