2411831567
875099219
101749004
1665795733
183177131
371021533
4218057669
875052661
3108712795
1111176066
2100616121
2200144575
1694803971
987825082
3233338425
1422547627
1487849454
3649320892
3329327725
3624115776
2575283865
3384115119
2116486854
4094304616
3818832057
2265621758
2470439651
2494932058
537425500
1279430079
2985857892
3548704255
1166886255
2892477190
2809773141
3424207981
1611213625
1238030372
1810980471
2420759434
344572166
3953535353
1762333693
2636321543
1728970352
549591917
2653808448
456096850
3410992401
1490729800
3495324699
1839946334
3691129689
2184505455
1008360701
3918922047
3008767596
2910122257
883265329
538277419
3907356126
1612384687
1932115961
3798443959
1841667641
2254037039
3355300059
904601028
288502203
3959713467
2941077143
480927349
716202614
778747972
1747572829
4227826933
1231708996
3995433971
199354396
3834097441
870585090
1667859750
1621862928
2376719945
2886127552
1867149898
1514299518
524922073
2605951920
2491400273
902169202
3871836266
212651182
1504467256
2491898238
3149342501
1961068413
951320106
1686152307
2376680955
8155698
520612779
156473789
3598374742
3297289762
3108870040
3501921094
3917726971
3190373444
3572300992
655850042
1238362996
1967605390
394282102
612044420
421018932
2137265929
3960719555
2477307144
3168970825
726414009
1308181702
2770393504
2339130916
846267158
2715518347
1813708320
2961681459
1205893861
696584521
967320956
1314669617
4267215787
583403992
1992187393
2825299755
222922199
2328660256
4144630649
1348501218
2354279213
2620432580
3495716281
887057281
3739417356
2809009925
2571308345
1884839029
3599714166
4177316401
3202424839
4275739646
1043604137
88419088
818408942
2448079959
957541174
898084921
4047101911
4057257948
3951452383
2181573766
1424248074
3741030682
749698845
1140832527
722118669
3615615565
1922492715
943995047
1824672876
2036144491
3582915922
2152897784
59370323
1430269786
3818580441
605275415
2450412826
4047228745
3803474181
2562503488
3714611574
2094662598
968630423
1730161004
1866921542
4062712527
212166714
3563668192
1004551362
2752568535
1839445903
625698141
4252124877
3433433107
3174903358
66116563
2366307870
1035198301
2728628560
541518706
4191800810