3719675397
394291194
1349584567
3376302332
3538342435
4233289256
1829638388
1805159707
4158797911
4148495211
829575049
601677771
3193131604
2257407479
3545984290
1666644388
1940046087
2703439161
962451404
3169415117
102246936
3259158905
2017272555
1475376232
984316772
4285799063
159123035
4195898926
2584733516
1216100199
531612277
46325732
3489812578
3229429946
2259915129
1556289180
2129702987
2586277165
2322313193
1267160132
1442012906
774318837
1358531961
3078420829
1710378974
2713107105
2735214613
3707448787
1244812138
1463668158
3086678380
3670420787
2676117949
3265904643
4131719068
397205947
3794117315
361725184
383284280
1751296258
2377480808
1861748102
3417221368
1021308358
1160485183
2351768420
2620727754
605997577
4288956098
1263886732
732164884
1508720779
2155284149
3679028518
2781156552
3139177219
1948568068
2564457850
1553668583
3019245633
519039961
2916136514
2514590487
3475086709
1296177397
219614771
3696043088
3076338514
565450745
2847913957
3908688160
1642298072