3357084202
254620741
1065581503
433222855
1521116104
2527685882
2208797541
3062049535
2311384422
4070126228
2299783893
412291813
1715991740
3264792026
489845096
710263606
2991936472
2686964508
22236505
445244450
3896042419
2866873014
3323054543
835372008
1988280740
817576107
3068278522
3578098506
3714580454
1279043013
1409038106
2614953337
3845361522
2826787629
3250652452
3908162296
673603453
3915579208
2188365881
2260482950
2532258723
1707554808
790440760
1490985109
2469911386
3458193947
2671674323
4041378411
2608896418
4140882475
3709585995
1883320801
3205452412
2338842311
3047607430
417939413
2639230351
1337400488
1609408082
1920699668
2643504235
853096324
1368594325
1518250994
3942146493
1407217601
2777680507
1729364262
3984103246
4403014
4227354852
203034730
3231618813
1511411590
354561311
274955728
2613421687
3951346288
2730383997
2032232309
116889938
3873979428
1159440273
2074490748
3249492080
1011472575
1935859430
386394110
218233151
1654549651
407327943
2783728062
2082662996
4167230438
4256571171
875123791
587543814
2066574242
664234175
3245238935
1968380061
771098123
2194840230
3803362548
2997337589
31119738
2277206874
2128766659
2460809321
2223448211
2560189348
4255414159
1351342252