2823604631
484239308
1509292508
2150915485
1631746556
1491794663
120293706
1439506404
201098384
4211772899
3596786876
1945609789
3340045265
1955227752
119756693
1883031054
20094800
1676737983
1250027409
814631388
3304957059
3914730547
688274328
316799825
2563040649
589463531
3813954229
1510027714
4172319288
2292574339
4062928152
4163341812
4270978770
688132650
1920810733
1631739342
542227142
2932014896
3659671784
3510653437
3991307875
3697882180
1372507497
2537892818
717403474
2477774579
431795680
648528796
3569325282
724179990
1280636199
3456374479
2825948343
3395374963
1942016522
320150181
1206723050
408265370
1077515936
2628598875
100008577
930675282
3909554743
2217356036
4294170588
4147577194
2178921246
3849543980
3975118588
1963638864
3000857685
3919869130
2787623593
3426231087
853803192
1176846851
3058566240