2662085305
804127536
3584633471
4197066070
576518476
432028382
3519363314
463307637
3876317289
2683191608
3424733726
3885862852
2319794623
2298964518
3691358678
349912982
2880320289
1425077659
2340663353
3229466849
134987689
1236169354
4271848485
4255631913
4165069544
321613406
3638449717
3480613719
4024536011
1531728107
834082014
2613853300
3967942321
2756915590
2327331697
2110262799
2427555031
1627679231
3117990044
909296432
1241702932
445461378
3188094784
1379269008
2318892969
2805635681
2296023410
3048982971
143486392
1163359520
3103670829
2956665784
1212632721
1242832735
1615399770
3429259990
870445121
3249955887
3239796353
660060009
618889339
4210096821
3731204829
3413758799
1197707423
3070538508
2004049644
2391686417
3926784676
665016734
2418064923
622687912
2672816676
1962862508
608142533
2315626572
116169700
978147917
1868435577
1450923540
2578648098
3443916384
423389725
55752410
4230509152
117440444
4116833537
1374668668
1155343383
2861926142
1715105834
3077050012
1960672386
2529597636
2116839418
2965648739
3778431929
1012153797
2549129093
1764543866
1898461577
1457097517
3333868919
2121128236
1595440798
159814365
2679519101
2246343872
1074274973
3092472749
3277078735
158645043
1831981830
1810698544
2261437090
3901079398
478235720
2747567100
701068764
2979883589
3183947024
124304908
3825158024
1496912691
856392750
3506632584
3968122004
481044549
259591345
135621405
303259426
2660808841
2672015563
4194121628
763359532
2371141413
527449140
563878923
596760195
2568295111
362359548
2191585107
2531928281
2651163404
1029659646
2155433637
124269714
688109102
2680528965
1588813980
2487739772
3934317744
1929729319
15966374
3944550052
2094708016
3497234632
1092938817
2853878777
218839293
722403219
873824486
1722200026
792737309
2129788738
1255303999
2459228722
205352737
1094540324
1279501628
1851334449
4585861
3556665097
75765377
1617640075
2802173631
28871352
2084955609
1392111599
2651871781
2378380487
3133366258