3922856339
2178370076
2102790727
1390210210
1813187327
1365576259
1633750036
1512538377
2277323374
1901663007
638020022
1641705515
1062376170
1864337170
4279347414
3386956831
1040065895
2915836759
2607904583
1055323583
1902441101
4164098700
3444275159
552275529
1950406563
1095651918
2578353409
359814267
2628638323
3703312042
2697576335
3113556635
925129454
4030072631
910147225
2373848514
406135722
4004680872
1602135637
96770583
34335128
561199411
2948371367
3319761808
2507032245
1526884718
3667215583
1645573386
3894990023
53944172
3831141915
1025990436
1932050246
2350289854
3211717879
11048943
4061625721
3778804072
1816572980
293451343
3348027630
3563158030
234799653
1732385046
990244442
2758639172
2853090786
140520360
3737347032
4003445640
1824903461
102290699
373838418
501966996
11924629
142051921
3494586150
4221465949
713347848
202652665
2261347102
1695661251
4277508148
785013607
2197431792
1682242606
3473025948
832342099
618233285
239587713
1488502946
850184615
384367880
851625718
3308683534
2253178614
4047610121
1254039229
1722144706
1070439040
1121987787
850089505
2434401703
2218383646
3485969562
1650234596
450667373
3395948884
270927057
3296151000
623226084
4261096251
3453839657
1220285818
3140666395
2988908368
1600349775
1600116529
153159949
386328587
3255045151
123194651
984838628
3310023848
2038370195
1977215226
3991793689
3102873779
3374358253
1581483407
695029253
1356175699
659871773
2433156318
1893022019
3658924594
1076233030
3579407863
1720621396
1715595955
565904446
4156250591
103722671
3394863396
3436549611
3565775273