2889604607
4029381143
2333636109
3893208023
1262154753
2978506123
1807628932
3515600737
3073209823
4222192349
1266103268
633019835
2894617695
4254321217
3006436492
2535129768
1742096146
1956087763
2812884259
2093923214
2367329755
1856437065
132592883
4292042107
322208398
158946560
2168452494
1672071373
4262655508
3517669458
2985199948
4259991750
3063162925
1493160219
1665232664
249454179
2392821692
3774850273
759461261
2618773768
1884916744
2601708952
1805796210
191894632
617732999
851468823
31095773
819699758
1087542580
1476339026
3132212606
1788417185
3707403162
688435444
856462115
2229843436
2680831342
4136527737
2164113024
565799591
1611335194
934045245
1170610299
4167248834
519882844
1695115767
2899642049
3225888939
720577080
2705466567
2496290111
135304155
2831419536
3507055239
2496890207
3280914521
2466602024
2659195454
2413842691
1121677458
1864086946
1709922265
3763879389
301669542
1444482574
1689906421
4270888921
3598079387
2712996384
669268422
276696083
3579731131
2724171798
154655408
4159514735
2275345385
3218044058
3685864890
55424227
3997713902
3708965853
716206776
4146467177
53976299
3067857550
1247666660
2444467984
1576846024
2705632405
236777915
3018198861
2322959312
2391828119
