3814767689
2767220408
472699664
895848365
2634313625
826648302
2129696699
3440301839
3307417119
748313632
3469672937
3683493304
1855553991
2405834659
3914072755
2335884079
2429134720
1741211219
1965776706
334620130
1849026697
1509441384
2054640542
1072992595
271448885
1040627099
2938945273
620396810
2936099005
2832443287
697196456
4082095438
73620609
900371072
317483348
582303021
3505165687
3773211566
3268666494
337959884
93393832
3874439875
1964826687
2768919513
3608081235
3830393466
2062866196
484222460
4152843366
987299737
4236247887
728924572
713025206
153050446
4125348031
3569809867
296425927
4117585811
120276848
2230031567
3394639158
3748484889
3770657016
3911536563
202413427
2896516320
2439263945
363175716
3323057938
4118931497
1462063909
2226871453
1272225965
924487666
681549639
676528546
1510508255
3047290500
1773023057
3549096681
2374235710
2590029384
1061118668
3932031076
3726619759
3707091946
2030152650
45016753
1065820897
2126668793
1843756862
1550036822
3879554869
2697591760
2201279878
713863063
1366884554
2153795715
2053269183
1391783758
1596092942
1660980189
3287416808
4077498656
2964310901
1761146950
2799172784
3480142572
545034024
2735614337
3277274367
4002211389
234947485
1160948055
