2994966036
3698135336
4286813810
2055759802
71800307
508920309
124462864
1116139733
2039073301
3129597839
634388745
2934761775
3071536333
250334382
2302176893
465084708
1967600098
1500645757
2672258600
2808312124
3270509738
3715652883
1684026020
1020152699
1252659828
2670344420
2824980775
1156756264
3315486837
2290012601
2867884594
3030405977
3747886765
3926206357
2064947520
4162327005
3227097101
3768896165
5737884
788474710
3118007563
445918591
363466689
148349249
2312327668
2047100333
2332266905
3788570318
540442185
1171443428
561310403
1813050347
3310805225
635230904
1731248119
4274893483
212538743
2492844337
1577746092
1673820498
18671448
4062889878
3166703628
3671818434
402007897
3153920469
1686958616
2525935143
1220578728
2499040265
4160858325
3130097968
2626640562
1415776227
23358825
2445495529
4211672030
2967568165
222303514
1090710259
4257225338
605965944
1403163535
3796489961
3587283951
2853421490
