1832014270
1457818460
3575027103
1189962024
2868337955
4045317297
3882891560
1461506310
3676640433
3167083711
694986787
33258059
4119372393
642833400
4279893381
111307243
4211484082
2077728640
1235297986
475721909
3794676529
4147763852
109682776
3462939795
3094860280
3966376493
257728773
3983907018
4215125322
1263124044
74509950
3630702981
4121077457
2270359435
3405553385
4066101515
1003789901
2386008057
409058538
2056683751
2072715354
2613322127
4216239922
4159764342
1821409786
4193511921
2880524260
4075089437
713099698
3984374664
289759514
3062757809
874923601
879839259
19931487
2931391615
3959112322
2523895966
240387355
2228461226
222700154
2690218763
1427090974
2448266200
4102787088
3973789305
3936048146
4154110081
3154544902
682473981
286563622
1566510855
3150131553
3773379315
1944786687
1877002333
499581170
1241114768
1136059599
2529792966
2896687106
1128821506
2138938610
4080871738
3722892483
547569058
190426203
2450886400
4047796796
3205204087
2055949180
1349895348
900809121
842842853
1377969350
1186890191
2238288753
96860659
1851774288
1433007099
3751331909
1511112564
3957391193
1779936358
43716233
3032709643
662754147
1227099735
3571368542
373720238
55115983
508889269
432250360
1553559647
4057880130
3291003925
2346857177
1401115888
1497994895
3549145612
1452937000
3238446107
2614025578
174155607
2825064147
3062130531
4007183738
317071979
1954062272
2874825814
82704376
1453830976
4230183858
3951125100
2370412766
1364808675
1797382113
3467115095
3892148225
380941077
528868429
4253624794
2300973497
1127337865
857612298
2115909755
2328598028
3593270035
202689178
1810715567
3554646573
3393081146
4118977893
2465086631
2792255776
4034448124
1571033267
4173177054
2342980603
2612218231
3922807996
799683950
851959032
2165067112
204816982
3475403832
4164434888
2097916134
3743937521
690904228
1547216683
2794574835
1394999991
953228885
1836695349
3609668038
3721339955
3460202336
2815746624
2538452854
2136035312
1805062110
2287051800
3483436223
879880672
1653868073
2289140075
1794078952
3435213402
1087562468
1955751733
1901464660
1382584768
1923117868
3271012565
4040245449
2065556629
623293161
905245719
4040475919
4215148700
2726926345
1491643889
947161957
2889750845
2945313508