3614184025
1123787233
158566893
1955685260
2554013409
1485237741
2198488059
3923583448
1885063643
1933923467
3743101718
1154662911
3881367297
2166589154
2823815374
2849321952
1743406444
1283677402
77527152
561506056
2085578168
3801951828
2670982618
3526794539
944865943
1228838839
1350571400
1753639068
1538661322
58497884
3252168990
3906586229
2416178956
3869619492
3566511683
3379778324
3301582744
31953788
1025810297
2362305828
4107047778
1368305518
3451580275
312898135
229809537
2599423887
2331705839
1899329450
140810072
3743143241
3239756646
3730486932
3123193149
43309491
2590895395
2465206575
963792147
3142209542
3097681888
2379935078
681679625
3878912652
4178564134
1638491396
539239725
1508953438
3483178810
3765032997
2546236485
3205197829
2895416440
3866085113
52818100
1057208796
4060661613
3406220873
3370917201
1595261567
1922070800
204598406
1921274962
3293422368
3218120921
940972939
2913128994
2431103921
3046278966
1684365190
2010463198
682037202
3705134856
1169563314
1644968306
2064783837
2695747367
2895759305
2707510431
4047473598
1757418648
1960364029
3763575031
2784154946
2026022354
4143113625
958549281
2173613679
2971547178
467582613
935480305
1194965178
2535190135
3563605833
4122173922
3881532
3423102714
4114180986
152939249
1604457945
1900604918
3578340036
3438536400
128674576
2544059032
621877350
4209873785
2469516000
1160253005
1883852729
2558944938
52282093
260404731
3817247274
2775226805
134270161
2633602697
3443506504
1688730744
775513836
3186134854
758979030
3469953261
2570519244
2135954635
77935341
60638970
604957139
1305099010
2925455486
1987700006
2206280551
1277221429
3701475138
1324157669
4278744717
2256025327
2750952823