3547507853
711686656
4227736496
2798422126
1463159453
4224873873
1732724899
702400401
2962985224
3031814666
3334205967
3975897147
3751109655
294593343
2991971084
13404721
2964169531
1989066002
1031174026
4207670856
1950618206
2642172632
2904480929
2288285263
939888912
3638395009
2039235424
3355534492
4142078812
386185201
102331388
4232582670
3979753818
2843539742
721943206
3474373730
1734111821
548290336
1138709452
2555992380
3600957540
2429800157
3290206488
4258520695
3434579317
3137939636
1816067555
3975205416
392514680
4159808816
2822984879
3162315898
1775897051
1723202605
1102545880
2536246213
1151995432
538875165
208769069
3177066523
443805980
4806968
3715137843
2844840496
2567001799
1468294465
2617892473
3945370397
2288875444
993995923
1235130522
3374503150
2066908165
2348044785
1171134059
920145638
3307369462
359754150
1238484549
2250076048
2995517780
1298242942
1964518418
3529945274
1338856000
3860145218
2494775237
2604137477
2999544880
3385576559
2874198722
2749741222
753231465
3144939866
469197833
967900118
4161889986
1432925857
2726977607
2971196173
823820913
1080526770
3610844206
2481560639
784969970
1774179591
2225158946
460168710
48331632
2061578039
1820011074
2244151527
1207739170
2704526779
1915265400
2437136342
2934467765
3634328021
2590663653
2480842589
2281312342
3617289187
2813746947
2328546884
3544307811
4158553996
2561134284
3031215541