1399399732
2091306393
2596178221
3166271707
302023905
3377452366
3437427580
3641968996
4073239448
2637157067
3431154582
2828338583
2200596662
1663271300
3741963426
995608336
2976004792
23996683
3113658460
3479123405
775590231
2578907838
2876867268
3246363325
619791782
1732252085
982278459
1448371651
625626493
2048655859
2821847683
1072701808
3578173800
1841484238
1574709803
2568868989
2413744408
4251439188
708191570
2007485028
1118408519
3316165230
1397936871
3771469023
3779005846
1474973500
2990532066
1176752387
1790411622
3021245817
285470021
2101972061
2914078096
2670877407
285292826
1129980081
578795054
3705766493
2827439384
4288166931
3740142128
3459937194
1308138146
1017975707
1396664841
1357913492
1345464191
4052618236
3387889955
1183306064
510387767
3603435616
3847828016
3287309787
2216056153
1346537457
3275784250
3546731810
3937273808
3144536196
970435375
580532301
311839087
443596421
618568417
4171874629
1622655537
2649525207
2813176772
586996587
2043438014
1194221664
3251839647
4634526
1219279510
1332983469
2230485850
676254189
3100351232
3077246950
795000216
2730437979
3226803568
735715070
3113309754
2849578558
2803551262
1428482860
1946573949
1758768264
2871863571
2318418273
4199273786
486947728
4032251996
1062372618
1748118578
1521650598
1274854491
3906307213
1709156566
3516814386
1417875994
1368839041
159319157
1802291548
1391645677
1092560782
575647620
176734685
3564412192
1416985021
1481656689
1307220953
3365405068
939203926
1826024866
218687281
3654778703
730485868
1215078275
3290172740
322842616
3596018434
1100250380
1239643704
763858833
2769284568
3141190054
1446150078
2468357830
3736624156
3907455860
2656170278
1569784827
3324163511
3330514415
3211556738
1656094957
2568613873
505098163
3716579593
2376008220
789263150
549541447
4218564909
3689445049
1533499044
217653872
3121322289
46739155
4128981954
1852880237
3831634780
99250602
3557735070
2431458985
1834771591
1165000645
3262759577
29493183
3506878781
1247327546
3795550105
4269554617
3727907209
3242497592
2529433596
3087954496
2895756149
2815185681
1219480942
1441554451
253094372
1808094020
798540991
3770654996
2029388664
1035755011
2901512369
661018956
251752682
3484471278
4140186924
3301470390
514671206
1612348978
519750008
1989345805
4005149137
4155769066
4215396175
4130654441
1022543804
1435997402
3979570124
2257896503
1884769819
1942734447
3090701658
1578399835
3207556961
2932892260
1288258024
1600146073
915748594
3633105784
3129191507
3894767496
1601391760
1453408464
1721012549
2834251798
170439682
1542047001
1015625813
330389314
2572658211
2482985463
3176324205
2255174042
1677959346
3305701837
2272906448
3014547527
777560312
248506643
487210507
3619133459
3869483015
698299447
1575685200
807724062
3749142312
1881648098
2666612199
2348387459
975350362
907049396
641817317
22858955
3130950573
1892004619
1393382807
1300403933
2598085949
685376773
3087690790
1035592949
170284724
3169895232
3454904001
470564714
1598874942
4079902176
1240664794
772454732
1419551004
4094922105
1242361059
72382562
280644700
1120106198
2027040068
2277615628
3564413943
3657931810
2310908294
1137153851
2205976721
2178266671
279992022
1145326198
3260540999
412556153
535348900
284820622
2636039453
3435803193
1680585492
1994561581
3101591233
3487317560
292743134
367619189
542808379
3976293605
2935379664
286673333
3395418338
2239400651
2960936668
3262014513
730985099