4127178183
2153063273
4264065252
1759855551
3346801885
1686532202
3321600888
3216946999
1036403161
3098196865
2657239145
2686894083
292309294
1036343092
522756908
1367443208
2817949071
125854093
1623943979
3837492732
3653619795
841264963
155347911
1689636030
322928800
3242044871
1056993705
2057761998
1537815896
2940972820
2675908858
4201838245
532796723
2306080205
2368269038
3644702254
3826395969
2895733444
4017403240
1580695375
761541280
2506410740
1168547718
3684732551
2319850067
2148753688
2124445544
1423901002
1134437861
556468204
2642172796
397103277
2480804502
498125096
3165938200
2374834317
1586422454
3296959341
1211014751
1409625991
4023177016
3942624512
206579712
2116335072
4281211848
4029185590
828520938
1700578100
1918342434
4079597862
2719194424
3603740635
2306698011
3581263715
1069335794
1662026190
1999596529
2645139222
3208945872
115816283
1815941992
1450307666
4285959262
4009338328
1270476346
1847582531
1767444614
808795426
2709903533
761141659
3600866518
3957209977
3472923586
3709831150
4268933467
1824520018
1064718839
3917744230
3114676135
2449322202
253065139
353568151
911500403
851540777
1507694061
4001124795
85821951
871775346
528225666
2818706096
1393183403
2508072400
310088274
4099166185
