2723102994
4150425133
968625828
2160723200
3727940411
840903650
1234621362
617294151
434609317
1728846840
2835253465
140489466
4195077879
3636779493
960199736
4216171121
3167325990
2508590843
1840673253
1501167231
2881858777
2306454864
3011082087
3707372561
2358757356
721824391
36303168
2603721476
2904122132
1621852440
1317114886
3115024105
2011053661
2703043461
2742206126
1023957777
107923361
38144232
1153121231
3071440599
89106457
2875974501
1920067730
3588385414
2971455623
4222686345
1050983789
1111663304
3715466479
3976048375
2213810315
1724244809
3515623871
1200605368
2697599778
135425509
1552086845
1168452857
311354668
2377384135
880861813
2929390407
1713315945
3406557973
1758943693
1647275815
2031328212
1403363218
3253313333
2012381977
1553555152
2260434393
2524637820
1516590044
3135584576
3386857667
4118353041
618251661
311728658
2417559763
2488275507
4241353687
2872302783
3478771309
3461145232
2979621764
3938773677
1046927678
98797551
3468199585
78138617
3857712886
4266212220
327061516
2038006922
3189787389
