1293856740
3854978442
1057176789
1798116559
4134763329
1999827804
190375077
219440497
3706737823
1804150831
3129290174
563734888
2403318082
439249004
1497515698
3644312498
1402090219
770609947
3460837711
3811846626
1348957727
3681701378
1312019415
1242288759
3368231897
1849333078
3620370435
2644651726
3432260824
430667215
893901075
2593483277
3110975266
4090501611
3850948698
158775710
3519792951
3082642738
971931964
3753876861
2116583615
2490382734
570519697
3875735386
3978225134
3026719492
1450121707
3993973055
2274748595
177211868
3586950941
2081844260
425426171
4248844479
3216475641
3506194727
295521002
2193386364
751055209
1713093391
2726706751
3521991654
1721811985
4090158266
3597750073
1381864308
1069912322
661772425
3582435148
3184648110
2773768872
1576326470
3345248525
2028906387
334441623
4037904132
2019635847
762586126
1670960752
2709955849
2704205987
1247873010
1581473173
30920931
2629534143
3239151006
1037994935
4078033852
661380987
4083750415
37095457
1285444879
1306320451
1541782661
1463065644
2890502538
3735910051
553019222
2553645107
869621493
3964042163
4202752720
3137043483
4139497749
2780062807
771420397
2066415141
1723578705
114215043
3967209282
1725007297
3741424999
869477059
1673446804
380386093
2945272444
2953708674
246187389
880782062
2144362839
4277895936
2077555256
2043130157
1389528983
2558307305
1668937517
2654735908
764370792
2265051048
1947430116
668822518
1504798908
1621693135
118649459
4077183559
102825581
133978384
2498577609
1244746805
590124531
408757758
89713831
3865477956
1371765181
2501908574
2500769069
324071661
2499922591
358931900
2391772798
3566985691
171130448
458303282
3591531285
3731976330
1058498268
2952678549
1035334847
2045708715
133888795
3116756996
2919631885
3256146895
2641623305
1339540488
754224870
3154523146
3861624145
4259224441
4129333833
89240303
1371799077
1183141062
668340319
4227358369
2439690131
3304619237
2247342117
4075805737
2278381753
371945360
3114252614
2261693960
3996203135
1024034299
1380717972
1459393286
2832107965
2795888408
156285889
2212652156
447418284
3258616912
1553264376
2519454051
2486639993
4254629640
4049729143
58632813
394332760
243811652
3011164194
242352587
958127742
795274832
4134074979
4216835252
2560794773
832434468
2772711363
1726695668
3151474416
162096486
3947538784
942525977
1078392072
1002996471
2566469318
3534894499
1305033535
66602802
4012764796
3101117993
3393544021
1352804466
1378371450
1986799938
1460792341
358941470
4245689561
1138194380
2083176413
874499599
325771976
1738613289
3773567851
1901222873
3531098451
290790008
771445884
2706080648
1293759418
2933096684
2841825327
3300255406
3751625149
2998997794
331561122
3838808469
1262997899
1988225538
1690966819
2583487998
3286243610
3523053493
858000103
1253988016
2825418295
1139773801
3774823779
2895572971
2063381484
865463737
655886112
2395429476
848575277
2336579549
1273530366
512625048
2292197138
3373485321
403643012
1451934812
1647150013
2881296799
1862474799
300594681
2491852035
2716748248
2110883622
3296117964
2229537448
3025218995
4283774134
1995778731
3385168007
3464680605