707097067
2904078635
909731293
1600605343
2843191494
1820544711
859856173
1310823317
370989294
3599962068
2913964066
3578573613
2216444348
602304829
3315986604
395732694
2876003583
564546136
3367607240
3142094909
3701651965
2853417502
3761857312
2035562455
797733401
2791691766
745145611
2934250946
3497815400
3321188950
1933359608
4029033362
2565471103
646620736
2736416568
3125879852
2366173449
3388580650
3860302137
1724015860
3875311053
1848648896
1480738568
1529582141
3151461426
3097950696
3470064977
8192468
1996635318
2807769258
3183512073
3166535692
3406151176
3419401122
3898152452
3944873235
883286857
2501405000
2738022850
4026694516
4188611136
2934657052
255646540
232363210
3120256371
4161171000
3654705477
206747521
2224699490
4027937414
1172229848
2636430232
2184578069
2516184496
3873273023
2075285193
1325607226
2009974171
3567805381
3159568368
3873619957
2194587505
3142016382
2826555115
1006474823
1577754474
3126965903
1741729441
2556990394
2171291183
1397126057
2851472629
3664462837
916340086
2104515864
209104687
1387893324
167556304
2154484260
3982464023
3595820185
2961500624
2944378815
429713228
578171798
2356498195
130238179
1227955527
1520910710
634016517
1967379729
3782444311
1922690238
3602432476
1323637614
2448801944
465147021
2347279556
3767832926
3594757560
422661670
3264600437
420027564
494694589
28503415
938393580
1169853887
2972987201
1177405968
3988860129
472277193
797386562
1445484846
1463806398
612915694
3084280666
1106455439
3114700888
744712937
1557161607
4251327910
2955382095
3304891782
3888968769
659929904
1397429122
1793932888
4197868231
1085659927
3141709313
1185630708
4285189159
1624596693
284875888
2132439326
581706483
1157258020
3023684931
1580620632
1140631067
625155316
1494930007
920405964
1002611163
1865758967
1680371859
257014092
3000133624
1779485358
2425379745
2254174987
1201694678
1143073266
284816384
1954064180
273569682
1672202912
3169478072
1651158156
1002754402
1941763394
1120249791
3079591728
328543884
3140890469
3472644882
3718940954
1850296983
3823868096
1343449157
1003106215
3475609092
1537177575
2025027718
1166979876
3782750289
2035360811
1259205899
204346366
2636687297
1018760972
197042450
2822397073
777482593
2715982200
4144563453
4138260986
1593255600
176608304
1935974780
868134163
480493556
3908984598
3016588479
3883650146
266214988
2662511118
130462996
2741898209
4003646574
2294724945
3444583694
3398897247
4048950125
3429252590
105680016
1209293088
2372000762
1107966262
3321417739
3566846475
973887498
106204042
2139538511
2634574361
2189795400
2236050608
432484634
118040929
133185791
2291568024
526450835
713493234
2020513553
660155574
1771771260
1746209061
4034858352
3484731793
2797452404
4053643460
2683340484
3893282079
589705274
1515801701
2608967244
683902420
3674423916
3441773770
156404201
1693954071
893811085
502626797
810204994
1907685364
1440600179
911272729
1953707379
3058290543
16493062
1466009505
3344795867
3062731793
1980910715
3641710092
2328906965
2527589886
966617979
25455943
2600945067
1820439493
2762381129
160254646
1244347491
4094657687
1929819955
2417690283
1334283214
2855399361
2668358648
405733341
786206254
2298608419
2300487093
3991297307
3854036612
1960805895
594359011
3338989071
2981596411
2132607639
2818835976
3282289906
39384098
2248797829
2480227682
1913257422
2183430918
1925984113
1282209415
2730049233
1137440563
3803721689
3230542261
2051534362
2571554833
248220858
5357864
2245771277
4046813946
3918444702
2449211493
1287080919
4033526984
3335515851
3546887360
1189019237
2270473471
547843639
3326803136
39388351
666278189
3199470273
2136471651
3803851542
3177159987
2383965673
1459913171
1241555067
2024704119
1713674616
3515275059
4008003819
636521234
3615610221
3789392647
4191624252
3263573578
3076154768
122850845
2274519061
393121308
2428342309
3355722180
1525158977
81300510
1834405720
3651979137
73133549
2605705620
1634954604
1491647440
1067908123
3971357183
1708755719
100817169
3291017222
245186337
1511877927
4209563402
1689469463
197973514
2998438062
1458298992
83263519
4158056221
2984757866
2525573070
552118106
1804962946
3999080841
2151015703
1951344393
2215901566
1542663941
332170418
3064380866
3072347417
1423721875
574669207
1640731018
2184951838
1497137265
1537880536
941483930
2124840372
986690265
2096269790
2064008557
2976266098
3865372046
1446219833
755953628
1960453947
3446395161
1520572116
4005050002
565919235
1678775411
451057227
4210968011
4037386284
1623403668
2593696730
3740779349
2745308864
4062019752
3685809733
761883559
3830255753
4207925010
1077496089
867153084
1503833369
1546149546
2208420573
1189510963
604569177
1757326781
451367982
3124982761
846100174
2434759858
1332900475
3257409869
3883829626
4043684237
567159857
678151634
1751986310
1670692679
1932551722
2074408335
3785387933
2670684519
2642972595
3095935984
4190047277
2272608971
752385944
3708285814
676856950
107618587
2885382879
1074969349
719782384
4195336720
4257960602
3105465005
2681477227
4122178486
1393559421
2275091964
1378435880
464138231
1898127721
1135215387
2857766608
1513822655
2918137721
2852248032
2499712813
3782474411
491301849
3971110649
1861338642
3005364685
1499013943
2804794627
1210973596
593355469
1603536211
2439205012
769008745
980414819
1071186744
37202663
2200601169
3073788033
1306071326
584911534
3522425709
4098300767
2002268325
888143297
2886616197
4252602337
851272720
4097096891
1750144185
1096682317
757005151
2685531438
2383441416
1532653921
1488350090
1505174506
3134452848
2065319100
2858221628
3202902053
3410618449
2921014202
2943813611
4208043807
2785479041
3998376048
1674199720
2532125722
2950787393
4169791038
2145413294
2837441938
2050479265
2164460740
2346782169
2300583634
900037914
1877892845
3248938525
1307901021
1943797701
899678916
1893912825
2030746276
1990815104
10672095
1082614171
3699165475
1718364316
1065594132
1362195043
4092639921
2941150673
876726240
1655998882
2047360195
2498273478
3106795354
1798222230
288931983
189476955
954536430
3336109191
3732829606
2063892340
1000616803
1400293245
1373893202
434470044
2559967741
3122575613
1145089191
85587092
3537511624
1295069706
3951391709
376598721
3051729255
1711758234
1875655709
964083666
3385855197
827042642
2921691585
2838521450
2126633699
3514286947
60843720
201804939
1735213811
3571450111
357278321
2320843170
4105153247
1850281549
1981613456
3562977221
2783046437
1639325512
3202082999
3246442922
2952419995
1702218913
3413932988
2165459209
1884466441
2079113230
4197150643
1974189049
3603412410
4052933109
3467470022
1660006310
3081000634
1358275813
3465179352
3706086454
3272612125
1220929234
4043144626
2485132154
3077205392
2735306809
1405092526
1162704142
1150345285
2064443680
1096532980
2472496317
718909116
239492894
2540782910
3985586791
2575796866
1648596841
3318255132
845897570
1310168561
3997801252
3805498376
750580081
3345013549
540561402
1567848651
2198788590
4175929074
993958023
2914352758
3070151076
3031827432
3250402879
2984461782
18483036
441413931
1402799179
3276987731
2545707492
751367803
3092143377
3848453594
3820702151
3995036813
824466312
1961901953
3942746037
824539882
3898503644
4175795783
1401724912
2015880174
2899536487
447057233
3548761324
2185714067
715323747
3042403937
1454721516
3218644225
2886189123
3745175705
2938815029
143877626
1469155301
2244371788
830974698
990329909
3220100014
1379503031
1083720975
3112253220
1308113115
4047382797
2636120981
286920564
2202426128
626077966
259151731
538555488
147282481
35847237
486489257
4142013449
3691274841
2126270067
3640117171
3550360115
2477203907
3406904727
421712242
3320470331
1163683541
4088530998
205377227
3218881538
822927090
2556421267
343866304
2103170841
2857280294
3768092267
1530071305
3125862192
1083646505
4062847585
99863329
3261986515
1758538217
1188359090
2679409427
60306906
2196462918
505597999
2643918848
2152556563
1749769666
3809787736
408251418
1224203126
3914545107
184277635
947549787
2333005291
598254850
2927515691
2329918809
12484221
1292664774
3341098069
2477309417
2462060325
2182786448
2654581646
590706831
3531160379
2183413251
187108452
1683545959
2279664730
2351776509
3803594776
1065190725
575353702
3542314885
279327388
2097554963
4018040216
682279527
551537307
3286857872
839632191
2604615732
3815925821
2544171156
1284368327
1938322236
4254173245
3557382803
2719450400
1506767456
203566614
3984006501
2562173942
263088656
3563182814
2203734356
1211920683
1345359264
276908468
4121341018
165418793
2942630077
3833745586
1950222924
2016944787
2800923760
1763614037
3554655660
1879123344
1460460808
3210293033
55117359
1413382899
2505829316
1158534986
3504507131
2285007084
1341718120
2993777989
391771806