4131843214
3102995217
1919856095
126607950
1953079062
2014046490
3060868872
2269492346
4229487527
210611790
931776865
4025673525
1150880328
4071743062
312523697
2272277884
3490368472
1305794646
3660271084
2835105185
4068261396
3035277989
1433280802
1551705138
4237754042
1233974161
1340629072
361101486
1453752636
3538960772
4284471862
3364844492
2445957843
126910234
466497104
820572131
2856980341
2773890731
1673860208
1352311347
4281236026
665145433
3652100700
4073310718
2413163100
2907870506
3507107214
3409537473
3484271140
2156067513
215706788
3607321708
2670497546
1413131466
3859229275
1536523469
3492561456
632132788
456667773
1548807001
3763067747
2310251525
3199918288
4206750541
3307200076
3222616767
3821186901
2184294853
1713960875
3217561259
714188739
3997977111
3522241770
1157719197
3274034808
982885645
332653407
1512935090
961652594
2972182719
28393103
2226075697
1456418749
4207021650
2055841602
1483055057
633872698
4117155833
2074920872
366699375
741222909
875182223
4278597144
1861251957
1743723520
3161554914
1625028179
1709384661
2356637550
4284176760
2626277360
2295862860
2400503582
2267444309
940692476
120071653
4013096883
3145298471
4138051868
1088529219
2905873139
3053450059
1551048715
393903948
2119287032
2137551006
2187904843
3034374107
3382347900
1573619423
453512904
4084302452
1607422352