166388306
481415950
1094159166
3934953711
3906000280
2857951768
3584403634
3095884206
2401359035
1324211656
748065207
559935637
1459066641
441996627
419026099
4229706828
4162192905
818713916
4086554020
2624304556
2342710326
1650480324
1447248851
1865455978
3371295315
2779145455
253010630
2600154261
2090763141
2759479630
37938846
2931466951
3872687378
2483299232
71912555
3516693238
335991881
1120884659
3171518137
2288172474
1550303486
4047531437
751832676
203387215
1070593861
3794643138
1709210989
2439050604
1000022993
283910267
931801451
2609255274
2549490063
618211923
769545706
257791190
3516573775
3256514937
2972114999
340738095
3303085279
242467968
4226904417
289026741
770827936
3480996393
750726376
1098010866
4289656495
2974797163
2677532822
2246136039
1079823627
405213014
2055027985
4191827839
2295381258
2581925268
2721727559
2938746822
2566870108
2096959881
3513412783
156090982
1583455573
3158047696
2515195261
4235526424
1690775345
2641897961
3081078038
1663554981
1597857920
4035916254
1604798282
3374476866
3554648298
3759690991
3915528614
1078917695
3361499193
3590216949
3439800560
3657177390
1221706195
2301080144
3495932233
366207509
328653199
3661528666
2429653943
1834754022
2597997948
1763849502
1191033471
2149973914
4244201265
1754933885
534358736
4024834027
2896785441
2553652932
2801304355
433098729
3314584522
1125107514
4248462908
4082850949
3324535084
4203911965
2186640006
3886520488
501663465
3514546207
3405813522
1186664319
2897703119
2570164181
1503204613
563048454
243988201
3760027254
1653256569
3815092379
488387181
2830350325
1210431858
1157301300
1742036350
93734247
321992715
1915582595
786852167
1078306499
73756235
2873861491
3277876783
3085706621
3281933939
2770861018
2297517774
455017047
2376814838
3125480131
3995707840
3444991874
1361902930
3750012429
2820515213
1795638071
2038198490
376441505
1544108459
2370903199
294714315
3904355992
1573056220
2373527999
4080163211
1248321733
1119631976
1223188795
3715167158
2251293879
1931981919
3428499167
910449982
4246168151
1603684423
1995940176
2708162174
3297624972
3361537441
1371894201
22330624
3515138251
1564559212
3502778897
3833068537
122756892
629624167
3268360304
4234042003
4008275418
1368682687
3517059722
4110725460
2293532669
1325846037
1676345885
3058277842
3038921290
3278760890
198248308
2723592424
14226792
3889600469
4162536317
1384109815
3691287585
3024985429
3659287603
1163704841
4135002873
2772753680
2100280795
1226643868
2878848769
4029115507
3970549844
3678749807
2098019947
4098796069
4034043241
468544969
654878372
3023323634
1996493852
4246911791
3011252934
2580726784
3770435967
4185831659
2443999442
334516528
889121977
1432491804
2176042516
186728290
2460718186
1125189112
3873300197
1304641339
1989094779
3673803483
1225857765
3468139395
1004177505
1101230446
188742226
2519810794
2577313876
3307064504
3488617866
584870889
2363226447
3588337852
1255619271
590088650
1330667196
3335512882
230241722