4066707618
844068039
2923945411
3622659757
4256876243
3609998532
3107094443
4094007177
1695466074
1314352673
4007958055
1722336979
3864932002
3115989596
221935207
2832904007
3478233907
1153041690
3343790076
4115365647
1040398727
3983720673
1116445468
2169849995
2506857268
311858837
55380902
489018460
3941964307
4175400423
1506695959
228017967
360063788
2829432956
3149628061
1368633606
2359799244
7390318
2490470780
2631043209
776578346
780972233
2967173629
2640098066
2854414769
732511990
528576271
1896071954
4060714675
1490473707
