3394400909
4163889324
3767124001
1545341626
1238566018
1683195446
1191491330
3755763814
1016642727
3489704066
3849039476
2152137942
2616709535
259076008
2339538806
2672526060
3148676041
3776100888
577210639
3082963429
3631690185
3116290800
3726130028
1722120070
2220438359
1451402516
3952022509
2083183188
1073674409
3334849890
629867299
3334904953
4179394966
133813793
3991532610
565290936
1376001493
2812745632
3046508912
1097722723
112404722
3469628522
3600663135
1704854766
1366820911
798516609
1856765022
1589632994
4018271455
1896147068
1413363487
3998880354
4175188341
1098409334
3327735288
2721693499
3960910140
176687315
3096713433
1359777690
423829210
3088195067
2331033227
2067410340
3352840978
4251961783
961282965
960724856
1215178958
2915995185
4176551394
1290675068
275305176
2152094241
1767325118
2496142491
1966802689
3468740443
2320550017
2294656744
1565557891
707642174
1118308399
4238359897
3087466727
1042882194
2554555362
124815921
2340649236
496990125
2773701278
2170487554
1933420817
4217004506
2424122400
736318465
551050036
1455887524
4008756662
2182070978
2046326542
3031971072
214423478
1305520004
2769973488
413303727
1816142563
2896782517
1939148326
904394715
4281621834
2964998400
1189964058
171445277
2564953885
2971775905
3907628943
1580149582
2877302183
3289868472
219790038
1792056689
1801306152
101710459
1766888639
3450360774
2203962125
2734647940
1450113839
2439788900
1253102757
1760723477
1337862124
2479596900
276291595
2463254755
3740303589
617356664
3238548177
1665924962
2690288192
2096796581
2311327036
2578652719
482532989
4293334519
3696799637
3793991333
3092195537
1188053246
3795109826
3017681822
25137418
472878130
2767998196
1047392646
2699433426
159548649
3709405296
731736882
3089883816
3622198300
1146841653
4226140202
284589149
1451528442
152557189
4028829732
2452645522
879999494
2591319315
2447114481
300327783
137125718
3081281599
2370979720
1648310377
3854130264
3745159988
1991245230
754322898
1343006106
849561878
2964633228
778176543
4092011785
2671975056
1092953220
2494167507
3571302650
4089212383
3157721949
1009545859
1430656345
2992943994
2256730406
3607684650
3747003804
4190558989
2108853765
4281667340
49121649
4023295988
3140093493
1876906967
2075372797
4046022581
2821980083
4269337716
3970416598
3010467067
464991368
1801842524
3686366032
344960858
3580397814
3789422816
3926354467
1237467576
3793982526
2708850055
845772172
855223579
871920840
1489448447
1679705416
1744948377
199335557
3548171437
400538621
3684147571
1443497381
3512806091
3670377733
2381997005
1140286900
1741878168
3120941827
3379316622
399182840
484841181
3266363990
3187731435
1157585534
3367064270
212302477
213342057
2734642156
3686077264
2302863600
3384724560
284808021
419959480
1611813302
1758697101
373742349
3476401845
4277511227
1570127520
1844300337
598051304
500164554
1895298972
2315195080
324561322
2923591023
968009644
897694536
3904978628
126417867
2868535139
3882778233
1768985318
367028780
167337293
1578569256
4257445631
2542406669
3949020179
4286185676
3338542361
1147795747
3020133443
3923528828
377089837
2618877351
508554539
785371004
3647546402
908400102
326503081
1900539540
1173654952
2232132578
1741676297
2621519415
349099880
1192964994
2267869901
2761008045
1208149001
2704153113
3876574218
245058417
2949661254
3286840010
733051218
810542087
1049349201
696494545
699110286
3597562060
2296666590
3044349956
3118179766
147639828
4050788105
2606554626
2894156332
3357316164
3723675441
1266389504
2718830141
631677986
2837927932
2144864979
4255477567
125587943
2280057971
1521135137
348081915
496386940
1253879546
132989414
1028295525
1089318652
474463999
4234485040
4235666396
2444882498
1447740249
742471162
2332418456
3454482337
950467851
3375628687
3506110928
2589651199
1259028516
4277870526
3924704672
2770295732
2105206103
2873360688
2643549510
760711725
23279139
2454496508
3692069695
3103778614
3850637024
2714623983
1431636689
945810651
2316443894
1581416383
1991135424
2827876269
4052347077
3952841010
2934963714
1417892469
3693933968
2898360012
2929351451
413886372
1101541053
2042388587
1851493247
780012744
2000026758
444675138
4288299877
3271994233
3293425698
4134301347
3078022189
769152291
2519608029
4098785415
2599302761
2031058399
3692142939
3836215525
4037120214
2302914661
156480145
3335589528
637191967
2951300525
3458667897
567646280
4035840068
640757818
4176462424
943799162
99732918
2244387300
4180057833
3596652215
2684097849
2154864304
2514420350
1364203727
1363933621
3051151185
2711070943
662551760
4257616311
2423236361
2158081597
1647409454
3668152903
2427809174
1406007265
3743230597
3314578871
1706872799
5247890
1349697660
214169247
753881579
1070863465
1463964164
742784938
81720113
3201114761
3384244163
4028876377
1509195410
3376020765
4216857190
3814437218
3147501283
4064289317
3861335878
3584690730
3058803600
3930018070
2511184385
1316008829
461002900
672788087
4225718672
265102389
3245779075
1730392432
3549403099
1890954099
4158423186
2256446371
3615331952
1995302828
2832882129
1864029386
1802852704
2612001081
184167070
3123151039
4248971505
3169973816
1416073123
1829777728
3164167122
3637581832
670595359
270734294
2560089723
1957882426
459170766
139053833
197221389
2579469474
2113514225
830797518
3757430777
1510739122
2137175580
4023575938
2891287118
3186643969
3818332976
2787855705
4183934820
1868559523
2310089322
1824669677
265397562
1834187369
2020737509
1413545981
2639532138
2517617287
3232789265
3151816336
2840258133
2622552962
3101915284
1235598427
1315095587
1011429377
2382417256
1783335624
3207883757
987433403
2280264219
3261442523
3055842152
202740042
1747827358
332869034
1706026491
2988180880
2710644302
496907867
512280086
3739818284
2601796955
694166858
440057332
3578964183
3531054346
381504944
3789624311
2652318938
80678854
2050772562
3460653685
1633694371
1832694424
2971015089
2458590306
2884383012
425759800
3278139356
504821633
542574778
423685071
3430303081
578400422
1042645425
2387534162
2141297291
3650568839
1345709068
3318754543
3242514950
2742764449
814668825
1010359600
2822056133
1699464646
4278465734
3292936302
77492248
2825254915
2730602358
853218495
3012166370
105833288
2747723748
1760239591
2421958987
2333125128
3323783825
1452933405
2425265644
1930263706
1243160188
2449852497
4219404212
86063289
1053951350
2351986451
3923657302
2683205091
1081914491
155466012
2430848763
3260416362
1343170932
3749551568
860932423
1788395971
2167260158
2419603044
3444291001
333504888