3903456461
1038853012
2454754116
3397724275
2323132391
2106578307
3181024020
2461506461
236407320
3849447382
3055364713
4060409737
2840500298
4009296784
179189695
2261446652
1776765633
1337503591
1317846966
3018770169
590752367
2719464796
2854559419
1867752042
2473746744
881454114
357870999
1655049896
517727537
298808172
3613440548
1810978440
1008854430
1663585011
2846586861
1949671799
889632998
588399120
3830327589
1655951721
4060040301
3775144057
3338384641
1131473528
1950551734
2330289833
3119677374
3841951531
827369455
3819033652
3989115868
3915957123
2155477253
2448483434
