1717636150
3491244520
2568541362
3401514151
2770530775
747230585
1477841533
4238158060
560836372
2111354816
2808172682
3097090321
3580670368
4064371004
2403380400
3589415706
4038146478
538532029
4080988156
3893564275
700393242
2910095670
4042373621
3445575472
766876473
4051347544
3246129118
2155028157
1728927547
1453505937
4259351718
961914615
1926477697
71454188
1430212443
1171686841
2656935491
1427968811
2751667187
1600307118
2102227673
2704446331
4268952088
1068048212
3663512326
3991617906
1852762480
859507754
801502562
328585205
1246336204
2706237335
3189412386
2798978989
3096452060
2900151332
1330097774
1396755834
2766570863
3480046426
1628038791
3985147700
3479935174
2675944727
737922325
1932053358
459103033
644032248
1014772450
210976924
2371647125
636623611
648245606
424974927
2647388606
3846907858
3922743276
3613707077
1421846545
3420729857
1363576780
3939945387
3685613209
2963024580
2580707563
1783917059
3260249695
759199192
2753221154
574059407
3926566426
1311775520
1869870170
3179925062
440448178
712401893
738130233
3778206924
3295343176
3420795724
334821650
2546810781
1948127961
182740684
2941333807
1567172810
2608381839
3986399164
1762143545
1472116622
1206749725
3572788234
3396298615
3558628368
1082113254
27104392
3605491462
1411744903
267449571
3683294366
872196015
3979683777
211840490
1190532786
2873279797
1659207028
291125664
3837313965
3761763072
3013222686
3720388738
3752716288
4011693214
3997007162
1678817491
1246826639
1609673506
2148076720
1220570540
1790255350
1186780635
1803876415
970455993
1118539717
2292030985
1552262425
1322286156
2508201342
2234625365
2142970904
2319256362
1316025609
536589663
3069600147
2429118777
853286161
661091950
473114880
1226563673
3790765019
1770904294
3174279244
60555300
2696548848
3759804419
3760817947
1621733363
1779430375
454548967
3238351084
2504239613
1747365504
1251243041
1593374139
1073773546
725945271
559507262
169009664
3625991502
3425580503
1064898429
628504337
2214958841
1606360383
3569933507
2663266041
813464621
564703933
2988485018
902294673
778863368
649034059
1111713913
886339293
1048795174
1558152745
1745082873
254982467
3980229138
4171535391
2932860105
891020120
1770989304
2962321703
2253776996
3047078741
3735399577
4036412817
1855031845
457429238
3566695556
3317501328
1661004983
3547204878
2797356142
3355876753
3197802746
2868627219
199322106
3680438935
25065450
26753356
681667463
2342061998
3098271450
3798857506
2063687840
158155278
1552545576
3914811623
3793701595
2241893258
1387280420
2796981296
3853521217
4157940641
3357642070
159504702
2907453707
2193631523
3436838805
1922420313
31317941
1488289865
592150435
1310340564
2916019310
2295546831
619045427
3557473624
369155026
3790635333
385995395
3403088057
1457854443
3929120991
2271053381
483278656
2929609634
3662891369
4185890428
1561605556
2049826487
2649116713
2092177527
4160270677
1802901744
2663041701
2002450484
656278034
1439318537
2408216022
351403914
3317125165
605304941
1098346396
4283247089
3625591104
4076365410
1790195816
1722208307
737335140
558295174
4138253093
3125439152
3348500705
1128555322
2621911519
1627870181
2824116105
2847994862
1824952542
3541851080
1068737007
2984134411
2241483040
1659151587
2708949859
4144577619
3519606471
2170301885
486973912
3801156219
96809859
2758087603
3046425077
62059521
2488285719
4261448499
2742818800
3881445940
1647124211
361528014
3444164531
2988403947
1396378202
3122379236
2231713171
3841998097
1168195865
3774774033
3100309051
1703099804
945551774
530942536
3063700006
4028161906
626371074
3346369036
1201174300
2690817220
3237509403
2628614686
840410524
351599611
3714227757
4008337122
442543587
2918665944