897096972
3639602221
3488841406
4145783051
142801966
214242581
2225835899
2340051417
3629372944
3256693367
1924753880
3031237499
3500941350
2352697352
2824111616
500498768
3962243517
1171935688
1029371859
933343589
4134037381
858457537
3691276732
3998966199
2768783492
661672306
3128921663
988682318
2665978034
1675229577
1566436499
1109235098
2958016778
1363453008
173732366
4164483026
1565917304
4211967222
2357336481
3282607765
523821860
2599041038
2812778305
920847028
1084910090
4275442582
2111395370
3329418753
1314585043
1759597674
2213026639
191800699
2381618234
439249025
3935254012
1379883239
3430240557
1898590750
313826841
3700834772
237996749
2803428892
3113547331
3546647763
3760224617
1676451601
932756755
3122819073
