1768445622
2448889635
2147859173
2179159363
337939781
1498187463
1260535144
3067871846
3001553103
3955031151
2114997029
3317949099
3205453894
1944602112
2301728225
564781529
724456557
3706297639
1476611481
3285811359
2010102238
3912528174
3703685637
2527184693
1303729907
1941270863
3491825115
2455087629
599076731
2807625429
1983934669
2158968784
892425665
3485730917
3885220602
1273807917
3215018996
4228757258
1035340938
422659126
2225289928
2216865101
1045355380
437596062
7113891
976287391
76041101
1217601246
2180125706
187493034
902609338
1917871469
4164011663
640972553
3187244440
3970597265
1932243380
1989698507
1262820585
3954160819
4130899736
3795962191
1396598360
2711356219
988757321
586112108
3385018516
2090847647
2741031483
3052647031
