2773274748
496938618
367472702
2875196708
2460106587
2963713145
2995899077
3106637103
1834124627
3201411710
24236359
2191054711
531399072
3794532187
3428812646
2110760570
1128360319
2042629892
3394490877
3087855666
1579130057
1844287564
3766062901
3784553887
3507465763
2578443640
920295442
4080594292
2460281629
1152373114
3659526949
3518172593
3190474432
489231755
2344981583
2088349007
1050246949
2602123239
2161815182
2658088387
327332425
3583854573
390593212
4006352523
3974605725
2911900750
2062451281
3736399426
685751410
1560168052
721086874
3979067482
2231256225
3286078955
2272822886
1597321469
2698157782
1700967957
1143422016
1886049657
3581356804
723568517
1086118984
1206604982
3038720367
536795914
2360224750
2437642274
3587585983
168325070
1865905233
2919895929
1061968698
2003873162
194870819
823487644
2326610162
549185448
3277468006
1135437034
3556137521
1778754546
2080401120
3170909230
4128954533
1060403445
1325394288
383126163
2176459961
2671300366
538583149
1129049898
65760542
1073823988
1647810667
994509669
1070103954
1890777735
3319086904
2093189164
3418780946
3517483703
1802512423
2735778302
2344414741
4280935145
1001202906
2954250417
1763771708
1491883569
1090779689
196173544
2731337719
3711773331
1819877444
3109102134
806723804
3542111582
1069036184
222088
1136410752
492391907
986635009
1275355204
2579949397
698200606
1560627979
3506065280
1447470334
2037359806
3937655348
2758995032
1615524395
1472397137
655387520
1095186430
1520859359
4194754703
1376798689
2452894023
1816801558
2255699710
2106368722
41147300
3258364485
3850929861
1277244162
2738880696
2466620149
708705825
3765646835
4137658381
328891510
26114720
3846769662
1187042078
3295484492
745913272
2307407091
4025037582
2428898500
584461103
372541635
1392257446
4154682106
4048552862
3554677024
1530299547
868974758
3638770419
2029835192
3505803369
2623283776
3573580264
2375966417
60062248
1237639245
100197622
3898506573
2335046963
4214403576
1911073399
2170209564
2861438643
1108992778
2366407678
2658277592
767158563
2638939807
1696250134
3993929066
2770874084
191808740
4016601599
351565254
1208460574
3132785932
1804364371
1541011135
466717072
1623211518
3450662804
969171755
1379670731
119352496
125451398
1287032434
4131589461
582157023
834020137
697406421
3514083010
499420522
1405949389
1799520321
852145173
1865868231
1304056718
1019867251
142865602
923906459
3731415193
770557528
2487750853
1089266390
3616799254
887258418
24813438
558283405
2820096607
765237032
3437732450
2160389288
952938047
1698829245
3427277831
2860463275
507745656
2293434040
819094690
3507370424
3353408381
587004144
2870003969
2820651045
3128627929
3561539952
4017890408
2223321569
3668851002
4137913590
3938360507
2405044652
1343848426
335365239
1882608982
1127795835
2255506463
3190182388
2260663350
960680245
3687123091
3674917715
575787742
3848642749
4143050512
4044688008
75005565
4020615878
1029143495
3659175502
1260685794
1906756092
2284525288
4033126500
3897864466
4156170258
944578624
2575808048
3010031363
1851682489
3143994750
429862055
2826018187
2927973944
1859606597
2435918737
880954792
1418298713
2822725289
2089315879
3041527562
1976608678
301590123