1259190781
1753464610
2300724223
487656810
646209790
109883121
2739354374
2234658641
3548407382
3883838191
4223093804
3883251952
4166019842
3686338517
1335591772
493168213
157945688
2430891040
391157461
1283756996
2452735858
3666123452
1185003594
3883724879
480574818
4177951752
1928788934
1359343537
3063026357
2633726189
4141357655
671457605
825977641
3588612877
1121896555
3923753294
300536912
888498146
3985161640
2812586855
2778088751
2702311603
2684210048
3235666083
883182586
3987686412
2858323676
1091390133
1252475994
