3444043119
2538618782
2416654546
3312968761
3148120234
3074059368
674079156
2296297237
3891281145
75616178
669549277
1425751581
1015867166
1430325987
2651400148
3142808797
1252776790
1434035619
2637835803
1991212584
1243920935
4178055364
2681114379
1013269271
2574560107
2926572274
3999841199
3977783505
3442975367
2255957161
882722274
403176201
3609274181
2515232456
1505574959
2416166297
650738688
2821573384
3321068864
944840998
198597039
1094480286
2746825673
913177000
494334084
1669460487
444129209
3531311835
3786880117
2533977512
36919313
2343145218
3131987958
1970838086
1742622661
2771111834
720747586
1755569640
1537903848
2497318609
2325263347
2469077878
2890683703
3826726743
1600888201
2564584463
2624026501
3551848223
971333934
88282645
121930434
2648368079
3580638967
1274466602
4029388140
1025052933
2055219906
3043684637
1489794190
4042441901
60173058
4089868847
1012770564
1422269396
2802671441
2960194282
1227644893
1324833682
3967030878
263623020
3557169387
2713896041
2868971296
117814816
3058468102
1095625891
2365300593
2744055078
506239294
2214450990
174179840
624864495
2625530821
2879113935
793649204
1106666056
3252862246
2710601657
2377908805
2347713206
1844885134
1512442800
4292791816
1797599015
4089123126
399204135
4214558069
1341459401
