895146723
550903644
2845130550
462183028
472119706
134570660
648779992
3351961619
3251559
2528408226
1840268368
1374212121
493284058
2493124418
2686029504
1350975021
100860094
2803987566
28349078
514817642
1226149468
3586894427
676829332
3672714409
2666405409
484210215
4251936062
3708968040
2073536579
993176546
2947198739
2086584146
3418285491
373157078
1862765184
2688297297
2240834629
998734065
2315587961
2961609312
2408756080
1302964204
1325071566
1821590367
651839550
3685272355
3288688653
793442251
3576813847
1670396985
1110094241
1665327753
1224860089
1364359036
817539463
1461439136
4143368451
3217879808
2655299073
345663460
478142531
1769798922
3032782491
106381190
783221346
2241561314
2338550488
2354815587
3122231959
1271054175
2960892182
4265710366
1579751383
1354578377
3328590406
944407168
1688140513
1521302339
2174901567
3047088102
2456777282
4016240131
1358924005
1365398907
3016190832
2681339119
907786844
1392698968
3387680684
1039603579
334306514
4128036895
4153582888
3002655973
3219538468
2168983410
3230489794
3355234480
2962320915
135242125
1109254285
512705280
2519916069
1787386190
1173796230
1252472983
1593191108
3303655097
3256832896
2477462431
1139570668
565305916
2986420962
558775709
3674572475
1916056835
3119120601
1374678842
2497658017
3675999532
2626634070
763747339
1524441144
2864099979
3026624012
2918578913
