3865916401
1233629711
655955499
2980223659
2197117383
3661357243
3398666361
2997914493
2513925379
1657787674
2972793782
3507353687
1694556472
825843527
3957952978
1606954096
1807269827
1434151384
1833892897
2515018007
2972241997
3135909190
2230048647
2283179859
1358094768
4227857889
272189563
711094082
2807366107
3587342333
462311238
936563925
3176165301
1741281414
3009753939
1245126634
1729268633
3095858400
2611825631
2575926280
2315591086
1152794504
3078542005
1751540211
466714139
4036467810
2108075814
3052762029
483610067
1061544999
530555826
3782235980
40027485
3131681005
3999788894
1366903955
626980751
578364199
548468289
3352601306
752621781
2934577008
923791592
2735894524
1593654704
493127555
857631834
186455359
1656756032
2644699202
2438529630
3170252972
2291775923
3018921118
1294049631
3278788923
3969713440
1757786820
2045416523
3249467470
1292097286
2414203584
3825051850
995177543
604617884
1612856094
2453448817
2590770657
2242428877
573193566
604282915
1049964380
410557153
1357351606
3580751863
2751763999
57567145
619873955
2603140569
3222227271
3775725285
3261251853
2616944475
2935590663
2911754024
4012017815
4120150238
3242099912
677675226
1232706061
3455914677
1623378144
1628039661
3100347259
879925677
1610622327
1222001675
2025995207
1810093063
2328393406
4239629828
1944955899
1220681478
2487048876
2311914925
820262326
4004731419
3503235207
1488273126
119411274
1816959969
1937512275
288323294
3872607130
1311904441
2582341821
3595017031
1886901963
578883613
4217049434
891731113
3667947842
2405627284
2531301463
1336258460
547100901
3068363354
2176540566
3562909097
150481352
1734310095
2315486856
3719603481
3648705746
560749456
2731491390
1625790733
2774657676
559624303
3183370316
878685444
4070800120
4224648307
2095594014
4281688954
152652967
932214617
2709377975
2946946904
1273551391
3835142838
3319799287
2304810609
1816334044
209000350
2015361683
35416535
2251177772
2873064918
876615949
2668987642
1209757494
2886892729
294274784
1234475806
1661967198
3170974818
3040411520
1267053156
1126976886
628203144
2753465
4229434311
1851316488
1675067066
3447455023
2261974706
771574626
1325489935
2953622831
3206034786
3082638840
2272214697
2007407380
3190142292
3081927691
848275761
3649584938
927418298
4205726166
4002363669
3769854174
2049626943
2585066341
3111687893
183302889
1222802617
2254932310
2553015283
759361662
503884032
2815437033
1150256958
2352806396
1941017466
361560167
696850246