487879866
230882424
3912997773
624966370
2022703437
3563234178
1948892872
3516996970
4217462789
2107441743
1135471031
554118482
1356210733
1132091237
1657846735
246928783
2792495334
815786200
2905716738
1931468683
1869475917
836757768
2020339597
1960044046
4197603140
2169978222
3223927391
1406895459
867336044
1672972240
4243039423
3772998201
2857724181
1431570444
802560238
3123743665
1417464503
3985178727
2369170258
1081735397
2748479272
338445086
2472091239
2470599245
3712853500
1541794861
975821451
1813767737
3423292706
699339305
396510249
3900406259
2061945851
2802554159
217433659
1006987776
1799929292
2501697886
3038676751
513039992
2036121193
345622606
1360653810
3327343107
3842042707
3703686216
182026886
1019212477
585284015
3120079409
4023679062
998267590
4004230850
109770632
2873674441
3219058234
1720109314
4007875405
256696504
964800497
1247445574
956903418
3251557250
3436282327
606098911
2826128128
4002299045
2727754011
940014850
1418564005
3851101861
3506516628
3984129024
1426854826
2104164666
676811789
2365723649
2883724154
606963753
476081460
2911831685
3636813085
72515856
2823742692
845767596
3382187577
786631558
4076461906
1746342785
3018431134
304778190
2723766601
600669805
4142987357
2257221112
820437601
2474506430
1066860753
907059539
1777941127
1441055308
2394595226
4003991232
1529559403
3858605845
1582019506
1178913953
3381627022
3352845835
1606676360
511511396
1842928751
1928200468
826277
2543322688
3437889258
3520456469
191918810
4248750663
2243390440
1205930466
2520299633
310686895
557249827
2632177273
2532443686
1879158282
1557784765
1972528641
3164419124
4219155917
118101900
322997307
1825570562
2118152455
2430806874
3718659660
1780634519
517847951
1196607460
3078599493
1919901255
4102119501
3402333508
2635082461
2084270712
1057541411
3598139176
4293991793
2827880945
350337835
2876177429
2747555454
4152413066
417658368
984112548
712910393
2846326681
1466851728
4088369478
162971522
2742139006
587745185
3365813640
1466026112
502574253
1281337099
2122445422
3712120130
753115585
4236849139
1798453613
2991051190
2997877253
4067674643
466150708
3889780489
354381681
1790258092
3762853259
2957788418
4004500268
1289272791
3671657305
1293860535
4107552742
4173417161
3385664563
3801373665
263729627
984630017
3051918417
3286244580
2255806388
1939025482
2229511954
1482627473
33594826
3184175281
3206490154
4176265262
2760195341
1484580630
3574461385
4237894865
3948672352
750308262
1186774936
1860292787
3124170635
3908911487
744574127
719931405
3379440148
253506771
3679736631
1555747009
3163129893
902843505
1437205936
2188945556
1110261553
2270866573
2264046869
766553671
2105916468
2194512094
881169824
3578530227
695983085
3566346249
158557553
3661595468
4151321322
3627508409
25066953
2623397230
3318818558
1878336086
663994883
2041736189
3378868301
3953008629
4268610263
3362154738
1720557654
1410712771
3486038719
1076891382
3074257726
2658948637
635299617
965173269
3906545139
2935260449
1125483534
2837963339
262470465