832179095
1553131310
4079751471
969095273
2650541510
2508665983
849094607
497702859
3272492285
3737941974
4164255172
3551058893
2193138936
1069648514
3494902922
2948310321
1153831431
3854015237
3209174690
2869377705
4060268046
148347044
1970866912
3030803132
287173626
979700119
3776835728
62685826
1402146999
403789845
3977802810
4027830850
1040375882
463990235
3001427944
2117861320
1990976588
797685469
402905914
1401055501
4124500076
3177866586
2140858456
451324044
4051713208
2814421749
991664898
2273938439
223771845
1557372684
3274411429
1409549022
1132462027
4130605274
445032867
2397394768
3131937345
3414979884
285147073
3374916155
1605471360
1278825274
1276089472
1192083210
500607089
1447536649
1595152252
3777747925
