3827890285
2909155358
26354892
4071805198
3572142992
2895091541
2105365076
4163531299
3325407794
3728055920
477830867
1228869988
1926724538
4095906330
3065546690
2744058827
615211793
3865805396
1936966079
1614862438
261871281
1063280413
2815097415
2607459439
4166389114
3186861497
176554338
3613792517
1590666518
3150026942
16215439
3104306126
2556141247
1928637063
1472546935
1177146320
2301539667
1561542918
3118941998
941859153
2458696678
2628775332
3959201111
2188657209
2355435973
556759130
4197091944
