4163889324
1545341626
1238566018
1683195446
3489704066
3849039476
2152137942
2616709535
259076008
2672526060
3776100888
1350224119
3082963429
3631690185
3105893837
3116290800
3726130028
98455147
1722120070
2220438359
3334849890
3334904953
3991532610
565290936
1376001493
2812745632
3540369161
3046508912
1097722723
112404722
3469628522
1704854766
1856765022
4018271455
1896147068
1413363487
3998880354
1098409334
1388086857
2721693499
3960910140
176687315
3096713433
1359777690
423829210
3088195067
2331033227
2067410340
4251961783
961282965
2915995185
4176551394
1290675068
275305176
2496142491
1966802689
2294656744
1565557891
1118308399
4238359897
3087466727
1042882194
4054279335
2554555362
568527270
124815921
2340649236
496990125
1933420817
437926021
4217004506
3220864200
2424122400
736318465
4008756662
2182070978
3031971072
1305520004
2769973488
413303727
3713604720
1816142563
2896782517
4281621834
2964998400
4166596432
118007714
4173770955
1189964058
171445277
2564953885
2971775905
3860667222
3907628943
3289868472
101710459
1766888639
3450360774
1450113839
2439788900
1253102757
1760723477
1337862124
2479596900
3832790503
3740303589
617356664
1665924962
133383254
2096796581
482532989
2344972807
4293334519
3696799637
3092195537
1188053246
3795109826
3017681822
25137418
2767998196
1047392646
3709405296
3622198300
4226140202
284589149
152557189
4028829732
2452645522
879999494
2447114481
300327783
137125718
3081281599
1648310377
3854130264
3745159988
2040819984
1991245230
754322898
1343006106
4036201539
2964633228
778176543
4092011785
2671975056
1092953220
2494167507
4089212383
3157721949
1009545859
1430656345
2256730406
3607684650
3747003804
4190558989
2108853765
4281667340
49121649
4023295988
3140093493
1876906967
2075372797
186148019
1287904182
2821980083
4269337716
3970416598
3010467067
464991368
1124768005
3686366032
3580397814
3926354467
1237467576
3793982526
2708850055
871920840
1744948377
3548171437
400538621
3684147571
1697285482
1443497381
3670377733
2645335402
2381997005
1140286900
1741878168
3120941827
3379316622
484841181
3187731435
1157585534
3367064270
213342057
3686077264
2302863600
419959480
1611813302
1758697101
3476401845
4023468164
4277511227
1198204199
1570127520
3699621055
1844300337
2315195080
968009644
897694536
3904978628
2868535139
1578569256
4257445631
2542406669
3338542361
1147795747
3020133443
1491247678
3179529333
3923528828
377089837
3623836280
2618877351
508554539
785371004
1930090289
908400102
1900539540
1173654952
1192964994
2267869901
2704153113
3876574218
245058417
2949661254
2695364465
733051218
810542087
696494545
1474066203
699110286
3597562060
2296666590
147639828
4050788105
4076203676
2606554626
3357316164
3723675441
1266389504
1546805623
2718830141
631677986
2837927932
2144864979
125587943
1331660703
2280057971
3793847108
348081915
1253879546
474463999
4234485040
2444882498
1447740249
2440863266
3454482337
950467851
2455483803
3375628687
3506110928
3924704672
2770295732
2105206103
2873360688
2643549510
760711725
2454496508
3692069695
1368241112
3103778614
3850637024
1431636689
2316443894
1585942936
4052347077
2552314938
1417892469
2929351451
1101541053
780012744
2000026758
444675138
3271994233
3293425698
4134301347
3774109686
769152291
2519608029
4098785415
2599302761
2031058399
1559736301
3692142939
3119292515
2302914661
156480145
3335589528
2951300525
3458667897
567646280
4035840068
4176462424
943799162
625292505
2581091181
2244387300
4180057833
3955586505
3596652215
2684097849
2154864304
2514420350
1363933621
3051151185
2711070943
662551760
1647409454
3668152903
3526080754
2427809174
1406007265
1759569420
114604331
1385320576
1827241203
3938227405
3314578871
1706872799
5247890
214169247
753881579
1070863465
1463964164
81720113
4028876377
3376020765
4216857190
3861335878
3584690730
3058803600
2511184385
1316008829
672788087
265102389
3549403099
1890954099
3178176429
1474097706
420660206
2500674686
2256446371
3615331952
1995302828
1864029386
3123151039
1986967843
2832956427
2596898852
4248971505
3169973816
1416073123
1829777728
3164167122
3637581832
670595359
270734294
2560089723
1957882426
4108594924
459170766
2579469474
2113514225
830797518
3757430777
4262412876
1510739122
2137175580
4023575938
2891287118
3818332976
2787855705
1710979124
1868559523
1824669677
1834187369
3206536057
3630653449
2020737509
2037132862
2639532138
2517617287
2622552962
1235598427
2269605492
1315095587
1011429377
2382417256
1448618700
2910851021
228756744
3207883757
987433403
61827632
2280264219
3055842152
202740042
1747827358
332869034
2972720935
3709993837
2988180880
2710644302
185072299
496907867
512280086
3739818284
694166858
440057332
3578964183
3531054346
865226247
3789624311
2652318938
80678854
2050772562
2152118075
3460653685
1633694371
1832694424
1546257871
2637421455
2458590306
2884383012
425759800
3278139356
504821633
542574778
423685071
3280085207
1042645425
3650568839
2092401347
2808822740
3318754543
3507225610
2742764449
814668825
2822056133
1074729346
1699464646
4278465734
77492248
2730602358
853218495
105833288
2747723748
1760239591
2421958987
3323783825
2425265644
2495748697
1243160188
4219404212
86063289
1053951350
2683205091
1081914491
155466012
3749551568
860932423
2167260158
2789870102
2419603044
3444291001
333504888