603480681
3763381250
2072905293
1920294818
3990998976
182650165
4244023582
4058976594
1610311609
2139681585
1143298003
878553279
3318955298
1636736329
1604540428
2785876911
1863316117
2064044554
620680896
3929972731
167897969
2487049541
91691023
2509796945
3998063323
883412783
3110341480
975783773
3892933163
1332832901
1662303254
2966731706
3579551799
1657670485
4219006425
2951421090
343130778
2948439738
3464539984
1269673635
949406660
3145287509
3980369949
3663830269
591913428
594296140
1228321792
345092661
3199032971
2352986888
2465143082
3713988265
1386023619
1027877701
75493164
1661840869
2488084672
1628041820
3183325878
2881622763
3861864708
167329693
1037902607
58383262
2124452990
4111128248
1384536629
252545113
1350295123
4085526503
299234917
936969538
738439950
1546276221
843268417
568100735
2028107654
421293270
141736549
548187240
2483700341
2745296538
402842360
842023963
1956485096
3815250790
812501723
2845615212
1877991504
2013733033
3409284755
4275547494
3120295329
551145028
2060197555
929903275
2795665349
1822269661
695746677
3835070377
2551033376
747562748
3753136342
732094503
2646695856
3032311378
676259944
3260805858
1950100715
2393456676
35158109
3874554699
3096086745
666855796
2751755690
2659460128
2667168956
2439452979
3905683041
3682837138
2018248586
1714998413
2962782124
2321341131
3435176728
3500816349
2262755914
996694665
3306951968
3576933739
3735369377
3772402567
542602821
4127233457
2124819834
1959784723
1953665576
3423917868
768243210
2286338829
3838746490
3980010005
3903090652
4101566432
2227993870
1660743888
4198397315
1149700178
104976283
4058338793
2198940951
3132505140
1355960057
1071737656
3180039655
2355378798
3427578297
1882018160
1444267657
1156336758
1927750296
2031790253
2492189327
3416668642
2442126374
1631065619
3388376895
3336521031
1602233627
2968908643
393560099
2700104287
1971255834
816135712
1416617991
1221825189
3876074161
1277886020
1683689367
3355847478
364814752
3104471380
1990213629
2042534788
1359842588
849591186
4041285549
4242738933
1215114731
2502600965
947860801
1758039540
3098517274
194115690
2776889341
3434982824
2295986757
1338778957
2534980609
3698871012
1848421735
1577958493
592469242
2034975167
3468760625
4091109697
1517801184
3417149814
957202943
435984622
4263587396
4163260690
1472585027
2288662963
2265206409
1139373845
2875995058
1217285029
280399603
726400001
1079572974
3343459496
3203609518
1155676181
3250519231
3453651606
3734950182
2920893001
3425623095
1930624142
4184704325
817491964
2130730989
2823386337
1861456737
386418310
1120635395
3493863213
195676254