1877549830
1465651769
1958712902
2589641121
2593793480
796650863
3635197542
3048003095
3427152931
1534156045
3661260718
4241644400
3988049030
2527483821
3851153540
1708899882
2193381991
1771549260
1353258863
2007937216
1799434780
4223118468
742598879
2921886969
263174671
1164152426
3561012599
1321825180
3322259585
1769399945
4162738359
1821070651
1991387979
2787995029
2529488645
3239390817
2460191466
4079444432
1858117567
1621235764
958520275
3845628829
878471463
1054128769
4122847186
23074274
4274352866
3568780649
292504087
690028832
972321626
4054819576
3640859229
776322342
4192399233
1058465444
3623214269
1458685260
1278450054
1563953869
3102949635
1370019840
3224256427
1998447416
3644421154
1959379147
1349796717
4024645010
2260680148
313344520
12520971
1184725897
1220027524
112770314
2686663572
1592312369
393058357
1903607279
2743490655
3242926306
3846057588
2291962500
1985519756
1002652435
111223836
4110655725
3211797594
2664136864
498371338
2996833036
461366179
4270021902
3511422815
43164787
1461374561
1486142053
1468228957
1698396525
4175146823
2236687598
1675142827
2486132803
3500674310
2603296296
2834184899
92430225
2966094505
1618804442
3467071728
3965475185
2766046566
2679825990
4263280999
3230866399
4613860
677438096
1045662248
1545440283
1201548158
182866165
1715412208
765054353
538106365
414852224
606281372
580898117
266063142
51045617
2811442584
1720215295
1772446380
1501525934
1495386388
2867166258
3690257767
1591389111
4001932805
2673839294
706078056
2208368546
2449314929
3136367215
3696563497
911812833
461304944
3654989527
1952282576
87927503
1189227708
2534574056
1652351199
2219411211
4073608918
4171047996
3317523075
800839986
3419209887
1937335147
3071587283
1954918431
301869831
1926376020
373171883
2354614518
119746317
2873246752
1990856447
292376388
4116653932
151546534
1356741339
1720605036
4104569150
3570638073
1464296343
1188435720
244623208
1402110751
1797796810
3792938999
1125090880
2461030481
1442067668
2800660289
3275174347
3765912598
3408319197
193429625
2363153440
2914670855
4240574828
1357197955
3494492029
253372960
1070786647
2734316779
1085419048
81413779
1026612689
1816698964
328261598
132686324
3425185567
75774403
3585376849
187537734
3499204332
3807171078
1270027326
3865911893
2685824197
1568239506
3540498214
2374275826
1546736309
518655690
2758886811
4205478337
1225615523
1817353693
3916767014
582134769
1693813125
3991979841
1143526584
2767870995
1997236999
1004043427
429305675
996823198
3326882034
3954569055
298561674
1871200012
599471291
713963713
2166625199
2382249142
3571115124
2539305388
946093133
4041048343
2518360059
1939024374
3841924150
908730085
32423252
2752746555
2955757769
347579809
1638858629
3822617351
1638215054
741840924
1058228317
2526734888
621670367