109694357
2036705031
1147167338
2123493170
2269534112
2848457758
3198582359
3115938686
2571557072
913422401
746393588
2713722714
1004138413
3413214340
3424157862
1062757269
149440410
1532551489
684906570
2406550223
1981258636
3155068438
1454732448
1557707450
1410538716
2136138550
3085052483
1688823848
1595057715
3158641235
3302195710
1911776426
2572190188
2337002324
2012790817
3302224201
1783634567
2967164364
942938538
2069533230
587655319
5594633
166206225
2334426714
994686435
1408862895
2589847710
2343703049
138542801
698727570
802104447
820029713
1734887510
183378622
3482255367
2522287057
87298326
357938662
3446900890
3147641958
4215634505
675886568
3309379102
427127968
1979153367
590055075
229467113
3414497818
3146711467
2372510269
1993966148
588266032
3355806111
3965131078
3362521762
3677906535
2800232330
4104484540
3956822333
3355143531
750744656
4101440335
2413629505
739211292
