4043971830
2664986805
628133723
409465775
1469769293
3406218823
2837251256
3719920246
536041776
4167355177
1036714997
3654111460
1941771827
2908977280
2640432948
4290209207
4257968319
3092862574
2009021929
3628800110
1282313159
1955358646
3226345983
3103056991
2571950824
3423257445
575332429
2805818588
4228425902
1015776611
992928367
3354729458
2469652159
833076389
3667230471
4200165915
2349551108
278419638
850928601
1084255958
2302297414
907839036
2600964490
3446387458
25435014
104516992
769874046
3828797265
3495743861
2765784018
1708616876
2125864243
4050331438
3950655699
2154912650
1890964060
586906598
1436032750
563776033
2421735045
3245770270
3991494304
1827580049
2395490572
2689460386
3312253156
596491896
4086992873
4056803776
3660741060
3132646749
1571051666
4008608794
3922625839
580880986
1187409354
4000564655
1595860395
1718181185
646408130
3589876579
2941361663
2403597124
1056743504
3016985875
1949160134
2406827652
1743477425
262127249
742297772
2488720246
3640180022
330588790
3967222119
2533363641
