2041451423
2454677310
2032943276
366477158
2572022721
4284203966
947182845
1494982445
4287065737
2869488994
1051160468
1405110191
1965949494
1558555778
3478798877
437330367
123447824
1089630298
2896990522
734338165
2993108355
1301631309
2094621486
3869163222
1422963314
159930977
4156185676
1740652214
196170965
4111587941
789284880
368064705
2870211642
4087311932
198943554
1066034312
2546066582
2590407535
3092503674
1670821507
3450462002
2992185182
2437812638
472589529
166078713
1575584487
3550452530
3282012066
