3202791557
3605215503
2507360093
554446145
979388048
3963243188
615043458
1476759989
4168297150
1565664901
3414476445
2067816259
369630473
856303806
1741648837
2553106976
1705485822
1828059538
2657867138
3859850162
132867680
2214697722
2133828160
2986864905
234862750
2061999699
1083400823
3238336304
2075100114
1997542741
505142870
1747279004
765597330
1067483918
2698459940
4151249222
2982018506
4205734897
761220364
3722392838
1346332489
3467326842
295783670
561711964
527750945
2460152196
3315874963
1690021533
4089207736
2110457237
3667364168
2636406112
1624574072
3668754732
3596857675
1267264435
2031037247
1995310544
814857835
3273781421
229723778
3614381627
3218999358
3625692999
3502263459
617929587
221545948
1002003264
3869243657
3208726902
4283273746
3395868507
3708189582
1083448459
1825321864
2594971514
985781763
2722174650
3782060406
1558953305
3892071959
4256255614
2765114175
1612420441
1445990761
801496446
2551007111
1691455037
3935524950
4228724067
2968514298
259532343
3769217358
618781128
4201661467
3247900681
3288602382
195183305
962653123
627344032
955035654
2271285534
1039133159
2699303096
102461803
426529648
4274440
2573823107
1650696548
1189869186
2737920279
2202291584
3981044553
2648604028
4050075546
1623520127
1859205421
2367965724
2969881036
3006237347
1861553178
2412011119
1476177268
488440122
1544765090
2627185189
353709097
1691887400
1931634215
3158708958
2024122205
2147440539
2871911982
2159987599
1066904987
4121761787
1231895724
1809232874
4050633625
2602816469
3877155906
4249744093
1444135034
2353332617
148862219
961824307
2128481993
2036042358
3624124347
3599186109
279001757
1827576437
3501133199
333010028
1678285855
3549334066
2997076107
2488526382
2408830360
3078995265
1229224586
1691670346
636266133
581131646
2988880054
2647691386
1129461615
3315021630
3013018028
669319709
2331487568
2235538582
433824749
2845659962
2653830067
896642031
1030864087
1298072591
3923939489
4188529394
3976795438
1984317509
864878035
1412152606
2767800822
2510674029
828980190
3672363819
3422732973