2536909170
724495862
3061632704
1515396613
1916439664
3066528352
180751029
1992126320
440257939
1365849863
2279787612
301850257
1587790103
1432414386
3697254348
1138571917
1926635177
3158394029
808475997
1072711363
22572320
1378762954
1361902491
1767626706
2048335259
3090428468
3691560102
1714602026
1341417151
2106472223
2443323380
4007662303
3658237554
1868258930
1133483355
351859867
1212268199
1493243158
2921623161
3442228937
1109326735
1031942461
4006049065
4181208995
418903443
151472929
2590996221
3799038394
1065008259
187356050
2699521548
4077879647
3238768788
681031207
1847347607
2176256690
3649511315
3233617735
1048728640
3650658340
797600217
768356361
2761570607
4107304468
2256336680
81512344
835272527
1389048671
2626251283
1254170729
881762163
3645333542
2314332627
1630701194
2215069925
2536860978
1895856173
3298424515
1173250817
225323727
1666509666
289934681
2287084283
3661905772
2954467413
2164950554
531441315
242799625
3555861424
550537466
2050286466
1326961693
301045005
2127353533
2997479312
3899838698
4121739944
2727295410
435901157
3419909510
2506129470
2052427215
1213194300
2832702260
2723822690
3441559571
4105715010
1926766494
2506742462
3383594505
3235806460
226779893
1138240990
1883220108
1316950181
669180318
1082652037
820941692
3617607723
2570113560
