4001978470
170758004
3943516164
4180984965
2940118502
1862586396
3939190978
94720719
474315689
1816613526
3085625665
2718588497
2799880481
2717984503
2827035533
522740792
3612104544
1123075705
4019571332
1580045473
2320131163
111835523
2852430176
637827966
1477569859
894271538
2484620946
792613193
2221883343
4075115911
1862826405
3417125088
59975685
3395341330
2057108336
2157796737
59180599
2283573246
1179990747
2933499808
2149472883
844936297
3936752949
1205295191
230612485
111907230
3294707166
1324287529
571399429
3267173514
161626908
3063877033
3562265088
2891062631
484367993
808570493
3886371225
383467789
3463391832
1122505577
679653961
1427162322
2051002730
4138915767
504487008
3412742607
4072553754
2199230760
976925560
1030702911
3219482225
3571841572
2085001546
473702149
4120144968
3910324493
1316264396
1060304369
308390790
1200529363
952145321
875179165
3969636123
889781121
1511718093
3746007869
3438063120
4104019740
692489479
350376670
2026802040
4206912302
2215495298
2607199830
3451713966
1435561169
4100398045
3474317676
1780275096
2492758431
3618517395
525866513
1011830281
3998499981
1107662121
3886641347
376392695
2220090983
1833979270
3348937097
1185161138
1645099129
455539395
738685216
2404349979
801482718
1911176812
1194802703
680003218
4170569077
3225632802
2110089382
620479161
3170891486
253549371
564258034
3961151438
3498031964
2382865739
100472291
885323731
870091373
3543399862
850453265
2853725917
3955376274
76431013
3121637124
925891146
941449513
3899604103
3843732506
3665981797
1084439066
3881534984
3753243943
2213159124
2427555931
1608549689
92905003
2361143324
3067416035
4253023711
783128028
2963197439
1613478893
72100980
3255360896
3805998733
612685469
1833192912
1082925680
4199107772
560978624
2120849063
3106919871
74550779
3779431991
1541838959
878177612
2216010547
535446581
2465462019
4223777548
2979546450
433359393
4233679089
1692162432
3451850366
667722878
1323644674
1530702686
3632560842
339472461
1718427254
1081714885
118195376
4217784354
308347275
1073221673
1322202560
3132804329
197729499
3816683585
3142162773
307571994
477757569
3852893951
863116808
2869967344
2240772187
3276450502
380785912
3799824216
2862760680
1706020935
600693562
1395768158
354195786
1458472277
4226347194
4172724189
3086301018
1861197834
4294439563
2299504453
2586780011
1687666402
650751622
625942752
3151493158
1070792880
4178002241
3573865349
259045294
1235014997
979646360
3490025291
1725946107
646797084
3535398780
1693118998
3636308707
1292335990
4133023799
3723538819
3402540056
4163732932
724873421
2943088310
4006611482
3462584076
1615918407
636598061
4139670982
2497159730
2773584311
3103204308
741605899
2609301850
4226478474
1532249811
262352159
315553759
1363142402
1598232073
270627932
3017954699
3024891495
3733736775
4166012032
658791890
2412427783
190160492
1103310643
829569639
1524406130
1358086676
4112825262
1549599318
3077051440
2793973452
2437945608
2157485376
2724051764
1364289512
2379418829
3481859517
1874320553
902784807
1793820065
2922189256
582014991
2834688473
1287472056
2642375798
3326825818
251230687
4060436250
1652668168
4017334226
2050479755
2253441275
229270451
3502358474
2100781313
2730210135
1550727797
2429820297
1902323684
3666325718
3839958233
2365113992
4036830232
3961712663
107593464
845442783
3604212430
1640389368
1224419441
2377369233
2418810649
2899961101
2212318084
1695797885
1668158436
1538420669
4017201090
2271022196
2826456324
704276010
1078481462
756423156
1727721121
759023201
2420116047
923230078
3615176953
405717708
681105435
1628619608
1111757312
3497432310
3696057360
2551494048
3364112434
3404586500
2298720526
1594381064
4047532660
306659772
2922522594
1921593603
1393178621
366900467
2380596342
4271123119
3778259492
701679696
1453051267
782457409
1833590050
1723479801
1920789909
1612157955
2406254059
2691493685
3595116773
342110029
1941049212
130586203
2537695514
1784462719
1981736446
1052853872
3654288612
3060906582
784556361
2514222680
1225426956
1832205422
2330348184
3993090542
1305903616
883237323
3867135958
3822756350
2452150045
2799269405
2820276104
1423981017
1194984715
1492194492
1420280299
1314524989
2122515537
334065475
3623685068
669181753
1628802944
3390757885
2775290424
3191198844
1058967237
993630565
3221428842
1097745457
2167686836
809065235
1926514060
1403011480
3295568723
2987630896
841292799
4090528064
464494035
1390546072
1411960520
3167255868
4128152119
2452147935
767301341
31909337
2686580221
3195421830
23541077
531616498
2786844316
1902900199
3603489152
2171097238
1502724940
2570204590
591821561
1200983408
3850322205
3470306790
4137822585