1591519576
2952831207
884831181
3957384921
2220649483
2419637002
760613334
597707625
3947205150
391859220
3158480661
2027792631
594523175
3583058092
1575232677
2408149613
3691837038
2061616984
157069710
950590947
3494232920
1564142145
395114007
1615726183
2824921057
2482044866
3145212844
1647532849
3612965725
4050948283
2133867677
1171313370
256708482
527024839
4106799369
1632731876
2504998997
2443193390
3930775666
4058547559
617248242
36053719
2638915062
2128340714
2590649155
4181400074
3027289291
3247398214
2409209678
2595658340
1663223054
2298495500
3593110575
998432792
2224498692
2993543935
2843203486
604371743
2038059477
2793510070
2953250495
3011790599
3587422731
4146444480
3062008904
3770732615
3118219946
1135837481
246919551
3039572328
3769977413
2949000089
2004736428
2510384944
885380600
1474210377
3109224801
3714437926
1638699410
3930311125
150703965
2822744673
3842623651
394934924
3044099502
3032076178
1424758181
3149319773
2678884661
3602599204
132196326
2586214043
2196703762
3349488412
3058055004
4106096032
566870471
3341658227
192531610
3773689002
1475263661
3288507239
3329301949
2106355260
3584882714
1930392646
2349171508
3802543036
2977443422
723421521
3201208921
2779225484
2194732751
3084433042
3968750675
393348804
3047354887
1095234666
1790460741
3641144540
711337379
1139922742
1023675127
1329927280
2149802894
55349581
2732012556
1860869959