1365492143
1154381904
2386465867
1799227090
1712511169
723055226
692184566
3340739085
3622516992
2423202269
371675227
2920321552
3172537811
4227916838
1003486311
3110667226
2841742749
945903708
2387208864
1207523179
2607508869
3668206281
775488582
4285438665
218659272
2795236989
741013523
2289714076
3566062811
2091907042
2766183139
690489854
4185794379
2886410351
3929531584
3160294519
1379907949
1400926486
3392947524
1837244688
3029852996
760838306
3916762498
4218293618
4244411212
637539746
322735303
1196486033
3930511030
1884012684
867597167
1192375149
1509057139
1760555570
236847269
2324258620
90805964
858134078
2070757468
576673217
2240781342
3103803373
432150986
3761891359
3121141807
2789734861
3709593991
4072004669
3231202599
3883084722
2771341099
1396660932
2036188513
3738996840
1404249809
3737389419
2032019538
1565562394
3992796851
2705506358
221712590
2742634588
1592294162
1271565854
