1652441992
1150494682
4190425471
1615480659
734203599
1666787661
182499915
3854779060
806463617
493230867
3241433729
4043697511
3051457218
3391317530
2840001329
2301486410
1115082684
3755513891
1393623064
2075926093
1133735200
2318600366
3880861553
1309653229
2323677900
4055590434
4135882472
1413857014
3257456709
460659693
4123745867
1526906819
766963014
1935204943
1642273855
2993984110
1361956146
3163214500
3482531738
2082800864
723906151
1959689047
1452641398
3568887763
1774805210
743264328
1263045668
477704219
4244024235
949970774
1897973125
2800397569
2383311712
3391267977
3087273740
2647914014
3196997607
2615742550
3563984271
873814773
952232809
4218523931
1350155445