2313093695
299247982
86798170
130814384
2745249281
1064488616
2739991217
1542862039
1937594209
2105446444
379325666
2042439702
36392108
1898558570
2107298030
3218586714
2949082896
552424788
1104583389
2934390690
3041185388
3949705721
1332614718
875547329
1432153963
2845327739
113072336
3948298150
3197961980
2194871781
3336095271
382230748
2935342945
1062787698
1618844728
2926642874
1703982109
2794915382
2970275629
1356121957
1473080362
3134388691
2896843934
2308559864
838591192
275690054
954008992
883997480
233691056
3183027179
2170625810
