128995655
2629533544
239216010
3350334743
376601272
2268269541
93570164
3583653387
1204235618
1619014119
1192763748
3299667191
1075572836
3222171751
2364439788
2523815341
2059879939
1458113378
2511495989
1081939308
758975983
3759720719
1580795710
610616470
1823021632
2756652817
3502065237
2155945546
3024003564
894274258
2971544891
2524607118
2369449622
3348469340
3508872344
3641718313
1910029351
2844497789
2350700359
338703858
1152396317
2363147036
2371333507
3608660008
1218591641
3410717902
3648637506
3097817527
3793377395
785964062
491850339
3572705113
2824432995
3321316999
900580882
2504047640
2810219951
346716247
2825135955
1477358750
671821329
3811113524
3358835882
3813049181
2465398405
2055205017
308948679
2326666815
620500552
3318677345
209634404
47242332
3574652862
1376429187
519677516
222626818
2103006928
2534628158
3965263585
1502108842
350816162
850590254
3654675715
2789844550
2237109312
3962543833
2245351193
3911307817
3246148752
1055887799
2048270495
1390862247
1242006812
4224825287
348949456
931697685
798587027
1813644868
481950330
1524758661
127661675
2353896472
381955301
1620038833
3069521691
3274816480
1868390536
4210108637
3763196454
138353001
1563335296
