261743543
3454448983
93892150
161884004
2274913249
498460912
813491809
4052229762
4157846455
227538965
2414892106
1095103003
3852646471
2455618144
205076918
189760120
303752485
659247713
1944947683
2331535653
3134702236
1906670970
1505289013
1077334859
1854995688
2285526755
3648107325
3741664258
1988104318
1958869148
606440372
1929929159
3504466970
1739059496
241714716
1026988669
2055927925
3659737742
154490783
1095648066
3845010763
3335482672
3752079987
143638341
1615937606
4054767576
207250823
3358459064
729016553
3606711958
1877591496
2542010410
3678298253
2112455509
1331837390
926401933
1529879118
2796112521
3202909637
1058136429
1361541921
415044239
128713991
3751358762
3646354788
3526144816
1301815953
1769076125
1703347831
351063171
4046826442
3441979260
660302304
933581018
1967891544
3628745639
3489145652
1251562169
3549252999
2872013784
4264301150
3732014752
4079674959
3829130931
3126589803
1944155811
806486687
4036378108
2188774749
4165685078
2890663729
214841859
858901711
665051313
1273047405
2120768843
4077202735
2867930135
2419401901
3447968362
1230126528
2815231498
475000474
2589877881
1801571159
3055773538
1405876783
2747113710
1879398975
