2713131235
3685725095
3811359656
4119334483
1448073401
648068812
1470372603
1388588163
172269350
2133669863
459717063
2544511244
3040472798
3306031522
3087218208
3784836684
1645185392
185789707
3328301256
1640705426
774420115
3190880517
2533194702
2757978346
351662848
3412741551
3354497087
2853386977
1403563715
1354653593
3942979935
1633036356
1072553717
2869615179
4134115278
920385561
2083948519
223113440
1199669095
3449213929
3527392608
2734844058
3633677554
1596490755
3909606063
704316688
375394381
1380160584
2962342159
4069648526
1463422623
1709855415
3254304519
120682911
3414341272
2250797454
1968552780
1067232935
3278133200
2628189989
3962481194
3384388405
3614137997
627971139
705467996
717762165
2870629245
4098229736
3923957203
937998811
39057936
3299109875
2148341860
4021212636
3454322077
1816834636
3604537311
1998055150
4197767535
1428178009
569968799
642369258
2150572092
2471765198
2331344607
759641396
1551479892
2138433797
2206527766
3950478680
2357655605
3300243885
3106120868
2061397803
3130448080
3559310119
1046738221
2168115075
4002075171
4246948228
1737902663
2793428608
3199525776
31175063
4007423200
3823207194
476051075
2650825379
4218114980
3993306289
126276053
3565835613
2207630251
4182231480
3377785333
585478227
370251470
2766904079
2390988857
1733878434
651119505
2805564749
113727639
1929226671
2985511273
2185532349
1041339117
355739111
3354978142
3325492535
287665463
806650475
87558190
3627174589
1398595091
4146186291
2788483332
3102952947