3232584954
3118475903
1513853883
2719284108
2641822564
2957075148
3859072690
20287525
2215179678
1106261802
3850666441
3516145352
1796705285
942536770
2551807630
2048196060
2627628850
1359755152
2716291320
2690657102
1515272391
3358770387
2926873462
232258480
2476955507
2977254277
3396228034
2786550501
4003326202
1871059439
1820192777
1599206282
1648381542
562766127
3834142701
2031441470
447446207
1039794507
2428142582
1788852982
2998188960
1495089303
3218024496
4268034007
2977190937
798938425
4066009969
2758102939
2113959214
1325190381
3492039344
1285078810
3791340584
3420272518
3899840342
2371140264
4244780385
2776467572
478153980
4243486294
1689790616
4239754074
976387762
2711986942
3051354353
3588383632
2714622578
137869808
1081107788
1734360775
1953262447
1557965806
2175893792
1057196850
1162226352
3045331476
91683605
1700115701
723826978
3710328352
4168021250
1743600307
3773899613
1335456357
1718688954
3049578419
964851206
1477185589
1183354000
1862751563
3989027090
2536085240
1322369942
1835928637
2280377456
3695976227
3793474269
237667931
3250606799
3236490960
1942074072
4190658017
114690674
1720521113
1258217182
3523537962
1162025815
2663081134
1132580372
2657321951
67905869
3532501805
3276675306
1284840179
2741034781
15427752
179904605
1172900490
1480987705
4162103927
1888182747
2384236023
3938504892
2578954087
3978279694
1057937350
1270817729
2714897446
2171872261
2547286795
1259890261
4206361853
479528262
2882580314
4107317474
209180880
3848212921
2911985892
1078899369
61067557
2668801004
4260794604
2834687457
939853500
3401854196
1313243823
3234593182
1340462840
1744920789
2197695261
2898176769
4080105619
1162169713
1667299674
2400873762
974720212
196698061
2739154061
582309506
797939521
2322486467
3788798043
1865524821
2789195601
245890566
3601530267
976097239
762550069
2809486749
3719587430
4076330925
2801636571
1311678367
1536271196
800811355
1236650712
703099953
1565111376
1623546114
1986319179
2915314865
1691572551
3838485936
2005970997
1752573094
1721415754
965882393
2207538438
875022247
441465224
1916227690
1631544243
643235078
4071793365
1023404340
3898173502
150785697
2607543173
4204702293
886380628
3647573835
725619894
1840041036
3147041717
2072347490
2654683705
1270280328
3921540672