3578322605
2546158027
2132268162
1806689497
3303539602
1694565388
342932067
696144828
286470454
3960649877
2772303779
3873453526
911862488
122469073
990613452
1875540709
2640242779
3957959704
1638686309
1795605649
1345097698
25897041
2346722238
401265252
1756372364
3460737485
821585527
4001849639
3620780067
471362623
1795171148
81362543
483605031
3914524365
3356209484
2052512799
891199099
2077050333
2678120877
2100706552
438075333
3956103165
1093916217
3106018674
2098959666
3526586379
544095604
3943098171
2069785413
2683203115
307512342
1609170072
3665614420
3398548151
3361758179
3993700219
411458215
2528668690
2132744714
4136539214
4072664967
1229941125
474587157
2330928171
2098624819
3833573879
3083583111
315526559
1492265728
3390663406
4150763984
3265702636
2752958007
