2547281901
3006179230
2900811381
605610827
3699399772
2936713157
635759927
2852046592
3274457326
3049528849
2073692316
3464945752
859550442
4242686516
1104149895
43705363
3998346143
1587417665
2868834826
780988532
2967159578
3574563759
159256472
3282447691
3404721564
3099217658
1633110703
2834903917
1313836761
2488752143
173907586
2948298759
2558582415
2245117137
3473848517
2403213393
915375332
919259837
3559168344
1435744881
351428520
781347267
1413617083
3346275226
914811097
2491546312
1666604236
3969372459
3566006661
1966472847
4084964644
1125544824
4165204072
2991895003
1182591930
692446369
2802376071
3259806813
2757150159
808446430
4129797019
1861624016
530259070
3600609548
3360528820
3088525961
1062644794
689474963
896566678
808574037
950702535
4032024816
2776039355
3811050565
1681233850
2273865689
2066073194
1358419826
501765819
3884590545
2385791251
4069246161
192425686
1409132963
516794205
674814492
808440090
2316624127
2453694937
2497884505
1341017175
2803669419
1596271745
2262521330
3088635615
2124381279
2245394037
498261144
2493457460
1420130862
375586949
2402386556
4072021153
