3982063746
4164112906
3130949370
1832773275
4069747089
3743972530
2548116505
3444728080
3522703293
1443276272
4174061003
2354997753
3810359226
1105437063
1671832131
50866455
2828458783
60335691
1637685920
2368686018
212449385
39690063
3066584541
3614125817
1174451889
3856223763
3478724275
3292499499
2651817944
3023854352
4025013244
728571829
1625577354
2303736800
4148737558
724571167
3161751764
1442895513
3369005570
3043047662
1564819397
820482271
1024716599
399099630
3771181100
632074854
1409249486
3410362635
1089927647
2129652295
2028318221
714977469
1174523144
1402854819
3173928495
1531248762
3359627978
2130758476
4024480421
611440439
1407193398
2866489564
3679558368
3079082960
1787549787
1507549480
2915345024
54632206
3972913393
1671381727
1962467775
3642421097
2659766783
530950983
642272584
641142943
1441591349
1040559632
1862072080
116283826
68980209
2159583296
3735791193
689641914
895780738
402563219
3284044532
4148864356
2322256356
3746601827
1959715934
331603971
400767849
678575064
1646798115
593450327
2454674328
3290531961
