3221231520
2701954990
3755987886
665164251
2733272088
264740242
2125795831
394007489
426999008
1208023406
1512702150
3777689806
3877219611
397559246
3195166549
1158295364
4282201694
1592926986
176146233
3127688774
905400385
1569596455
4062117483
548712407
2955329015
3530161290
1981018393
2819837109
1065862777
2514367930
2138350891
3998011935
3180497625
2473436260
3981236391
483114871
477446154
3135607044
2241794311
282319528
851391004
3869574707
2153425211
1706248190
502480514
3873975257
9343127
4039110292
3524870401
2868790576
523939397
3818144621
2444877257
3103371716
3512787874
3431850012
814801324
331327592
849778967
421786209
795727471
166174173
1379994954
217333870
3855318163
1060595814
30238659
678204755
2989270344
3638863175
532133315
1658430311
2642527536
4062917134
961933899
713115644
3643567815
4039920990
2811706777
3701544026
312223141
2798655501
2560807839
2200922367
2310209014
2720104257
991640190
1966544245
2168927806
218379114
3589633158
1179320063
2109532069
465184526
4283456860
2724355726
2452354515
306628321
4288937970
1108487879
597721240
965255462
3518975153
1255837644
3006762103
2538954966
2329389183
725367753
3207852304
3403191816
1584930385
4226549367
1783948774
111030079
262838883
2539172512
3254606005
3441132977
2477578638
2245156115
910069259
737807624
2050567025
3632869536
2595611655
227841240
287449726
367100809
2361672541
1355127142
2593794786
1403760646
459034560
3170081265
2393151681
1022304222
986959219
1456383948
4039442112
4289238320
3975759088
3006026001
487623472
3150928037
2571593842
2265984853
944070092
477041569
3013036243
1455043436
228658204
1227162623
2275437315
2378159555
652921796
1179078056
4095275188
3834434277
560349471
2845117307
611797160
2647090045
4090458418