1888374807
1302747656
653061114
2381083053
933443455
327651372
3036189973
501897047
4238892068
572834720
834926951
2706359836
886921624
2661887801
2003355975
2097652424
683284185
1099599301
408909352
3039526651
1793964489
1674843327
459871877
2889330285
3671351346
4036848677
96549926
360209353
1390389885
3124704413
1687775834
3231672733
554292904
3381359439
1755155701
564237887
363421277
723784065
2558987193
3884298896
1784421725
893620823
824747754
2349371229
777310954
3711668986
3162048191
3930879052
3459900853
1602220673
1766012698
630222037
3890028524
1921038986
2733504111
1611644090
2048719818
1644591351
3326063143
1195000705
1918845387
4219861566
1310339493
2042916774
2446911907
400056246
2918736083
3648713870
2552877425
800655503
2769449715
3701739662
3186668261
448700780
3889277555
3860031147
537445719
304018746
305597557
1593448112
1070203722
740106281
4094768111
2079041887
3435118899
3573353012
1834468170
3142332390
64860371
469630342
3694260437
6665307
939651598
1440674598
845329755
3594673210
3387186920
1990206144
2029176323
4209692578
1164282630
1620808823
3093649383
338697648
3630592352
3626257621
678561780
2503371391