1008665186
2610254474
3326393739
16149091
69518551
626984954
410598010
3719970263
257173821
3643871749
2331664240
3409911645
74163957
1530374540
1173751651
1378505634
412723567
3673696540
3439825572
2654513320
4088754965
2190465164
1281592339
1951997688
1826449374
649324537
795127773
170737848
1975606068
3908116860
1755491869
347537995
1452042487
2360030371
2763181049
899211582
1466797214
1781862558
2304836348
1040537014
3864781389
2282471722
1312324783
4254507944
1817577774
3650802732
2913053034
2665942216
1150814746
1908415643
1974683164
542319631
266736642
2613284855
1242130256
1906526886
2534820336
1469361469
1078920581
1565748050
2877273531
2167276905
587492163
2100006445
549445591
1046640457
2585376756
1219240625
330302043
1680571828
1456344678
3682700247
1960228325
2123345819
2761504181
1971357845
1004497661
3099479986
2686459478
2780418593
3553094200
2751707581
