571408096
2313222750
1473152394
3092950278
973987761
2398427402
3337499913
730501444
1265663175
687520570
3517469070
1119110945
1195436181
3800359768
2931053767
2577332807
2514325026
994615962
3535147769
2066377912
1847926859
2621852209
2036678368
1001837053
42308376
1269372924
2848466754
514163327
293168586
2779679620
2722951555
749432444
1898856037
1222910010
423175727
1542297245
340268862
1344464493
1768227758
698020517
4019264934
2944122256
1595241900
1997146676
3784565851
4219962046
2096494576
4169860659
326715547
1581129631
406950380
3952685548
3648906248
818406095
2111269285
1550865411
1268740753
2781865489
1234771701
2034096948
2718416082
86420376
2844624198
1593119835
2537129982
3488040231
486976500
1679908537
4250699928
1792203201
1464231142
4047389001
3780662163
3013643285
610250261
3934953669
1443662208
3131847335
495039247
692193537
3540386073
2117616192
2083483623
2276283648
3890502830
617007005
2166560181
2036138172
630951746
1781564569
3388303269
