2195489329
2586031208
7600005
2185930097
2911848527
3149296002
3353999610
3228127309
1417918138
460996334
1349205093
3211249327
2339101170
1521099259
3517276750
3750119316
526297506
3179657786
661963594
2166991900
941625134
535453170
2423005420
1191059679
3268504190
3402374662
477931658
1380029968
1200778279
1657053709
1392685010
233955099
468025245
3882101344
2285576786
3782012744
78052740
604961057
3855259648
2597849342
4258749226
4277893367
2050925109
2552640075
3322468312
1927626401
3087945187
4190141984
551870493
984992120
2061333365
80608641
4062840392
1086036291
886795892
2989916569
3139172833
1509117276
3054185776
2332528381
3255103293
3790409170
292417691
300653556
2436046867
3759358505
806032239
1347021350
4257801129
2027555228
3834280935
1595735841
1808117007
1479767931
4141024225
2484846347
2662979073
2933090938
1146589630
450509489
2970284851
1445166113
509910706
1138798656
509266843
2922594016
323002693
2394254666
2117784275
3167329835
1577857224
3881552195
2325934245
2108068374
1238773992
198525099
2533759069
2865833696
1426087946
3990598418
2829483513
1814913780
1236770187
60756483
592950335
581974624
1590088017
129836296
929942673
3564829460
2178575513
3808001685
1969714470
3125973620
1107165545
2295119416
2355340874
1329664923
391873103
1508668071
377174860
535447079
