3761341722
2801108404
464278837
1038707367
3622815407
3487380221
2684196868
660262859
3018407081
1878404774
3774506741
2117333126
2530497924
3517729899
1056928822
634745177
1794618401
541184791
2467183036
2138617162
576963319
2501881104
2869278119
3927755162
1599752008
421810051
3159183480
2398200589
1297882877
3945643098
2727865916
1025821525
1388859892
705200617
2560334736
1425448870
403151668
163942345
2497982949
3829172169
297175021
3635375741
1459585449
1033360094
3493774331
247542611
4048435127
3171992698
3690488670
238149400
3958306017
2271330741
3977927482
1438103650
249530317
2348841091
1197946544
121714420
3263262808
2937745952
1941003930
2834196230
920929630
446893696
2456731508
1741291175
2520438869
2950292702
2378449824
3778400814
3810732804
3376888707
3893959766
3447628703
253111023
1244418008
1196560691
3174127618
2431099890
805573719
2004007984
3376297277
1921220538
3337897234
3151663527
3313463852
2487754667
