456504566
2559540396
2975984166
1489850951
789368797
3154525584
1774412845
1701926395
429368536
4236360840
668311036
986855010
1882371955
4057640500
2796921128
2222540497
2209889024
3578916137
1339099883
257503088
995756195
2658144110
1968753458
2830698408
4127393611
1301289223
3369129032
3427618323
3325987347
3422728196
390050445
4136274380
4290491934
1924901647
1751934922
4154351382
2921250812
2388588220
2730482471
1090057574
1239489280
3401556889
2072073329
1113468976
2106632243
697524110
1343067786
3565392826
3781135674
3539303768
2188478401
3675320344
1240199964
4095015120
2248920618
711076392
906990585
1010773133
65118800
865336758
1390863261
1611935403
106410754
501757879
2780580197
160206236
834376203
1334632699
2274112313
1083827695
2449486423
447568718
1880690398
2805550800
2571369755
1542731453
645484521
461242626
3993900754
1577426421
3450601914
3580643545
2460104939
1839616188
1675025651
2837331404
3756658468
279845857
1614755439
2853496801
3731294404
2553252746
659998846
143466735
3617723177
506522611
3148302818
2040872196
2064963686
1274239037
1997843679
1596584695
3342849471
2382951951
1873989580
923872870
851962329
127521015
1789541743
3819780014
232649456
1396375669
128461339
733614886
3188863292
3371310692
868021041
2048166423
858761013
4193597293
215030991
2712061265
