2069631855
849761499
3916677810
3464877092
552282010
2781217182
379913977
2396426391
2121419520
27482689
3620597150
1333683901
228141524
1592251316
2071437553
2393981609
1317380318
2493991974
997103222
874975702
3461538780
50533038
2382405420
1064678736
984103213
2353943682
1903943528
3755286049
235667578
3294624825
1512643541
775920564
595117078
3451792640
1433857736
1000002689
3735431943
535635564
2192374549
4164778374
1334160950
922868526
3839816577
3038683167
1334708045
1405981421
3208822788
3939225741
1703186399
2956324056
3030907988
3429028914
1321002971
678911411
916400627
3284469684
3455465261
2928979001
292177703
3510497281
1490075770
4190588239
1757368242
442876746
124423688
1554492691
3088364091
857584367
3101397324
1638217119
1012167884
1790668641
1093294215
3345466551
3702186736
3808737246
1632950344
646408900
1737540012
3760956458
2047257938
1288720318
3390287342
