3466512227
1532207075
1882678263
1981306574
1517878305
3722638527
2126507407
2832778691
3946931414
960896708
3057287180
1902074743
3024743153
1587101960
376646013
2352742738
2901449511
69502972
932961116
209867671
3839480097
1134532668
3105310795
2059117295
682163475
1702018503
615948615
3287670137
2612971225
1810981241
3399767966
3657740342
2257257276
2120826108
1914147059
2223594265
3802094910
1034398505
1544203639
717708543
1434532037
4249920751
1853438493
1522741008
4202203350
1836258675
3173200810
919578801
1336932859
3073928549
2637967903
908262870
259571285
2396930930
929631188
2339206692
375606429
2024130420
3851608047
