71137625
3664712805
3016266738
914936779
2007946329
3683099153
3467276976
762142419
1071395802
3275933574
2585173590
3251618597
2717437978
3271793441
2062707404
4005064031
3691102428
3226019228
1704419468
1862899585
2757106688
169560862
518528972
12705757
3240289834
2866119934
3700294721
1601958790
497872491
3237476989
2391963291
749464044
3657767847
4288051182
175810532
1849738455
4063198075
3039673495
4080786041
2331274852
3064327577
3823497101
1156577178
569616630
1462144609
2723180551
3927880996
741856447
3128659678
4059110596
1206556951
467080122
4182446588
263763430
1522536508
369587019
2589155325
199004967
2135407875
2973789578
1585083642
3549534425
1895102687
1516088492
1716827820
