411730059
2954358699
1683708384
2239487196
2892235239
980443090
1685880095
3717379574
515925052
1334154440
4177467161
3699304551
2221646761
3095323821
690012075
531627043
645409631
3617431958
4061979014
4147062679
2453004186
342575072
3899900494
2290302849
3949606452
2644515372
2895234742
1097398066
1319443494
169769092
255399870
2792947830
1010859640
612827587
377842592
2001044695
527028833
885245514
2142632013
1130023408
3780743040
1675142223
3391299550
2383202542
266139553
1497039592
2156107137
1009732800
1375653823
3404307227
1111830507
4166709669
1404065219
3107247554
4186997743
1509639145
3353875931
80587993
3320111079
3283789581
2115699790
260541699
3188801344
1875125987
386427449
157313425
2330263462
972846352
4256769920
1558720848
2208835651
2234925598
4168215644
2126668412
3801711201
1992447211
4273898131
1511093817
4119606875
1237918676
45901594
3511155216
2480066180
1353415471
3302612071
1796023425
1363276045
2673339974
3617849908
839305414
3100992542
1038053562
2701587433
3963972845
3397800524
3109322869
3668598189
2487555454
3991938990
1343368902
3042481180
2852953987
1041086967
4203755722
1292556649
1077130290
1638592275
663978918
2450797037
1896762415
3072856889
312787115
2457040667
2077961643
1447697509
2613347512
3640032748
755067705
3279905319
523446672
2359815907
2020205476
1647210117
3414473619
3170420268
2406920884
701146554
1325729595
3543327670
1179613684
355332936
4018828339
2034226683
89812184
2820431252
107677253
2782469510
2420530965
3120930517
3169503004
3412612088
2747450331
4177577493
3801129568
2534145791
2113988228
3830029754
1891484049
445410614
3667788714
2772904433
833206910
3155746311
3945251927
330746521
189227835
4146013876
3690503744
1151893926
2201783327
30324969
3195103595
1795023480
1395557966
2050935002
1387570535
1430075904
132972175
2152306193
733135810
1861242681
1953098862
3563124317
1406773267
1090154311
1859165567
962463674
2448576241
3308634786
1905444696
2276466180
262971237
438191956
1571702295
1656899026
1394797133
4291718158
760431823
2393696882
2043126446
4213104214
965018243
33014791
3620016680
721241110
2521266316
3591770326
2592451876
3686989321
3499909627
912269995
3992830965
797773268
979782292
213523077
1726023676
6934413
3447422938
2516367301
2985589485
1346376895
15772198
2093356427
3710046528
3670469111
3721278247
758930389
3898205920
2276421098
3954010605
3603501207
3820747295
1445221139
1902404353
2364892471
1802310609
2500097044
943945383
3554326040
4207376555
2208251177
3365178204
424608440
1747562679
1149908016
200328405
1508257278
3204278585
3177832885
3048713620
3617753462
3706323416
1496856945
476357106
3619339778
268370602
1830134238
380667048
2273114566
3833080879
2479101191
1359071404
433925645
1634900187
402867597
3575480307
1080314044
2060547430
3505885967
3858768155
49829489
2781580130
1664595793
2958317565
1910627121
456900580
3937669135
1745608220
168149984
775608372
431672175
3214234894
3433514920
2787940945
2528070676
1796835207
2937402543
3864340483
1787257303
4169419588
4001275262
1617859301
3633680140
1486564348
459582272
2368217080
175178711
801516267
3765902997
13479014
1785343979
614727365
1355221267
775890919
898312331
1555740030
3249252688
2555083345
3070742415
3518587359
228442826
344208930
2422756103
2938879342
2404687752
1988369269
1703894181
2714447770
2952986064
3746291278
3258058478
2661894622
130605447
1829753381
4192539696
3495910931
3146792619
2765204066
783068409
4004193257
2735993306
1236156439
941261175
2538676275
379858436
3714914313
1367668565
2412085619
1563228714
2241357591
1766992788
1063798563
349181729
595783278
3826458881
3879171524
590998874
3812634230
4171886462
828496775
2780540923
149802717
2318770028
3041269041
69645464
1355828100
1840193244
3246688061
1584721208
2700763876
202274069
3472574726
246807209
563466415