545753794
2888754563
3102668257
2850947775
284700399
1397563846
476858586
3075124732
3924726132
579346775
3877501255
3348544547
1905767542
1413148128
4121554185
3790415377
736317957
4231440719
3865363631
3058432505
4072590035
1878370803
3035977
1310364342
3286291085
518753000
3730047861
3380469306
3271566307
1980680921
3795888844
843090631
2731060239
1458693385
4274005371
1846380295
1514945639
2252022037
3750236946
711894788
3248345212
4182943804
2196901009
3094756001
2931383035
2770417046
929094821
3490294197
3946266748
2406950271
1259812723
91551790
3822758650
801817866
377389498
2039958797
1555413201
2934591785
795386773
3572984856
3374305271
3625261845
3819832173
3004571338
1053096620
2342028712
1111532262
1200014773
938614661
2615589200
3255252545
2569841254
935428870
459438071
1251262963
3702009186
3311164112
2039983468
1172000398
2291541984
3055898418
1499744461
667200218
2631639906
3414762803
547415307
3992377107
2207557328
1768352933
1389057312
3365342528
