360718564
3815371714
4126810592
1812464342
2982497779
839459412
1989461598
2820053056
1483802290
1898941301
4092415724
1756339907
3950473631
3845547870
3958848625
2499426300
1146056978
1729764000
4220880137
1163426196
295034317
2496520963
3266848697
3606013196
2108618939
1325812164
3622963497
1976149899
2038966940
4204045005
2136390883
3615770865
4092394848
875172306
2065633494
1226448180
1212799286
846536428
2760900394
2743966524
3795762333
1183752275
1831876868
2375657594
949168061
3111778870
3341100930
1214419036
3459063303
4186219286
885783784
1179919140
342294727
1173308496
2536197490
1097055380
2366719350
28676646
2145945402
1169497044
1996387822
1599278474
3447411947
3865521109
2816219772
2091201435
751633538
3551723307
656877920
342041592
3808910281
3054763033
2272554131
976393773
1207845812
1372815863
3661533568
4253172688
1063482812
303884805
1969177545
3493279904
2297106211
2582158981
1322532676
1203189876
3664782105
1810471524
498583990
1688706817
388562656
2538721706
8359523
3096271032
4147584222
980739264
3645722133
1352253079
3214703149
2629011730
3852027067
4240283049
4097377383
3864640676
994785095
3405607178
2822063948
2064074597
3431128697
269274137
980569366
4031682832
2043627732
2240069416
1369483831
3408850898
898515104
2534779788
1092199639
3821819105
1526740628
1548749480
4167040559
513734577
1114186957
95226453
176528919
2798999152
529557679
2196815760
3766852064
4192536543
2045567367
859375644
2227735977