2938465290
3358723631
1425579561
2782396861
4219382749
3564067404
1230165043
768128185
3229576431
4220893168
1540854844
4147999458
2965062087
3555748075
2307555469
1203546862
3707799956
901182186
149160939
2038762484
792120779
1101422540
1173181501
1009719475
2025509
1795080200
1944465845
2872279162
1090334514
2665873244
3514168322
2461707357
3205195524
4091700553
4158796393
649846516
1858620524
3688020856
1295356846
990153172
3068251561
913801944
2927127867
1698483344
2494130747
3611318263
3310975931
2290080656
1834357253
133241545
3451979039
252864597
1520375750
2826362730
935735592
3857678682
1146120993
2560540929
2437320584
3223515646
4220293692
764858344
1973907500
2431881977
2612620706
1833643299
1548521053
2994510749
2379789806
2656736061
564442849
25055660
3309429438
2194512804
3918487526
2585181702
2757396183
776050140
2815797972
3009905150
2130293514
4156674220
3013634292
4031717486
279168114
3374122750
1579604432
1630516092
3839040011
3318481691
3915737410
1618581431
4206084690
3756940067
1151606105
2181348585
2279748841
1978858116
3204101335
2425601135
1927243967
316095231
3379038945
2349969369
2863025459
1814384094
292225564
1045622814
3507130114
1990631476
3109405649
2630817480
2102148068
3380387080
2395021339
616904179
3489112244
3330235849
1772976088
3683026722
2329014069
3871756233
1708431933
959889336
1870947678
3766504495
3465411334
521949563
3567243156
2132864855
3193810891
1805596651
1029201979
2753528194
1795639712
3447688424
3458606948
3724920227
713827128
537663963
3440620413
214041770
3162842281
2687849932
3983987083
256125285
2992932966
1247292127
2105139496
4215785714
1870579640
2579447176
1206355153
3750503148
3880162775
2388031860
3243803767
2031714348
3076163200
1634009476
4209229675
232662820
2961794505
818087063
365051361
2497466647
4183768982
512988627
619272845
2771044872
3141137363
182789395
1035443071
2917291731
2890090801
2004454010
4171135001
2380049250
831428386
2989794901
1150765473
657180101
3474022458
3572670734
770015640
591312353
3418078185
3118895556
1324610211
540315822
610007394
1044319057
3738329728
3784975863
2932472253
1253349712
3998818580
2339481552
148249758
1126293794
2512908160
3484051918
3921123330
728443624
2106692003
3935549402
125107678
1203683526
2504120960
452540280
236289167
860562999
3889933930
3602983021
3814145400
1292986974
2459300781
533510753
2021027797
3024103017
994595083
3632235470
1356307990
1352456225
2931765970
2603681931
3573954722
3694420160
784312216
4289862104
1958810798
2307228982
1146184815
1338317739
1093875604
682180073
1096038091
3276972039
2756473420
966360566
404902891
3097889982
4244802785
2200837759
2806518511
2991993478
3899733902
1173002285
3527895579
955648820
3681390169
333320181
2027445850
895043182
742522381
2923795745
1964748793
1344575663
722897582
3687922764