4185666181
330699073
491032475
3732152110
2143594087
2590674643
3446976321
2123832009
2061962710
166372548
3289086154
3250677572
1691502886
4139237870
3561201762
3605858746
1402117141
2453811038
4038832370
134589476
2264163466
573898558
3373213998
2963588126
3286380715
3827543172
1874967420
1298673759
719288234
3667243913
3302867047
2250991603
1638268010
3908338622
661534044
3293090069
1182536574
581910805
2838258307
2172925924
2969544494
511201076
3810439590
3069989498
755895070
3170927848
1795207006
2573541393
1607133207
3288072255
1347194528
2819549826
2097522554
2941620694
4288088698
3185702236
1926107779
1666361726
1646714455
2489084752
4130744947
2709087707
3294877956
1264591539
631006677
3517718159
4026985462
1142210470
774634980
3002908455
3951976272
3806346382
3845868740
277760339
2819921327
168758362
1741544181
543866269
1637236742
3433036974
2312747351
1049887300
3524821727
913321555
2486875047
10492229
2639509614
4112805179
3153355723
300984199
172963370
4117720732
3061627810
2639847137
3064446639
2279295675
537301822
3125592491
1779938578
1008154036
1440027856
1247328566
4168831302
3917591811
2323317477
644849427
40465322
2926875093
3393412464
801397450
1475557998
3552703832
3773321714
304943730
2652195592
2003745464
439993266
960873156
2528666363
1851144336
4094683787
3328799213
971922921
1469554761
2681351806
2848204982
2876682560
988285702
1238680692
761853317
3100918678
719378784
3870986218
1466332935
3615193372
3800065960
1493627575
4033772726
1406733579
2165513959
569072149
480824034
777487129
1484107838
407326628
428604100
730295059
1974960382
3476560902
1108082657
3666688761
3154756976
3270737654
1094094943
76654897
1040074629
162460828