430404235
1845717052
291502748
3330529783
1330866155
1424259133
3772953280
3281953107
1659823811
3373474967
2930375135
1240791707
1068787698
2094651563
444795540
2975927076
2529672844
1351640314
3600930612
2125132635
1615052350
2429248569
2699979865
2462222402
1215493811
691722545
2963611471
2037963634
1293262174
3597258975
3068334708
4177412199
962625138
2067689606
1163805184
4223242549
334088124
1357417340
1721219689
467972737
3105671578
3259061628
981038487
2507710353
1500689270
2375939462
3746509755
1701107127
3927332788
2875779334
1992532744
4249971725
718984026
4159354338
1500650524
3564692755
1894233171
3313063532
4158332249
2214066981
1831872582
616971965
1832072156
455879898
1717518258
2988710942
1017027746
1179587289
3271087342
4088955732
1911245643
3653441154
1688437142
4195877637
1471322957
1896329682
2714104161
563025074
810394574
1630299177
3029278324
1920681804
2028213181
684155815
3800620131
598742649
620357318
2511248438
3598177656
15346088
3743541120
2582629011
3834773581
1246547274
1541639244
56360439
2748675192
3462534844
1154518999
1421273635
1928570795
2117327571
1231737988
2493577902
3185929095
1632465618
2563880689
718085385
1153004578
996901396
962822209
3052789767
825131914
292606659
2096237425
836521712
1023327948
1692296751
1538450788
3227089079
1012764437
520222303
3951850030
3545086158
2105606413
1128487394
1972258072
2567539642
1075349178
130954544
4143261252
4074402372
2382234213
1377703593
3207979936
1019046458
3220197502
3510006873
2895652391
3467746538
2798195452
3499243773
518753828
2398845215
4250833797
1179647766
3289174967
1813185432
2405341315
1583925919
1188442768
4002212074
632706812
3809890544
1896921890
1659978465
644128095
3461888440
3117499132
4277342346
649712944
3232580267
2344254931
3893915885
163396515
545806072
1132710474
2345385388
558554522
1827458346
2127742624
3764287823
3333142103
2229830117
587624648
99206005
3092155987