1346739633
604906375
3138223131
1539708119
2800267439
2018543742
2826764596
150718695
3887754157
22180584
1194593343
3542616058
2300513838
2282773548
4197693075
3379040331
2870170580
3211906827
926369710
2373726412
885680833
2560305871
2211838628
114196529
2554309803
3988467674
1639303719
3254279089
439696735
3902102531
2451953864
1171141704
2371953186
774278998
1668541897
3138014038
3230869609
2691346551
2189193907
3120433615
3546557290
712578001
3798749289
173310608
2713308772
1142998189
3667431522
2522555076
3047634058
4211017086
2390161704
1145552791
2796081192
462913041
3390210010
3983387616
2198042059
2553800742
2568381642
391585246
3406285887
1363104322
2559008002
3243427066
1874785320
1970956307
3960170606
142666792
3559973741
1249592280
1202686942
3008753597
725883638
2707519545
3878447936
2847277029
3238485193
3403424407
2437530530
3201788553
536540331
790846342
4227751422
2305643389
2010034201
3309796986
1174094396
1586929048
4000265093
2913842035
3083678204
1226915697
1364970714
1701857003
55941758
1545882210
536993162
2563053527
2653155341
