960816817
3023257007
1348079476
2738280241
627513893
2136308986
4171813967
1070493075
2296450414
198635819
3390075644
761915851
2882643384
208208773
1643679870
3280743488
3258902616
1774734285
670589259
2429757000
2832248541
1127353794
3752956666
3298197090
226378948
1990244708
173903865
2005275648
292156286
4146166224
4258248444
2254650716
1707324296
1159353945
1705586421
3826178463
3186391676
732352021
1840399440
1967430393
1436011719
3407765843
2276713122
1781515601
2599484618
575728183
1960083604
1409410216
1627232021
2047989885
2162309759
1617354052
4081327717
2118683862
1770276102
3887741909
398718220
2175195987
3844038121
1089539672
2364871606
1617398143
4267204211
604504547
3793358522
2696709862
1261720361
1353447781
1881292670
2856074943
3638589867
2557848257
295018298
2883335592
4244703043
2847392617
380732025
136546669
3936779796
1401894194
1631672750
1115408301
