1972835285
553436346
1936564598
350510558
3745287421
2846375419
1956705823
525330601
2208234932
3865857632
2341438929
1399522091
3628857818
4099260902
1609097770
3114872929
2720560000
3198410360
1787388690
3289165845
2519265962
575997213
2274724408
616270287
4191668186
1620494865
3104568475
2103889239
2202399353
280020079
4149035546
3588874922
2497222850
1929564442
1864067189
224963698
3118957824
724013105
2963155396
726160782
900228244
2350599921
523993871
609561906
2781268550
587306901
3229341670
3831841031
2549535794
4075788042
767618589
2329254262
468636121
2137370561
932549534
2357524584
2843721887
240688353
1330823878
3620181534
1040187394
3731704780
1666920537
2420970505
1559523317
2767184736
3042649828
2886887437
2246727124
2833806506
3445387781
2347918664
1763082758
358045192
3089916803
2771965062
1589767888
462077643
3605236126
2329204417
447591265
4122176570
2052117168
3747694481
1198028708
2707785996
1128412364
4008949415
2190056832
3376378986
3847097972
1431539896
816808793
64641899
4084848094
3878966013
2017125166
4230216714
4070044081
4191874255
722605393
268582888
3467742344
4217015272
1645711906
2419501131
2208228158
2269189010
4139523767
3098798145
3152584683
2863966894
708113207
2786037241
3936720318
124761039
1657302653
871018309
2521004753
3211952851
3107454227
1146376499
2656499024
796546994
2441851390
3197623416
1807616395
2268979249
3198324782
1752291416
3419712586
137886310
4108642282
783581109
569637092
1130577223
1035146743
3750706946
1447376349
815286423
2590569111
2353817047
3438500794
1344715575
3755199528
478933477
127923379
1527703556
3762629770
3408262607
3141927957
1758216988
4187342838
1143967670
3148608149
2946130936
2729526725
1487201645
285821945
2886441390
2333417210
3843204555
2651991703
3516603570
2431855901
1731188924
2027106683
1595445885
3285548985
1494125400
3978942248
3187362193
3342831114
1341645507
1015587607
2683646530
894148660
2739982027
3009337534
1035815821
3644137729
2391295521
3245123375
1278929807
256111847
3579565381
3716501513
35892311
2630091659
3907653687
3745499688
2261535192
2335496338
2466554759