1238566018
1732791152
2616709535
1547812936
2672526060
599322726
2215664228
3776100888
3631690185
3334849890
565290936
1376001493
1987250411
119729682
2812745632
683486765
3228362781
1824375130
112404722
1413363487
176687315
3088195067
257799574
2067410340
4176551394
1173084327
2850539486
1050135483
1966802689
1565557891
2554555362
124815921
496990125
1742617529
848056903
4217004506
4008756662
1837351567
2581052435
954085131
538081964
1692689927
1305520004
3051294274
4281621834
2561974420
3002348188
1730745608
171445277
3613025841
2971775905
690206819
3920233681
582881685
179815023
3289868472
1911904190
1766888639
1450113839
4113721768
2507837186
2479596900
2734257554
2371841131
1497853282
2732694440
299807696
3198458359
3740303589
4122067651
1665924962
736627075
1155327884
3181953273
2096796581
3317859481
3954480137
3059242341
1047392646
1202323647
3653681675
562030452
4224150628
4028829732
300327783
1477694715
3854130264
1172822919
3745159988
566930967
3248440987
258020376
1343006106
3157721949
2256730406
1346547258
2999011391
4037353496
3607684650
3199981956
3747003804
2750961357
1967272941
478453475
1785584876
2108853765
3140093493
4269337716
1427066962
143760191
4255618199
3970416598
1093514595
3686366032
735219108
1237467576
422153209
3807551654
3793982526
3758767482
4117746365
871920840
1744948377
400538621
1140286900
3379316622
484841181
2424517820
3187731435
3695802082
2204526496
251837499
834286793
3686077264
1758697101
1233277036
2108976555
1844300337
1753339161
3010473345
2934572205
1534986042
3529837153
471879275
903250287
3228073534
3904978628
2714202211
2542406669
1147795747
276351520
785371004
3547804041
1173654952
2267869901
3876574218
2608726515
3803928724
245058417
1576421444
699110286
3039225890
1539629781
1636601074
4145111096
4128775719
1820986978
147639828
4050788105
3010369442
1646281840
726267848
2891331165
3477506257
2623808586
802638448
834338448
3723675441
2718830141
905322593
2837927932
2280057971
348081915
165091441
3375628687
2144852247
3506110928
3166601426
760711725
3850637024
1417892469
2250025346
1964369116
1101541053
2175049620
20033431
1306483098
2000026758
3271994233
2519608029
2136879869
3692142939
156480145
3733696667
2244387300
3994605566
4180057833
2188654006
2684097849
662551760
3785169698
1647409454
196409058
1706872799
1643205221
2131168587
214169247
753881579
1463964164
1271577709
3376020765
107516311
972216016
3790847121
3058803600
3028287585
1734195001
3166748363
265102389
2256446371
1864029386
659118243
3169973816
1082979869
1938746553
270734294
2547030166
3298162155
3970775364
2579469474
3757430777
4023575938
2884973962
1868559523
1775930817
2558652562
2517617287
2622552962
762978922
584821279
3528324988
1315095587
3207883757
2156464090
3055842152
7491960
887855644
2769469420
2795462352
3024851654
2988180880
1040029186
3531054346
3833842910
3449090742
2050772562
261733145
607988848
2458590306
1394345659
2566459143
2884383012
751294455
1170544250
4026958092
2903541223
814668825
36782472
4278465734
763332780
2841668968
4105502012
2981084073
2730602358
1893400973
1591836072
1544510864
1243160188
3859183056
3649671030
86063289
3885800005
2821159453
1053951350
155466012
2675876438
3749551568
782476003
281868990
1666541058
333504888