593938723
3180249310
2169120331
934972953
3868957947
1138085024
2800014261
102515527
3753103210
3394323303
1709957082
2855756115
3528290410
1592224763
2738792172
569309130
3268184561
1730850763
2030986665
3656251162
2821603681
603353522
3571733451
1443690701
2863982099
2005793321
4053396168
1012067042
3881885288
1938601784
1283879662
1168859829
2717057662
658339053
2262204274
1363685224
1887998189
1378617399
385366479
3421935508
2487004103
1540581595
2112755413
2235379369
407128115
189366968
2412527032
1825487015
2492748840
2873995767
314992857
2543363409
