1076498948
3336081785
4167266399
3616133393
13695610
3954876762
1659991634
4038419339
4228616928
516543475
2124084476
1130111252
2521632348
3005129275
1407747132
1195960409
3804501028
2138036818
2230322963
643385914
1151437292
597641328
3969455166
4053687374
3989815379
1642503381
1159757407
4203352412
29283048
2069506741
2571685836
2695169075
902957836
2665992289
762528037
812120340
333750958
319231571
1012976728
473775751
1251929604
2277208412
3269264821
1155854816
3845509191
993285106
546098542
2033318097
1656133359
