2337456769
2202312710
1849735018
2456765320
2013014629
3747044683
2293021782
1196595210
2751709625
2251422571
2169856600
2856829614
1596283152
4076256029
2116090527
3997357336
2281580460
3750231578
2539316448
1810023079
439626
3201959186
1507863991
3641802908
3768271363
992657408
2360639613
3740932801
3321609075
550448173
1930225450
2697187472
2287278993
3218084243
2571764428
1154396473
22024150
614698117
545283606
1212335227
701017563
3435954364
2662329770
653169664
1401968300
1527538227
1362183711
1962063438
205153387
1727972458
2363048496
2867690947
3815726140
675410718
1517706832
2561662693
2927235693
3394783179
2902824986
1693199062
2244561088
2088161666
1739744584
1811836723
4230385138
1740020470
2956650055
713647151
870992971
2542299743
3833275169
4273472739
3457298820
609547604
3107746124
728642748
433759846
3995569940
2119188823
3850603762
3614699033
3264814691
1085107433
1748413725
1556631145
1434128533
1834357804
1941615755
458539163
2581191486
975531134
1999950318
989201754
175110228
1652366874
931333499
1560245266
