2694565332
4000683702
2172780268
1038710259
1343862713
711068585
2692819728
1961194835
1813307718
2105983642
2129342797
3142869627
378413882
1073140371
3770960951
349532517
3544375550
2314836625
1143922379
1934099845
1736813023
218113020
3177872959
2935034419
1599002926
3789706284
3841218093
64192990
997205782
2066965386
3311648582
3273707203
400560447
4204536286
1606874349
3234703814
3391376691
2728504511
3495656355
3078992963
159657418
2226077202
138239873
927487581
843946331
4216386185
1520414629
4054597826
486366162
3184437250
1560056734
3461042719
3192613843
2137601724
867201007
1753641258
165080176
57024630
1397517193
2880820980
2785216100
1656370486
2796175518
954979178
3068409320
1194894688
398298349
2116984053
2980767993
3274934848
1581983502
2328521568
1835771182
209361389
1346901942
3575542513
3113488325
3519738438
2561467436
2214332175
690609548
2347370729
85188556
569058985
890167289
1914979469
3519689146
1374426192
1003240375
930619995
775538217
1507560659
1445097117
971918618
1192236055
1606927066
4294584576
1183459531
1737451363
1651667316
2574341068
3750684389
521749969
2858211411
266768800
3308310479
3191662482
660534457
3836642589
878661231
204137726
3188479051
3492376154
610505758
1716826314
3946210440
2433483552
546094334
2327632645
4205223863
2482676282
638824019
902003581
2573830081
1656186037
98942015
138363133
1648432617
1638677624
3584100294
497045014
3612668435
1574753116
2745627278
1900056550
3727021023
1640924182
1383118196
2952511022
3502741032
3132081617
1362377568
1679184088
2357133824
3766863592
644476571
3949791176
4136211363
2967585618
3938115580
2455166618
4187659396
3102489251
1922447122
3922494220
1700628727
556006491
3417451836
69272364
3425484161
2398696148
2479009931
252909691
2699436816
2296747059
1021742208
3400998496
1693454127
3344985034
3987599360
3312307702
2483091732
3309214309
3985706350
404105119
3558566675
1363786523
809639256
74511564
3282006407
3086519997
683280266
4135344479
1998406798
717611926
1000936467
1114208928
2836552211
1315977864
432746922
3330859705
1375777249
885381851
3604221943
3280430969
799800288
2954241661
2769978481
3312116483
4196993740
249957813
2597999120
3751316181
59881205
3153821056
876106531
1687966329
1666398759
561595494
1706677381
917746594
3933099458
123803294
2993639067
844816795
3747649440
3062645941
604392538
3014843735
3531279186
2398778615
3801070638
3541442364
2317392603
3623541428
1899148170
659596356
2916477646
1600233908