163323806
2679904472
2939468641
827673203
253288526
2431012247
1799825440
176792065
3305837930
3685269920
4185295698
2449780270
528504801
46212027
3045863150
640665689
266100816
3154182780
386423836
298011772
3784136029
771555599
1466240327
3994474042
2385687241
55322544
2632752786
3555836024
1856598038
652431164
4029684379
322815809
3011616386
1353522740
3177645824
1451313142
2818748171
2080628284
3383007342
988345141
2235392532
3886884482
3475560604
2994684656
992812292
2501797731
2818397993
2247250269
4106621767
4152722847
2792633029
1225588111
2270449494
1362699606
2669947476
3743118354
2380607539
1352923475
711240537
410226203
2076836328
3514891680
652979460
2062242841
788342535
1852662207
164369819
1636640413
2651573553
2264735158
1980033316
1751133822
1916256378
689181114
3778646605
3622014651
2529032983
1148948616
2347140807
3829377538
198121755
1148420366
2256398205
2911713484
4254607278
1727499089
3852395507
3480339508
1769362212
2573679331
2552065259
144947015
2527559126
2156132517
494339949
3396443724
2700213191
1839131758
663174870
114154645
1978580501
2842003159
4106877465
330815305
1141193279
214091574
3715301194
1944203794
97668375
1616802527
2322931521
1439602050
2853022045
3757236858
748318916
3878757875
1098334371
1156891770
809009878
1628438479
2650220816
1294166426
