1913483008
1531011904
1459549834
3720759152
2673854709
3882951709
694025753
3842556533
1994661600
114580886
1221921410
3844836355
3441688337
1285087810
2939415538
3097834942
1532598372
1876999419
1615949255
3867867483
2082119471
4000292377
886436043
44255626
1274386106
1610776583
1529847412
4140059813
3924648104
2957331098
3257224752
1998935295
3428056178
894009301
1958424150
3882909988
4165239675
4209616194
2397064319
2810938088
3322370688
2590099085
1119633709
4203245278
4089248128
3464558093
1015969892
3469700481
2987392956
1034697050
2424468494
1857034323
1352368459
899273818
2242462753
2759210942
1601994139
3841508776
259257779
1035369588
1888199305
541721263
1339263005
2756258850
1105243293
3768403644
706381204
956160096
953580172
1336083689
3778701015
2219978616
2262585972
3287361655