3508847060
3481219792
1798504701
2010772926
4064397853
1741242597
3924509242
1709293146
1773763288
4094120579
4215731639
2937967834
219226316
1463636814
4106405182
1537805570
3559819694
722488685
1895993021
687649128
2285104654
3560593074
1913659252
2303265754
759164516
1074031074
516447074
831940688
3493430499
1819880757
3907977850
3015259386
2592739582
3127573091
247365007
4092541924
3191948000
227290061
462791375
3823876037
4284400779
103925631
2304357140
1773970104
4002637900
1536716138
1154890472
3710908694
130857949
2885841009
1829489938
554701799
1155695086
3528346306
4018487261
523553201
3403272194
3238379829
1103686436
990220996
576947479
3564629557
2900725007
2559899050
104524254
1178000798
2609010127
657461891
1353217402
2487249272
2237789172
2190507031
526003893
3654169823
1302566887
3464290310
1070630843
2342343472
1296367596
4185570728
2132022483
831319133
1942419481
3149277896
363097073
1716453988
1762986611
2163880848
2281353345
973892251
1468082191
300916223
293509354
405984416
3846622304
3100728810
2981303671
3720203120
831093567
1431587820
524637209
2886185477
3802531661
3344090706
2751417003
1188459420
2293012535
3717574723
2749931750
4291542730
412512493
741195062
2213375750
4288820457
3664728663
401209976
2574439428
2796898362
543383384
3960261084
1757277059
2303587009
2787331641
821903721
3767625569
2144681249
13966143
3577202194
1863840608
2972767777
3859022400
1169885170
3648814139
3682981857
2371842635
2332002612
3349195577
3535342305
1765050282
2262933167
49017962
205688256
3253175953
3125408146
1355646467
2279061547
2427963440
1902142091
2101296039
3262440543
3731372028
759689770
1266214000
3300382272
1083570622
2695698877
1302668418
1504665262
577622474
3909799574
1140040017
379502467
1666066911
3497667577
796582667
963509044
3570746625
895404306
2482211834
3672575267
1164309557
956577406
3394082155
3956942717
1933969452
287952374
2390156677
4260373650
1044487551
368000258
4137761284
237679716
795421898
1572179938
1692783818
282426448
3672705720
3635316398
4062750550
1994786129
1495436982
3898409820
3965682729
3814987684
1256376227
1132675889
870267457
795145765
683478689
2254825428
1131513173
3563712447
1918785620
2335990519
2421292549
1307558499
1160628621
1488164003
2518410940
651352775
1282996828
1290232935
2804434503
2474248785
2626116135
1068056208
3212002260
4256833862
3034462456
2412289086
254028066
2862321180
2147004428
3416237776
278985270
2717143112
2829671763
1417167738
2337549438
3085109962
432318102
152635635
3289486083
3006007392
2112592184
3235046789
741817643
2364427255
3224003582
2699942013
4213535216
603865038
1219763005
1804384052
4180999842
3757128202
3961265840
4249588118
3000488996
2874221949
2452595975
3601816861
4217852580
3888130088
410033520
680251543
3468127524
3008334576
3623649814
2151300818
2674272891
648901492
2348445060
1018452815
4107086072
2251253181
4056276037
468638234
3095720982
532502361
3988548827
1262732134
3880263717
1769633809
272954765
2993401796
2624128054
1261026503
3670585992
668757323
274615110
741029950
1391888798
439726795
1515390518
644778870
1706806626
3665653351
1064225493
2964501185
11739242
307976834
2494779423
352426628
3272821959
3328638355
3196083282
1246728293
1618703537
2809688737
2900490977
1208598349
1654063443
3316145518
2347459631
1246661474
3413656511
3151895939
1584250162
118154768
2777728736
3550362618
292102849
1133334388
4059938254
509559641
798508642
3237770410
2721352733
1092040884
3594603027
3960994061
3602357971
2124180151
1522383952
1067206769
1193164521
2545122633
4211753660