1971137205
2348076917
1753792304
2149887772
115192492
2823719797
1616557214
119744140
520641721
243077432
3506285564
250153095
676128016
2955665339
2901488015
2720227520
2091266090
3660157393
1577317442
4214664966
2503492160
2518404293
1527866757
4132977697
196540128
1302928607
3025274918
4190286785
2479914929
1600472650
1806038662
1538297346
2805399973
2722097180
3241662386
3614322283
2834633201
29943844
2774681631
1271309845
1260123107
1365560135
1968213120
77177053
2116886721
2835688603
4229764894
1990018637
3827969141
3956412581
1945051597
2415713050
1966215989
4068969957
1215041276
1781974203
3791082745
3829823261
842439121
2124469279
1053553587
1969877971
2986985903
1453417570
2260366667
2807132761
2957628400
426517305
4095030386
445933582
2877246539
873409442
169157678
2203199398
2525182587
1048975754
1861450088
478041247
927744489
520648832
3345841295
1017593870
4174464470
189032223
4210372495
656660518
3770210813
2137602328
873028728
3438311973
892029449
2046907953
4056005064
2094080447
2149682875
2333102675
2365921666
343146678
2419038697
3489390625
1665982003
3848543729
4236835825
2721870645
2164300706
1886282274
3534002638
4153458328
175525742
2317446445
1233421346
3868258136
678168971
981646311
1881406280
2922004392
2904033692
1080359976
868393041
2053548270
3404453412
3140618609
1411903672
3803598709
990326218
