3896122173
125753663
1780456662
254999117
877485588
4166727532
3166428834
3525422113
3512358466
2204965919
414075336
731744807
3800597719
1299093992
3502761567
3338742917
2689392974
3789127339
2346466560
1666106127
639691148
3346436396
550915681
3289733175
2919675492
2843822515
4022625139
3832930306
616590648
861137867
1157105447
1617666148
2594702121
2322226762
76270013
3021396405
4194285562
825500873
4293847545
2416337677
2398330484
1273555477
3266859552
1543978592
1162267394
21726576
659094349
3500678130
4171575434
3813580737
336410936
1376488099
205503427
429457293
1939899097
