2064140380
4171926852
3974702059
1412396741
2056895586
1707590123
120165951
3933324509
3307172237
508257842
2658645898
3596767691
4007125110
2998038391
1724556954
326483942
1276780807
1551615760
1713759173
3894922174
3837315077
2077775988
2569497353
60074534
1893244469
3203547646
267517041
724633390
1133507131
3745650550
2932789482
3752616472
1999046160
2798128289
1277044527
3674781522
1905019484
13678619
2450672690
2372420887
4062328983
3613836282
3972088919
3947224070
1216183906
1852549963
3079297257
836116709
2943684880
2686925248
1821798216
701528385
3864137255
2810369452
1202426276
2533658690
3094769444
123347590
4204050429
223541427
3445421691
3260132792
2623411322
205529971
343263710
445696998
4178609261
3531024232
988149541
4045911430
3520974519
1375471316
4048881201
4062550932
124732551
2312793069
840636033
224093330
1494196353
4012039766
212218043
3411383027
2076793394
777061071
4215115089
2383249599
705041847
2637404870
1686713063
85914903
2729203963
3894498816
1265822561
1317929112
1631425033
2708953242
2553931494
2083857124
1655978193
1382017036
2055933854
866701546
3656216693
1375062176
3625134218
3327296849
1720270930
3549915790
113278435
2256247108
997990696
2475867129
4083410546
773831149
2968502054
4101584992
3851430985
3963175868
1183981420
4238075140
1058413892
1146706440
394957455
2729527768
1031672609
2393823657
2657376392
4086271442
704159364
1399599885
2921973891
2450785256
3167243068
277185368
2217516060
1591890539
3672028413
1785026797
3030475699
670970489
3360978032
693903776
1968658557
891946277
358139807
2787913130
794697545
307009717
3214121071
1797775456
1951131607
3425707870
4013599488
144118589
2002053358
3896937605
1326156364
662034753
2374526676
782214704
16184853
2476031976
1543072852
3819468467