891462760
476101952
4036864680
2728226980
1087684389
3799592073
4049857352
2005642987
1060098808
1280309815
160773204
577133472
13230557
2289464703
1228923667
524300040
3937933331
427123035
3900194341
4090707928
95131024
2701980745
220574925
1775640469
2451194569
334041468
4263595519
259722788
3272431828
3518939893
2742107943
1074254496
3607884226
2794005290
1779021201
1344314224
3477036000
1255084237
1845397016
1891399058
3961774995
3355004151
2956716497
2716789340
2487871274
3207025676
3588727681
3979736913
2884330211
2738130613
4281039116
1450157555
2335568236
2210330291
2125824610
1227966468
2345718578
1415658235
585751290
1219560945
2916888034
4190012733
471389130
2914669837
3024787354
1020640688
1381370207
1055622893
938192193
2583196520
3673825917
3149821793
2843657069
969974639
2800318533
2403312556
1779350537
1361878785
2992667923
3259085999
3581383231
1210672135
2672311436
25631778
277136951
3747109901
441072997
3071849923
2373145747
1483040411
3076832097
2664012290
910624217
2640350733
2757705
2045631191
3330152701
15263391
3211554419
3654013095
211647145
1657872818
2477797730
676149116
1379105534
612821709
4193683506
3133237223
4112519106
1812782418
1055861344
3147532610
2002646930
1408449147
1613209115
3656386726
2072237759
1656290514
3050387326
1667912211
4202770419
2783314319
2347639302
1333256985
2426054581
1069628620
2958933847
3931498023
3323334954
3050811536
2636944761
2276938824
709151905
2129428829
1569004499
2484088948
11290405
4270067434
332712546
2016183550
3593133010
1679473129
322319160
1620426578
1586026734
40623315
1829954092
1654345326
314002824
3284558801
294439084
3905634653
806222349
3224962748