2645835387
2007335524
847982409
1116019468
369157549
3623866786
3021999229
3223552129
1283656703
1921722104
2581451889
3878836318
1029221259
3794444367
247725493
2910229652
325453734
3318773815
3295407872
1698012667
986394448
1538528800
1757060683
3516391617
1521423359
3439720228
2229163322
2278998394
1243372209
206779589
81624428
619428281
3384411758
474028477
2448844508
3775632731
2872921147
2766922134
1765201107
211836379
1390099911
2973186211
748201862
1086613375
646231047
898910836
1656020173
1152161033
1294580093
2188103157
4023679274
2667108246
2660211972
2223618235
560250899
1702807087
687218516
1275275403
608097484
2174497321
508704900
778279461
1607216013
1807183884
2724674509
1062725233
