1832530295
939025699
1881026320
485043928
926200638
2865056386
3887294330
53108930
1236945220
1500576148
4011639131
3139788127
2263997865
3105545574
2207349107
154682723
2128834499
1371460311
898128065
2466509501
2826068632
4288164359
3196748015
2139011357
988545719
136655656
2166372716
516343958
3512616580
2706424411
3275771082
3132549880
4062263902
3368445062
2529903332
3567434069
1403865563
94100744
3640819450
631241175
1783273584
2264386338
1161581951
2517772026
1390078123
1879977136
3731301892
4198857110
382392309
1545814732
1041825523
2214486540
1236377273
366463352
1018818363
107995695
1109296797
1187729481
1749671282
3299472812
1563186040
3479089442
574126670
2026488427
1847186335
732238325
4013105301
574879318
4115607434
1283671305
3799838586
160981628
3948428252
3347890258
4176247498
1693634211
2302096656
4215631818
341902145
2676011384
2766689894
1690495173
2288322534
1814154033
4275380967
3221908135
2420187942
1114737216
423436260
1346121495
1146795352