4059015837
3130473302
3030023183
99001833
2552064048
1789717147
1111193002
812643763
869255795
3951299846
3043857152
3889008240
2584541513
2160244690
4081608808
2317660243
3108883247
2603594191
2095123988
4005883115
3781716775
3930134350
2966787405
951932116
4080928218
2861432761
1242213910
2992991263
1251798049
1581058876
3372446484
777426508
913617047
1055308971
2865254025
46371144
209787142
523163454
1081215826
3373580829
3586890849
3359968105
1395057648
4259549378
2927548082
2628293667
133586105
545370302
3805820238
520485896
1139553532
1207176803
2786677139
98438246
6484898
2523409688
3898652606
1637575457
3888089311
4052556598
1584921959
264588676
70286175
431149804
3263733612
3031902277
3293359668
3149189033
3505119941
2477805399
3526548089
196243636
2514376973