2827615074
3352642174
452467651
3667126667
1761984670
667578081
1948828009
1099026739
1447718262
2775677845
1625140499
2645113889
2880067224
3016465128
2087307917
2808798314
1723422833
3723073326
1241124215
2367096129
2418399273
1032506232
706980812
1000633890
696874410
1870765971
4019110165
514141166
1318589073
3526252198
3499500940
782558836
2188815252
816224463
132273128
3484933476
3127949831
2867467027
3575729236
988397481
2253770399
3386266767
2823362323
2508725400
73175377
1787381494
1685648616
2191061576
61702571
1412161841
1071568376
3240739721
623490121
3877032704
247603260
1422468221
3533525768
3656417680
2719971627
2349242783
794478374
2438910918
3737293311
789577084
576214951
3643291315
2664033883
968451754
4151232375
1205153568
1040889817
1906677153
3244114968
3265872931
1816974747
3817444710
150529030
2763805187
3516356267
209216004
470514491
3302583484
1028597028
1203631566
655167263
4078578603
3788358506
2571701851
996636163
1025616265
1892390939
1597858056
2441646418
2753546224
1758618804
2773237733
1882871158
886079823
