3480157609
809432121
879714215
3453770314
1547058948
2833534703
2420378243
1531274535
1266008471
1405188891
1202501793
3671505233
949946121
2182092550
447630428
1278384074
297704590
2825282165
563140741
641006725
3624119274
3413999040
3561824473
1910251407
638249858
1717123307
1696286665
1312987339
4209242388
927800081
3547013483
4045713520
1732235536
3591232495
3585783896
4085567291
668194260
22847468
390737552
4107603113
2407265210
2632839539
1686330990
2273922433
3989348923
397294371
1098402486
1548581940
4126756335
2796999322
62032554
2999118628
1920888946
554169466
1047915339
2454895758
2864762790
787790065
3442006625
2021868056
3430110934
627957828
3939417815
2848028724
1590157889
3387989380
3205353980
1936826669
2368759085
2107503644
984880873
3198300648
1446641349
1255962178
680741724
3357613235
59694702
666571741
2803460588
444356526
136630048
3593235307
2811899153
730078428
438351200
3449013950
1842797597
3760567112
488185513
3197075036
