518760115
1039004204
253310938
2425982352
3665856576
3805294018
2124834573
1374196509
206615620
573328033
2154402068
2070541717
1898951341
3430087750
442267629
1727476561
521045272
760203710
2190912269
2808003867
772695807
1721739126
3496578927
26453323
2329445760
2819456108
794690881
3933415775
630515234
3191568131
3628841275
1218095092
3013792877
455211054
165122794
2092928471
4034135348
3724817300
2054656084
3713376028
3309736561
1026068349
2462047071
2207329963
1483902081
1479270209
1364323778
3763264309
2747822939
3897481464
4219454846
786077583
242206243
335999807
698999985
4031701963
1342906229
625170674
3174461542
3875322956
3528531117
4121353265
1394873503
1739605200
706481745
2294167854
3397878435
707075522
1878306657
4136459156
2589725955
1667047532
1311805040
1200424131
3021744075
1174685354
1210472454
1137462155
1788696830
795112937
338623210
2711316293
3808317412
3414483262
629076906
2007154881
3286130239
3631889139
552405791
2773255896
2119872759
3561502070
1509800540
421699222
688095074
2483757478
1727994466
4110511015
212282436
790286745
1327939277
336740173
1926697514
3749497859
3812276560
76964629
3142657303
1819164484
3516568849
951154370
1212792049
3395191670
3773833886
2303288111
2973094619
2988983033
3415728611
3421255005
105991265
937831429
764235993
108290837
3031391872
2042124985
3201958470
1571973112
