2522588022
2898184551
3729065476
2262955635
51170979
3497716718
1162268575
3497813867
364677264
1930761225
710094148
349398250
1976268819
443516111
4100153901
2734151003
2581686728
3509398919
3780680120
1750488424
3224921493
1458283815
3384648652
651867759
874000056
2224658671
607465898
1137497224
2861827296
701988183
2981697690
3242237009
1650069802
3010200118
1154067267
3248925655
2438587201
233596702
1063457520
177679323
1998782850
3952898469
3506827661
1806470673
4281090024
236650853
3869487385
3042035941
3273467823
4144679277
1649423511
540100231
1368657958
3915905036
3438053014
1331083508
722047296
3317823028
3470765379
2549365393
1994120313
3157590040
2179009134
1260902267
2066685014
104996067
2060051334
3964840249
1009854949
2709805101
628279617
1952571529
4184972815
3928878693
621003858
3663732984
4273461865
341644431
732632598
245711142
3178569654
1985478360
2757418515
2842870065
3202078696
2013693296
1419010914
2605074096
741686608
2638966339
3042919135
58520885
2433584909
1146807826
202460234
2936391868
406549135
3189369880
631530732
867594468
859510485
1409287798
4280023374
