2147954659
1066084170
2644339559
115782890
4281794535
642708730
1371390128
3976412064
1227484326
3096271184
3587078101
300972657
1853042992
2628342623
4028565544
3052803269
4120413865
1193742074
3663449401
3269273019
2772379619
4278064088
2181486869
3420811930
673943344
3387564327
987121224
2439296234
1929984720
1279664313
991164035
2486190137
3791149545
2220077726
780109030
1059978841
3584730200
3166493153
493442970
609832059
4287774204
208240285
1460766927
3469389525
13874777
2996313999
3383611629
1361807681
2677186987
472873635
519680819
1066137018
452758668
124951662
1756679137
1720126032
3750414539
2472393789
1903529214
861892837
1191301929
1761865593
2952920926
4222109381
3459776954
2297966999
1540901538
3490340950
3751120623
275068504
1458884646
1273889078
3452134935
3826931523
1024244310
494339218
677323749
3952406337
3778233199
613943763
2380882944
2562892286
2862452155
1518563789
3156761313
1558159176
4214309877
3313477842
2039437402
1669777009
1410244885
2917973875
576548346
2711291881
2336120962
1088979538
3788636799
685618863
2223632074
2318234222
475077809
122427003
319370760
3645614635
982125113
2076908681
1324781844
1845696321
198292621
2728263528
1537094810
2209132782
2316506773
2396452538
1583239512
3809619534
666940777
2118810090
2330265356
3548512818
1237855584
1829596567
2957392385
372289935
2794291095
2451821714
1170871017
3248567417
2896825550
3113719499
2490746439
128096719