1810771005
1020019225
1508756931
3677503950
939700023
1845933202
680465472
859173402
1525910312
3831916505
819243473
675377180
3544428397
2719888663
3592491021
3545998150
3338039797
2793804615
1737095743
1372418017
1141287529
2508986559
3069365818
3366172309
1234184125
3657492641
3051088724
2379564961
263684750
3000124527
3727037264
1603106144
731534198
207600031
603565430
403740207
179705586
540075644
1959639072
3550440654
1509594183
3550691516
1593244804
1249793970
3172917207
529761148
4060291378
2469028513
480312797
2663557259
512841923
3457062728
281640431
253830635
71941135
3502386300
3996386204
608123924
3729522312
2280286628
3296384611
924329238
3901475205
483091133
1841942268
407297141
2266737305
3575933289
1770675794
114819490
3859051912
667947615
775455056
1274266614
259411395
4210653165
1452194142
3865703956
3159768623
627378944
2969780097
2273230313
