446200559
2028843398
1119628108
1840032600
3591370496
1179158605
2855386602
3512798723
4204647082
1312342865
3431312159
3698396494
1513274684
3370134777
2893785351
2863341365
2224958967
1090047505
1318780789
1838699402
4212232146
3033616284
1012536437
2381286517
1326549569
3149220805
3943592340
2504687667
2778349073
1974773553
3568667386
1108123584
1198404426
3167494048
2288701635
651780933
3944503684
3751101600
3508130196
415607975
925911079
534839096
278574783
3730048831
2476802131
3469413254
3948779296
3221345794
1576428743
965485159
1167076446
3922551916
1595113930
1297669364
4189559193
302852848
1937907337
2939498414
2754445122
2668406668
4223566641
536483833
1564969797
4128943826
1105625846
446251887
2191795833
1621057095
3727117921
32192776
3975235892
3507947934
866223218
2751494651
2328390390
2840159009
3071501350
1582645422
3671410859
3529383690
2302011434
1594660671
4035710784
1642307256
1737653541
4068848324
2367644938
1360245255
778647393
1834739784
803744002
2999518184
1057375934
136502845
2872334193
2425437062
3951645893
729792264
2009090672
2701791369
3136817870
3806294791
3938440298
1753628627
616270643
1874898446
1112696896
4249963989
1012189053
1708798427
782663313
3993776794
405097329
2429549694
1069190830
1524231738
4001857733
3661580708
1108463495
698572963
2943707196
3208671600
3437074378
3791606320
572232041
1094662209
4086276396
691087613
864312313
2192637954
672448443
4197956268
460449914
1041253068
2000066665
540601652
1474745385
2015404410
2106456891
4028025848
1823384827
1452228000
4073905220
974095209
2167445365
3017658242
3201629272
3498101437
940116354
1459521502
660838391
3326313641
568856162
1983754868
854188684
270022894
3583516919
936799925
1476355102
3803880236
3973215490
3420195139
1995871879
1308078018
2987831600
3611527078