553066131
1953992638
138067221
3853026280
3675540918
2277810255
1338174710
2896796560
1203669270
2189894803
1531539422
2067522591
144478158
1452072469
3522216856
3407129165
3504201712
733414954
1905566787
444309913
4053558552
2632256008
2050356494
1809055775
248462894
2981786297
2485120933
3109860329
3816154716
309819583
3957157289
3809381272
40694867
4258654356
2579585986
3200084344
842656926
3290677073
1991598255
2412822167
1091702397
2733845650
2417031870
183201190
4054156167
3514528732
514154855
2904812975
2698509512
2264667680
1605623999
4103919893
3381472134
3421062541
2601080378
358739275
3684646026
2240858168
33431034
3584098971
531624963
2077715610
3595921576
219011964
2397727078
2314217085
3499228134
3030026138
1865529348
1088798265
3994644255
1883808352
3882112010
2836114950
3883874250
1702999944
1382815268
3824758349
1183467197
2777166219
70240160
3289358926
1773280588
942968112
3996542997
743587180
