3700108448
3406445642
1126764309
3642515493
140810023
2352650297
636142097
2290115531
3526734657
450396915
1052670113
761761879
3145614025
2103940315
2382193910
2653198219
2801184337
1145451293
3508671931
3879965285
2101743649
4096136468
1143609787
861061263
2262350200
1877456972
2009737444
1870038460
820670042
2056603855
1776317438
1127964381
4204223640
599188657
1545664276
2011250989
1679386237
264617230
4260627578
1338549681
659130973
4244126213
3368704281
3137456400
2127563640
1377564433
379788524
140832488
2539565928
2195614116
3048191874
4181906626
3715285408
3633455080
4274951517
3044276605
609312239
4009308755
3495044927
3632573591
3558147669
1986337872
1523199761
2662465117
3868678787
4133782816
2771339043
1259692191
269595954
3976491469
4090796067
3579315806
3192061464
2000296422
908684580
2546576127
1188190329
2068922507
2759506428
799161218
64663569
821737181
1482330261
3468774473
2336653134
645591611
1472608437
826014069
1373261111
1703251783
3943871220
3860688372
2714585221
592943761
2172658923
1898690243
1998441848
1684755013
2306338015
2767515629
2195534838
407591223
539827252
1853151711
1468563480
2617399751
2899091207
3396215024
386021903
2246129758
1496762328
3048550325
2188840949
2486874908
1890238250
42604147
3238285985
4112247238
2157157416
536702950
341231366
3904833411
2604402069
1404976773
2904684518
2775433202
3288011304
1708300152
1213669520
3050162799
3995940170
3332221473
1204854998
643113303
437809146
4150690428
1747479669
3972658512
2876609008
2784368391
1838097974
648182106
1342383223
806701612
1571090451
2074803815
3411923345
333323152
1380048432
1043273795
3325425598
1753567941
1333604019
2580043762
539144124
1927582192
605970803
1651263795
1467421875
2976031493
420265532
374232779
2278492004
1965557591
1163229128
264570627
4169682090
3503973122
124853208
2242466668
302666384
2666994396
200250924
1451719418
1905962480
1086625664
2239131818
1699310536
4078642406
821924287
470654722
748497225
237356501
4205603671
1350202685
1460272775
2904981324
2182121205
3262712725
1667710877
2640138216
3643189204
1920970441
3115002676
1189874783
2913486634
210342604
1284593443
4013376822
2802759107
390444289
3982852892
318342027
3512287598
534413586
74341683
1302301934
15168407
2241714611
2509186579
4203091946
1549403167
810987352
2474106932
1942754649
2104735109
3468578308