4265045194
3079637389
1167688827
2640363525
228872285
316959830
918508988
3889976865
3721609196
1424674970
1519903915
2232220771
789458337
602427484
4021879893
1875374080
1008644377
1553509889
626413367
2313427040
676722448
2618842028
2241209427
104740567
3929286625
2258157415
3581835558
932238719
751683866
2155533931
1486312749
2979208661
2520993402
1922040420
1321926141
3903576263
3789464813
626844674
4194831962
2021382484
1308696695
1481772975
964263821
2882850096
2890020624
369478392
483004214
986416538
3288824305
2553517505
893268384
2171844667
2564487976
1350800071
4072161832
3708790700
3331090913
1580472752
608537385
3248182818
3363759070
2506274520
3423258451
826183158
2564759585
1168432245
622648624
3697424951
3391765444
3152881656
3708755026
1874988858
976064535
2973873092
4200501963
