2102617219
2340962031
1494031248
2571346363
1662510711
573867403
786884015
3903211458
3272839580
2443465284
2861543774
906481053
2260239431
3050567504
2366191311
2976432469
3056323127
3279484199
2548717436
1167131207
183465973
10513839
2916131313
1953482301
642915021
4142777195
291676180
1707012417
2305850340
1664446926
2006788953
410765588
1416388531
4050962017
3443032753
1944991225
328409439
2677881908
2559211022
3755649953
2874880500
1435750190
1734299695
1873003778
187991253
2472332430
1197730373
3942285404
1079178288
2758508637
1308887891
3563812857
1635545856
3837689463
836040115
1534765452
