591422970
2621436984
3507627270
867912758
3774591004
463353144
1368302378
2613617545
1382794559
4013651265
567282584
3263104426
2055754991
2449098692
2710903061
1290405886
2798475312
3294412483
21479072
2465113273
4160638602
1125223675
2361356608
2981155193
1956084559
632832044
404865184
943848932
332224190
1603299592
2009369494
2918186237
284211934
621001221
4204494895
4252591956
4097624807
2688432390
2777572386
2113128404
2389082765
1245694377
2264863999
530757546
1244591711
2386361803
2426054712
794000424
684615857
1696283062
1245927169
4224035734
1905889470
3590895675
2652133405
3200997379
3029994013
1864644102
2835799441
1442578565
549830650
3729879493
3113589224
2239619241
3624691375
777777715
228232401
2182646519
3460851406
3309690365
87882478
3727721787
1099090000
2682579426
1415075106
2156390153
1801952686
1246218841
3780095445
504178721
65204259
1119705358
2726451832
2114302769
2302914844
2267151175
835555833
1264215305
1345209674
4268636603
3669067300
3316304473
1489766697
3128852758
817690335
944607178
4024796118
3644555660
2467872643
9243051
1846819409
564785947
2206991983
2133728461
2963437174
795002362
962158135
2933619605
2042210793
2848764969
3972711093
4074315133
3318480596
4095055477
1627405235
3423629170
2204757554
1935603565
1550824241
414943695
2901257842
1349026105
2196151516
3916543881
4257946929
2311938656
978684993
1195815677
3597315619
1639077587
2120254159
3394816530
2198851083
3957821239
3854652235
54316205
588376904
1033058995
495650616
1737140093
1235453394
2634429098
132905905
664388304
3730173744
3032475796
3575656344
514246143
1914854319
44511057
1241714835
1144773860
3071633995
1490575130
3219613399
3737272158
996475925
3690096528
2353892531
1126580050
3570160862
245384834
1644070118
1535104417
3833323531
946282401