4227658851
2704817014
623814301
2231813823
1406185983
2501831131
2057330931
2133676261
2983210024
3186027954
2017032176
2734235428
4216346482
726201760
2513774797
1722900748
570886153
3475268081
933912226
2525576824
1690399375
1147851776
2509023385
2800431693
660231450
719988189
2077624981
1085415616
1203893096
1791151207
690438217
1469674889
901798534
2152890553
480306440
1185348850
96344449
2636654903
1094040594
4184421575
530596891
2981138699
3203446361
3677565496
925394759
2246365154
1228385436
3760510654
4257702369
2619722180
2283052095
3724065830
1410222360
3433245907
2732571764
183469455
1730867634
1634022419
3805990580
3771992222
3133690396
1025913755
76916308
2563216599
2192853829
3653938161
3987876885
3349341046
3064417315
2709761115
854605493
1553601784
1737742937
3671087637
289099911
2494899495
1560387968
2889957289
121810496
3284775820
2536767262
1077120847
471901775
2063584373
4211336409
1784497888
1452620132
3412439293
1402446517
428044383
373545174
2396247728
1086633435
2260300034
3803948823
1381181718
2357884707
2952166822
902450795
3075731614
3768126781
3740899236
127225190
41871563
894324189
2735237039
3127948795
357074642
2232300363
786148721
1686138491
1244295020
1468447236
1318485155
4271568356
544102297
3137388953
3465364411
1770793205
3349693992
3036621316
419607376
1715283431
4289462562
4265266934
1738018040
820160378
2650915486
1998409457
2452421964
772736282
278030528
2782549920
2586193185
2526315819
3218453757
1160175147
2985852462
4124504272
2263581298
1772709707
1556257143
4030716153
3306468379
519802806
340217873
632450814
1675715454
2728304075
143111654
990159316
990286296
1345899333
554388223
2790961186
472331012
529775141
1909876547
1048455515
674957656
3491894643
926511942
1430342732
2821786393
2468114111
3483031718
2810816789
827421360
3559109856
1006771029
1599453950
4242533939
1334695564
1476822381
3624668030
3288480730
2884294117
1117828261
4120066838
2801418828
1069116563
473044903
91538907
4001620372
988977942
961760821
4220722549
2627795867
3067129873
1361611284
3328033708
3544290254
754989196
2327313381
2132967640
1448547542
2977236446
867876983