291502748
1562048880
3792919466
1611523191
4151973369
3330529783
1330866155
1424259133
2607958127
3295445103
1825650983
1550426522
176673359
3772953280
3281953107
1659823811
3373474967
938757955
1240791707
3955386427
1567748289
2094651563
3158286192
3850351412
444795540
2295667341
2727825068
1210690326
2975927076
2529672844
3672294310
1445445058
2768187777
3600930612
2125132635
2617093810
2635197703
642475969
2441646905
2720843776
691722545
3597258975
1971161270
3964035539
3068334708
4177412199
325325908
1775182842
2391877177
962625138
323182485
2067689606
240656543
1163805184
4223242549
1357417340
1721219689
3963264441
2375939462
3579263220
1744460063
2875779334
1992532744
571752170
1270237105
2419077636
3891218340
4249971725
3873546882
827437766
718984026
2690481743
1019893051
3601151381
480072301
623816334
1774621198
1275593100
347952158
4159354338
3550448419
919865706
1373043792
1971948226
1500650524
3564692755
1258102300
1894233171
4158332249
82359000
2968879104
2519497888
2214066981
616971965
4133389333
3444115197
588621196
1848080690
1832072156
1717518258
2296364715
1290609068
2408982674
3271087342
4088955732
3530528780
4253856272
4119818232
2253527418
2560533745
3653441154
4195877637
1896329682
3657686416
2714104161
563025074
810394574
3079337900
475280489
1630299177
1920681804
4159303629
684155815
3299591833
161587342
3800620131
3534570361
598742649
2511248438
3112876690
2925632888
4087050421
3743541120
2582629011
2757598293
3599658242
1108913859
3834773581
1541639244
56360439
3760379999
3657333600
1968702333
2748675192
988793755
2117327571
2183145552
3355196269
1231737988
2117415311
3650668681
1763164280
100286962
1139610260
2493577902
3185929095
2768117555
3232362335
1632465618
1281351740
442416292
2563880689
2585827708
2434785795
185018315
1613448507
1153004578
996901396
4090532790
962822209
1579087581
3052789767
825131914
2096237425
2887257459
1023475822
836521712
280317387
223472340
1692296751
4108635946
1899170414
3349575184
2052383645
2731508657
1538450788
534944032
1715159734
3227089079
3767768775
101035235
1806975331
259202000
1908688882
1665554502
1012764437
520222303
1436790471
416909634
3803411969
3028532122
1392755258
3951850030
3545086158
2105606413
1128487394
3141673675
513639895
1972258072
2353425467
1484994223
2970368859
2567539642
4238260374
4143261252
4074402372
3787379270
989096636
544812503
283660214
2611844115
471474834
4217350061
2377312248
2382234213
3207979936
3007773914
1019046458
1350466133
2986098217
2254759715
731607842
945202109
3220197502
115761175
3849945744
928920143
478880539
2895652391
3555180523
2798195452
3499243773
1647902186
1179647766
2405341315
1838099541
689326277
1583925919
112167767
1088801903
4002212074
914121005
683280461
3985905820
4159751567
632706812
3102550144
1529604849
1896921890
3078641332
1659978465
3461888440
3117499132
4117287548
319127509
4277342346
649712944
3232580267
2344254931
3893915885
3167362442
163396515
1132710474
2345385388
1973781742
1128809706
558554522
1827458346
3764287823
3804122054
1398335217
272979879
2405132173
3742478969
4130609585
1862081941
1372920479
2727832988
890273641
567858476
3333142103
3976920120
1376608826
2106695068
3799894292
2229830117
1310520943
1410322998
3651964681
1182937495
587624648
2454069156
3092155987