4066500330
324992225
2614079654
2429069968
867467257
1771710894
3980784528
2809972242
3468452921
3342454272
784604009
3575989814
2371387356
4096801731
2315994689
4165026760
2608423826
2200710336
1483275813
2947397278
3682514628
3519784205
664683588
2443937716
1655552882
1136754339
2729968346
3691109594
2518082716
444107432
3934579249
475207120
3614300876
1857753267
2504048250
408470320
2392913791
3102265866
816561798
2612739883
3378349359
1301490240
3643284491
1302384135
1597412135
3155383853
3578539345
852652494
4279629596
1204446196
4191561023
362570827
286120764
4285404262
