2068953235
126197424
681483739
3039389441
2364359884
3235817604
1459591441
2929683758
2556572086
1575419870
2679106921
1267544511
2639684412
3413118764
3910425531
3001666707
3230765759
2516231140
2924748482
2479785967
1061548093
1457344256
761084446
3132515011
569698851
1058943904
1228313603
444828961
918367271
832241346
3161042326
4269645176
2525686300
3161230009
656785099
2744122718
2593513468
4015480967
2080173476
947731815
3364768819
1802149884
2640056294
3429961164
3044702883
2270578531
3498459250
2744249720
3936806341
1090114526
372209673
2099970936
2282309512
1041536017
1173227471
1940648224
2245103358
913203724
3424125820
1025989619
330229109
2053930775
2302042971
2955619844
1699003621
1888057485
