4268745525
4212508221
1348709447
930275613
3885605460
3976365653
2719304590
218957641
4290727475
1189176255
1252974721
2659654680
1595385408
1607448389
3896595980
2425944925
803271688
1727070448
831696790
2611775634
1041037838
3769640756
3937221304
546669774
1912841666
1862675056
1155052648
599565170
3853189718
2705871021
2305425057
2990511767
2763609809
626002739
2930799534
818892300
3626270447
2868899239
2875940360
587010968
3602688143
913905966
1538937594
538444106
3298131576
56113349
1149806268
419858596
552388362
173739506
487182793
3082674272
2589863247
4016138872
889973304
3962836368
793284774
1273048649
3327261333
3974386417
3923398018
612323406
3213701863
3759523932
1195234507
3833703644
1425664338
2394470940
828627475
397476643
128146693
666690902
982757407
620748234
3121475465
3608254722
1045969129
1322495007
3808684873
542913547
313935203
2349733343
694594642
643586014
1991750432
1129911994
2410187714
64071727
1621764597