1557590431
1467463336
413180154
2024303002
2494721794
1693348751
399827708
2602892335
634719974
2342480915
1780681846
922882480
3434378510
1458638270
3219675632
1695707660
3218169138
1113391246
218826716
991300170
2916017598
2069037780
3417265716
773474095
2866464163
4037789300
787634767
959461996
161075086
308545947
2793707289
2891894421
3942416993
3992804816
3016539262
1942638298
648118379
2693846135
2044213417
3067450629
3744137225
1832280768
2737785809
1342739869
1564102680
1772851967
25841870
3354974998
731649275
1143297095
939761592
3173370301
3382031081
1265349604
3938498684
3952891983
812721800
1407575602
4211539946
2886812644
1608357071
1017505391
1047518322
915736976
4112593796
1336822201
4261142515
1273336267
2270321096
3326027050
493676085
1439985805
2224912311
3047865471
3376804928
2883390131
3271604154
429364023
2233875872
3384757357
1875518123
318211803
3115354009
3384059272
