3697058592
1614044640
3195245861
2866930607
2761118060
3174790283
1779260186
3467074564
1291368509
2865309223
969935805
789238360
3401134011
3762425293
1029344801
2672250618
343185972
2655147714
2888702482
2994599239
2763397983
4175730176
765187766
2497909693
977581099
2982261495
3369358425
1784893735
1850637144
3179228140
654091249
829033246
3422911583
2798458975
2123274755
2313970636
2747807030
1318937613
3838262982
1669494987
2541834618
2344276474
1162114372
1118432292
3503315257
3783346189
1409772419
1942945130
685499078
4083191187
2001997250
633460996
560638466
3340958616
3565864288
2896185712
1719864058
3826276951
1163688286
3239840818
2750850303
1072046049
2809353100
1509675469
3451370608
2248709017
2235797209
3526337148
4249456492
1052594827
603738904
3585250971
523731073
2326069400
2048152882
