3463185017
1081947043
3826850303
3702628495
242332943
1532537847
1366250497
1006250625
2691365838
3999881131
3976772126
2839696749
1446249364
283388333
3297876852
986505283
2315656272
3279536293
1021472368
685946192
2211546633
1067102099
904504892
3729899281
1496754761
2674960160
136112538
459907744
128058388
1439310077
3441268819
2803458970
4127031622
3100212839
4230551201
2037712682
3029848654
1214016053
2206239948
338737735
2283098849
567434359
2831749004
1105626393
3885421472
247989317
1519082672
1183094404
1336986729
2466271380
855257357
483504248
2283243228
3218580516
3599793707
4252703206
3848683656
828750163
3066957342
3305170646
3475649843
3799210544
1361449630
4287316422
2404799491
1023234742
2109527454
847192008
3699953491
1463271831
4119800492
2569042418
3412646865
174013855
4162504497
982150066
2500939166
1413977273
647499397
2988909273
2372119358
3130903352
1652522640
2323833900
980352291
2422385522
3264945298
1675837696
4238324017
278081641
126478598
1988343347
3538845145
2546952993
1543198414
1488108093
151323785
2394376245
163265613
3577527533
905646612
3912169826
1417849989
3526015828
2023788016
3649227889
1272673262
2648867418
1020387866
3934991547
1280450370
3649717992
2932371562
1134264646
1343965764
4255147461
3856528863
1756574067
4005037197
2274127925
1804846884
2365836440
3856185613
1050907275
3472021799
3983779174
3254487642
904948814
3002780294
2460334838
1979323564
3664151073
2006177615
3207640694
2201884303
1800252179
1726216034
2951475157
2690489830
1405484234
1098792934
3891536331
2789049178
2755522843
82737395
3253735812
3792102057
674037164
587970252
57037777
1104765355
2286899431
1831487408
1078623303
3349429493
2278064856
526821041
371463789
374293646
1070363221
3606791653
1413081865
1530900927
2456828906
278586218
3534990776
1889854217
1059882671
3896351263
3365149317
675072225
3772343029
2790872373
1356288135
1037015751
448991013
4161533083
2543163468
1832312093
2618281644
3717476204
4108962198
3486681936
2045695199
874762178
1260657914
2650134135
1531162956
3547766536
695317693
540769620
2897721519
985053826
3354015903
1483083869
3526567253
390331274
1296263525
3872816848
744574754
1062678094
2850570270
102788803
3476466182
2509480258
670900198
1258476555
3212111755
3475338005
1583655348
2284466531
854263885
1799291749
3085670145
4226497441
489640243
829443483
1143054281
370708091
1072900312
1607384932
3528670593
1114659124
2698579721
2490667514
1728575713
3216984085
3551764478