987748039
1701483140
3288948271
4223123938
1259333782
3397985602
1978564010
1250446086
4170200319
42882093
2449152759
3693270342
196774962
1023536113
1002213317
3747897795
2880732782
902435969
2347355207
121646047
3175118415
2918195038
423570887
2091756279
2310638712
2226662704
1129667442
1555100794
2825337708
1394096531
1613617869
3300426327
3292100861
46021673
2307809194
2186902569
3405730315
1925629880
2772500162
533530997
3089263292
568501838
3740018649
57639440
3948481503
641946661
3214907433
711796611
3307596369
3468747045
609190100
1492527944
894227473
1065041711
2202533807
1564535708
1232646318
3961002352
2606994594
1423567140
432850036
2008846711
103627581
219149609
1291731734
2920894555
2903364022
1809129258
4130033393
3199054360
4126495422
1842253763
3290878925
4149746034
2179810315
1579942855
3133321214
2767054327
1240805537
1004013675
2254598770
3892900580
3325989553
3139363525
1993404679
3817464679
910719291
3023380737
290440177
2301774168
3994656413
312001581
4018764953
1124671543
3181680420
3230460300
576871378
1946815047
2181116998
2221840495
1289406511
448442756
971649398
1709099773
177221024
2388842157
570055145
3076348582
1864201616
3755426914
100882146
2102356200
115495269
3811671763
4032770731
323373087
2136228441
1132213805
194516850
3142173362
1990810687
