503511565
2732777818
171869805
2140041000
2011843450
4274305722
342923514
3218045735
3642330273
1418232366
452044205
4263885596
4241442275
1649114238
2554893549
1674147270
212539587
1905637166
3355664374
1937568019
212714567
341764984
2334872476
1115705577
3085483564
2116907222
2512731460
492674063
834895266
1801131090
513939146
4201510954
1889125279
4750012
2359682587
1150680283
1817183718
3023042985
1713314128
1765348159
1257552656
845905092
1962231113
1054387742
1276931166
3829543379
3531266776
4109854689
2737208773
457212762
4122146718
2103741687
1546855352
2309410063
633923630
2149767252
1697628133
218966050
2323146560
870353105
2098952848
294773530
