718410884
3901547637
315512319
4218736462
2431995083
4263051453
206834118
48235277
144845597
3145853183
3250120405
908625735
2733565275
2844253447
2148917287
125245339
3050472973
2928691492
203306354
286136628
3395117170
3214573136
3113652542
1490032239
2789491348
2576769227
2835799922
1194934342
2292653827
2644429869
1969714538
3644814380
3889136054
1993647421
3346954164
3171110945
1059627105
2493362221
1610454603
3311467093
3570430338
4057330448
2182807435
502310994
1684738177
2063739167
3992935662
2032245549
1591096994
3162692129
281936947
3767261235
4237713191
3731176376
3297504374
21811819
1981266102
1698474759
289916299
1496176855
1780274258
637283350
895000106
4189820601
23128185
2104851904
2116313876
4269726023
1832654332
2354341779
708812151
848827856
3517198146
474156277
3308062495
643131023
3095044606
1911081155
519253604
1370557902
2677457101
2711503667
3647817234
2117227687
1552184677
1547949015
4283831374
2937923440
485224203
4012898288
217877007
3326326976
3446504092
103141215
1781689136
2444269598
3842151104
3418101729
3622970157
3111117867
2139056464
1388552989
1152871779
246048629
3377694718
2230658990
1747060026
594832841
2743943201
3908647562
3389449604
388105839
4221906723
933267848
3621690769
2824227668
110391247
2192459371
2523229487
3474817567
3186870319
3135270206
1194058768