722584950
3174178304
3490537378
3298959041
2034588334
1024910651
295811465
1289284328
2027512276
1225576710
3046838884
1870194983
904007360
506613642
4193217773
2291319901
358539807
3911718691
3345958602
1686049278
3247974891
118226360
2920706061
3295395992
1930908279
2388217813
2322721260
2279410163
2550679259
3004581144
2254870682
560261291
3958661835
1697834559
748210356
2599574159
3331608946
4187123627
1513602396
2680116243
1761792904
1663959855
4029829261
1081453324
2043353385
3435263165
1871741441
1256166711
855446202
2984461285
928634002
1298248162
1703697794
2174270298
1315406484
1566818592
1183549496
3589459881
4036241585
2129286603
3141517043
2709827092
2078971565
175304434
1867630130
3202160788
3060174750
3038271060
1835530524
25777109
1274883139
3363715200
2517388269
2893157644
959549639
189649853
2463364722
3551033936
919167669
3496728413
2742461234
923278091
2411548743
1391318650
32333129
2482207128
2013574187
4112320522
2082870942
946200588
2033715746
