1556815005
2445194066
1535523570
3542934340
2761801037
2751614486
3650862411
3222302662
1633835152
880316344
2361072808
952066689
4128641411
2292412918
3238100860
2749903112
1723636176
274295671
233049351
1950623832
2763354177
2026784352
1322001366
2451727384
536529083
3996376312
738602634
3275572310
82088137
1830164717
3678046190
1338513324
553907467
4137942106
2163623676
561395388
1805163173
3732497947
2516180733
3560861423
1336287416
250076347
1772896825
2679853581
1822358180
1305796673
3460388384
3772975236
3860343302
4269027243
1177409245
1679709597
2249893802
1062515667
2509572078
3445405990
2207581011
4083930530
