2308432596
3288799945
1905145003
420941755
892069979
1524983314
1548174156
3777285756
951899822
1541506273
975162425
3141264031
1411377666
2847451048
3472016861
340814811
841454706
1524503530
781696527
1500235119
1666170932
2829271896
1189994752
2043310546
226768484
3599012257
3825361115
2721806184
2841406090
2534097695
4269022244
470256858
2608613351
3961461488
676747560
3384613318
718893672
2929029540
3157854753
2677826863
2713975839
2952349524
3515325571
14194237
896702403
1537449720
591277245
1958810359
500582168
1746659861
2157130595
4169710318
3949671918
1296182169
