180455502
2424331326
4090518732
3727713754
1676293494
878347994
171579916
2187450180
3835770323
1344881644
2368121923
2871842504
2194486859
2605039797
2732056267
2718435436
61885605
2684384024
2286244635
3671584407
2119310593
1985592581
3128909376
2406848213
2964325060
2190569052
3607058478
2804048689
3638904110
3759739903
1750860312
4054660285
1525955929
1382701788
4121545713
545239681
458269964
4243883920
1923389421
1430823694
2034986415
2832766601
62302725
1622222824
2465477385
830404154
50296353
2791920621
2051580725
1677019873
2331279194
2210095349
683475300
2864837120
2621495272
3905299439
1817679642
2198922109
2488804593
188089241
2275500759
170246622
2294734846
3422037237
107904349
1241508749
1877993066
327763546
3027818889
947589047
115411351
1498280660
2152811717
1450390756
1031713362
1783328345
3026542904
2495288022
3269646171
4153688381
2901383728
4247865950
3063169062
3169006322
3162686753
524202108
2536464725
2194556707
1183275649
539643938
2443831031
3549002535
1544065604
3559799679
498822695
1166319671
1743531979
2792576285
50891703
1369295659
