2361648864
3289914830
3600154071
2776054756
3194454226
111024913
492593785
1368599825
148050837
3353223515
3658802985
4222144986
1508496258
2635566065
577928534
1225442689
1919782401
4231423953
2626978777
1472373795
247670372
2231099234
627186779
552794020
1671797233
359067466
1918972829
2671069324
145674329
3413955360
3141193757
30678364
2309417428
2355936250
827044414
3909653446
4131239955
3827926807
3944546192
182508983
3108379211
2056743662
2131615500
128282639
1371072254
2837626793
3197863136
2150429377
3296279493
4229516605
163493168
466896868
1165672781
245527125
2411982152
814012443
1223114109
1796266215
4274780500
826999110
3167319364
2400683783
1638071903
