262592056
2684770402
3482955797
2516780199
1112981344
680599265
2144773790
206624260
497164110
180114085
663742400
2119580465
4267472964
2622011593
3963397209
3940930966
575727912
381725807
710533034
1131533984
3270953327
3184107420
4216720629
874852235
1022440045
3408593993
3646989835
2201763214
1441015855
1013281236
244144721
1074501400
1348694728
3333326592
2734009957
412856458
585265898
1637447716
3465932444
2837796106
1783034373
3381032547
1543528200
3504882617
3685376825
627083792
2339850274
218631853
660613373
226912841
3201201388
3601368326
18346540
827315724
2092543165
1003158526
351050008
1041702468
332939121
1876079797
4256015730
3681791200
2632295098
86635477
3017076597
3831457374
2684344257
