4259579381
1591519576
315234673
152664491
2952831207
2675796318
2871671546
3909752409
884831181
1957563093
3957384921
4068374556
3230512074
1922163230
1567464189
2220649483
1028659641
760613334
22460073
2286178244
3481762300
3554662404
4198329300
3334649534
597707625
391859220
846769845
3158480661
2027792631
2957454610
2291006155
859586595
594523175
2817090475
503939224
1104357291
1449445053
175519217
883107153
769443886
3705182562
3583058092
2931896669
1156236722
3631612824
1568623386
174360234
3449886996
1575232677
2385429199
2408149613
3691837038
4144575241
1665014958
1384951633
2960787695
2061616984
157069710
4142882037
950590947
1246359116
3494232920
1564142145
2162122334
2824921057
3798536951
2757844609
197209527
1427621596
490875597
2854455040
1671515659
2795689728
2534312939
2482044866
3145212844
4050948283
3827728313
2133867677
1171313370
256708482
474983817
1522820434
2345778927
527024839
3891411907
4106799369
2504998997
2443193390
3930775666
2958520364
3294642862
617248242
1681939808
3819212178
3506220834
36053719
1268784539
4124895385
2128340714
2590649155
3027289291
3389974793
4108924568
2277770035
3247398214
2409209678
3799845033
2595658340
588576964
658456597
2000177894
2713462831
1663223054
3962677985
3593110575
3229043822
1049367705
1580605021
2780072560
2224498692
2336081945
2993543935
825869163
963144537
2923239516
2843203486
2953250495
2293639321
3011790599
2615901262
2832240822
3587422731
3616674226
2750831102
3686925800
3557417918
738204385
2296425222
2233948018
2523121325
3302760647
3503531735
1938318360
4146444480
975136683
384980970
3062008904
2891945348
3770732615
4200226599
3118219946
1087626033
2117274790
767146825
2215306975
385654693
1135837481
3769977413
1088858775
1980074421
2949000089
2869861040
3247637736
2004736428
3228708839
2510384944
885380600
3714437926
1638699410
3453894527
150703965
1187416286
2991108953
1371752850
3595595952
2221494432
2758776867
546240931
593550855
2822744673
867344262
394934924
3916568944
4146534195
1220807597
3044099502
3440630309
3032076178
2819899943
1424758181
2257800054
466682123
1084469474
3784441160
2060574518
1377901127
3149319773
2678884661
1743811894
831946924
132196326
2586214043
1734315441
3897296714
3910428737
2196703762
2978314578
3349488412
2942288770
307330881
4106096032
513111151
3626689590
297741227
2242361938
566870471
3055459062
294331132
3341658227
1388998476
192531610
567187239
3773689002
1475263661
3329301949
649728709
1069745877
597016830
2106355260
2756532426
846228465
1499481947
3584882714
619741890
995328753
1300502797
87690334
4019641040
1735533654
2819564344
1930392646
2349171508
4221562332
3802543036
1602725060
3652890090
2456382385
1148417620
2977443422
3813536417
1961824840
723421521
3490594767
3201208921
3259344699
2779225484
3720981965
3968750675
976323984
393348804
3047354887
3750465810
4004068264
1095234666
2473044557
3292308467
388692600
1734247051
2616041500
2009418643
3641144540
3764349520
1311125252
711337379
1820613154
3426889000
1139922742
2474835852
2370627357
2149802894
110541110
55349581
2732012556
486528127
1860869959