1377048077
1717813961
3674374474
2423054795
3835044889
2001861634
1642621365
180828563
1044942615
2914012816
3850910355
1609090307
1457201537
486939725
3050750404
1362544212
3124626046
1563044585
339090772
3980590247
2406632075
4198745754
1409919986
1652795867
1849708932
3561057760
3220935108
479356262
4159728923
673791310
2055445237
2275268491
3011743736
904776515
3744033518
3482473495
2651219358
381508210
836867368
1323678783
3702310271
4000791353
1013452102
789943367
2612993236
2189235091
4114011946
2283342194
4029135399
1309653777
585408530
3688910259
1438453388
1719589736
3878508989
2120234513
402198269
799359683
3821722120
2624177645
3860016405
741592420
3786335789
3305949975
2675511513
2847284535
1295560259
1969877784
902029406
967431301
3282079667
440377616
2971524496
4223033297
1655265417
3992602487
330657774
1728224706
4180639135
4183222237
2937585658
2463855434
971200759
3284262857
2755690144
70961463
2148116994
1858116583
810745436
590995455
1301637883
4267190495
3769048130
2501191801
3538203307
1484641681
789420372
308055716
1650110249
1247161478
1564708167
2196947583
3177065888
2108650464
4216723267
1334619686
2529005656
3068323929
1675913187
1734789924
2923783399
381217681
383294808
2804672950
4036264311
1059189575
4107212828
1454960554
1533569870
2098271172
3608058074
3341391353
3314780222
3783003241
1387275691
1142036775
2843528994
1758396116
3703394091
1509037491
2349973299
1157994162
609357581
206818121
784859832
2192998722
3645550429
4129404377
1992884231
456432788
1580928765
41589222
4189510886
843978417
2314720945
4002275501
1635836262
530652727
3382284064
3821609374
2383784878
1374554546
2916238689
999346880
881426674
3929842884
459904750
4123841950
642188741
4187090735
1308175657
3616869969
4235447049
3688257437
1212975406
1777600258
3642310453
480302076
1204115673
2886851745
1251020383
2511127120
2386064939
1758213015
2031086169
641249188
677391408
1087788220
2993192751
1584171750
2282850343
990902823
714222518
49882935
1206184911
3750834232
2541899590
3413192420
542980873
4172165930
3355262086
1808106289
1973237945
4197636514
1580960024
2999216702
3002424569
2529749410
3469994567
1013942463
2152746434
334822250
482843936
3738971706
3066069301
3048376343
3421485723
177174636
416044219
1597642885
2206769513
3909151297
1290633111
1870141584
965964807
603933847
2086706218
2374614045
2961956262
2336256474
3874400938
1792965707
1544321770
2158850770
2809851124
3665365427
1150589406
3433374024
4012045442
3017851608
4159605522
342532217
475248564
581042674
281167535
40949705
4201378941
4195530180
1189569006
1865424581
2156254294
2007473825
76825110
2257526719
4077716597
895326810
532989594
1543777670
1090670236
3574234490
1373159057
248867004
1967339792
1861876188
2213740185
2339134966
3252238641
1784445359
2191046081
3643907738
2836314697
3206036357
1412139084
1870397481
2364326899
3506575390
2236077780
2014626556
838478396
8667038
1704810112
3956933167