4155614225
3969561029
1318806768
201094639
687394866
2155440673
3642932676
839420156
1908673235
3804331699
1068489387
2845078907
2389392634
2275660675
4152308306
3615657711
3633071502
2488464927
3763684521
3648915697
1484673685
3333599242
2055143869
1022494448
2432673119
2333871252
539275910
2047567570
3502612598
3554861204
2389366348
2894685138
3854291666
676161913
1577616404
641391701
3661628648
1310119706
2543596481
2942011082
2278396496
4131458713
812989445
3150595085
793670522
2227838605
3997137796
1299326122
340187667
892294107
3453341979
2736861216
1765206556
1391153098
3811039052
