1304976944
825344195
1571032105
468719771
1687202665
3749645223
3056960397
3301736387
72915962
2585249069
3743753319
1346303217
3832236776
1846602717
486988922
1682176630
1845518100
1452388516
3172778489
3016265348
146339219
3528666233
1866678521
3831458062
2761233841
1933311897
1738432531
1589074258
4141198680
4165886360
2645769726
10446132
3689252681
2701221253
3556491112
354436167
3686362161
2145083559
1207244051
1345398257
1721013341
2421271653
2608774766
2374230579
3331536428
572064032
157085858
2389129524
2488898856
2842548754
766979684
730402215
251333860
2821452495
1810932888
2746295011
247133777
1876414455
3391079888
1545061599
512009393
3676708940
1839712204
1898132493
3395183320
4142850156
4098742003
2439961227
