3221048145
2175996569
919795339
719086330
1111037645
2002935777
3611141994
74354998
1809235558
1295890737
136154540
708466384
2766628994
3279154248
735782435
1080025265
592792827
3861291759
2850586573
3704538458
2178608727
4027528317
3059582747
3075343729
1374658852
3211814940
357078924
2710633859
3745921990
2269028476
2738471025
670345839
2710059888
2421320933
1458500159
1495524186
533361196
1591240737
1418188675
1972017007
2811113926
3037967632
1419061829
3477660434
1808312512
3483601388
1043038129
4284074234
1603989862
1323445192
318229558
3275376897
1126608180
4240717064
2930319670
3975964781
1721203362
3688762174
978902621
3017052238
3860227626
431880456
1637382941
1382093629
2775141926
708095256
1233106151
1594665692
2294739398
1281357730
560725559
1622820216
2661204595
2260901827
403330456
3374991606
4141212867
3183572156
1969346048
2112872330
968000606
4150510457
768385205
2873439409
154640890
553819440
196704505
3616500025
1291089814
2085031367
1650855711
