1041199409
3260370533
3722060785
3879221832
1886463226
2582774037
278091389
249015471
906787817
1108271002
4210939804
3297808543
1872978392
879202671
2559126811
1220772265
3135871505
83713562
1645544065
1983334740
4241324224
268325412
3169996165
1128892592
407996168
2559691173
1088127134
37157780
1042280808
3856035149
3189749655
3884926519
218843710
4288508813
3727166344
1762299942
800978048
1641660710
1894569388
685048117
2483965008
1809526618
3927998949
822736387
774936104
3990084911
2560445993
1929555603
3405694476
174535106
4176758969
3891543250
2344275908
76374261
3624717754
1779522208
860215767
235705861
3148840535
3414376411
3640015479
88716749
2896346929
3963540885
2803670258
2636028418
880159841
1813964510
2691423905
632767462
