3261757321
4207999797
3538146870
1687169039
4078151079
111598601
2174840973
2018630671
256234738
1902441069
1336469470
628230454
2007061881
673095488
2421795312
1287662745
1220892015
671987887
320757728
3815603481
2807927580
1995889243
275231357
3805886636
1285822847
2295729742
2680254241
1247228479
3536516484
4094907047
430929616
3631451908
3610432988
3642685163
3105667920
2240602107
2092916013
3531023462
2223654256
3869854570
1695130340
3476975448
1967032202
3500932543
4173105770
2738462252
956692435
1129328153
1703420983
1552952577
386182592
1380537281
1100460027
1144111782
1051400069
1703423414
415730683
3623563377
2542371403
3537986581
985998143
784075986
4114244935
1833349685
1656928281
10445145
1823706593
1210895176
288314581
3215368988
2062888112
1030922952
3106807876
1277828996
32930131
2995301810
1800690734
3486483343
2722542613
556883733
3187612813
755372198
738554902
775540293
2859892337
1400660106
1611100312
3900599418
2146195694
1813608506
328838923
3110553869