2988141599
2614326465
439237061
2260571352
1508404394
1083924177
2069197390
285191600
1502124589
129339775
365613344
867772105
3878691564
2419299564
3588891087
4170662700
3784381061
1141604372
2460827055
2611468628
2097537117
1893104086
90176111
1881202431
3259224805
392845271
4083771806
1752876099
2730671762
854147103
313073196
347673142
1527543554
3873462938
3114259827
2083528522
3185833165
4249339924
1279388291
3190780831
3157850935
1352065265
1679251008
3544546989
3558419266
3434020491
1484092796
2485096085
57272528
320975232
3677331975
2751829144
1539988482
1013703642
2220701275
2985569915
2705992829
2059757009
2198725160
7411622
2392188966
1288893176
353250582
2385304316
638485674
417652887
4101758894
1012905805
3863092645
3341898622
108439948
2055261758
2720292544
1645676826
3180662634
2190648849
2621692281
4231522633
1530757986
2722540968
1118333521
2108198882
1246249263
92945864
2741267698
3973259674
2540947576
3882606126
4257510650
1031847054
2089487856
3613020705
3189921495
2632544832
476761891
1909427731
1260259087
171392894
703249477
2276260718
3043374581
948872514
1463846714
1957865588
1160862323
817753548
20619078
1056625131
3293357969
1189204655
4018840721
1621338648
4001203171
4162835444
2017680923
1020794804
2665916124
3669968845
2940864961
198181399
300678358
677889949
3618690635
2718597529
2653321014
580396535
3090928624
1200046776
956881488
146298449
3564527891
930119354
1971833471