4103989709
2093222766
3218245372
13195293
808348009
513421733
3498662739
1910772451
2547242304
3915063902
4239426164
1159483598
462507471
4016764405
2639133445
3263424727
376051354
1659836118
4018711715
520498747
325187034
470695938
3293392981
2755037477
528151062
1159943315
2271005378
3363820234
905366146
3358419177
2100669178
3581841954
2509751660
1287038390
1496626010
1439762128
2099011201
1549111386
3906787802
600582579
2570782247
488255618
1303923298
335735051
1517051068
2749214372
890442039
1486104052
4283471986
83642651
3524166660
1508379050
3463136319
724905044
3987098490
3777671290
2695234666
3429561262
3566192780
570385946
1036086423
3110847272
2647074593
2242680606
1723440018
1390360791
1246200990
1339804381
2280416715
2186607419
887471040
250985352
2781780489
4102841613
2644182264
2428243535
1246250610
4090853422
644487701
900929500
2777923468
349417865
3777235971
3604895353
300540515
1411098652
262074870
1888406173
476494908
3151860976
3838225881
26938796
572266402
2474698685
1170090773
1624029286
875217562
