341345111
2861301754
1179726446
1063237158
3580761846
353149140
3109326032
536158489
3010129675
3176960583
1538209418
2572846572
3619610510
2561761377
1933083520
1712226323
2775475124
3122390947
4189010346
123260086
1542299876
3636240215
1449133852
177341387
219978973
1603944111
228992016
589547452
1141290003
3758449974
668424399
1051332396
2427850321
2959528403
1081705424
3931311407
1077972428
4083361740
3999332516
2263902566
762285132
903992738
824688330
1093460297
3918689718
514427907
2256011694
2232222334
2722801752
576620818
3997743221
206078225
1760829577
2219418672
1294596591
1968516834
2636987889
3804137322
310593932
1545936190
2385882663
4126710464
940767488
3304430884
3132750398
2598492403
1055084248
677303891
4078943960
1831892199
1440742381
2857813802
719742570
2720483012
2466734682
900632225
798994322
3174643481
655155390
905263586
3474887375
3767563933
3519710466
1926867250
1283434754
918302126
2448418144
759479032
1463753207
2372925640
994561611
3144260626
1588058938
167026603
3501299353
594690144
1270327962
3027917445
405290305
2575399416
3811071983
1348336150
221739381
1248662657
1835897293
485781879
1471818602
2569434698
992922413
611741640
3481060536
3662807347
3585089971
2756542987
2314279618
727648408
36953228
47532459
1362615426
2796761951
1512898674
676223092
4214044301
742895851
3039009517
3127352900
3932884322
420971801
2136976036
3068090665
1718406798
2382479997
723913039
1554739976
1286928304
2081093525
4081128832
1263375065
3768364391
3067537373
3195579682
702096158
102049433
2976400969
3616802477
4241805037
71884626
1763147925
3128942547
2469781148
3639819250
2792737498
2196917184
2004656686
1566510939
2746787458
3804880718
782138738
1734924048
527480295
285526655
1461940411
4268777013
4246926950
2276294321
3635497571
3691317685
3459641709
1140520990
1894812707
430192291
1899344115
2408816828
2455384942
3634455822
2512604615
2257904504
1972102976
949571133
4073339421
3737471722
1409989572
391876291
2500941240
2524808109
4063306408
4238920047
1691029139
485008132
3134520728
618043250