2579942427
1966974567
3428344065
1148961282
4622825
1057737511
569334274
389298883
2529028774
4167256410
3889885541
3783231332
1748674038
1026531186
3932342627
1864147122
3577595702
1964385089
83392290
975785574
3930249542
1011750932
662447363
1809221809
3936665956
1615902663
782838756
3427410342
397382999
3621708661
3500028450
1714655453
3447993852
3072746284
1272618885
2808283368
2804220439
2926689630
619480561
2482768049
1091548627
23224450
2088429153
466768006
1284229306
521083046
1560696065
3026373950
3679672943
233912614
4051638712
535375887
3251498929
413609398
4066720521
2875006807
763593818
179386745
2476194370
2016229681
1376974891
3572139662
3754464254
2131675950
1606371325
338646812
874095840
2435397677
3084083929
2076602337
2957371796
831962034
3024482125
2904522863
3743458719
1788673109
13902593
39877190
2522017414
2181438064
1450823091
3639194341
2208274615
1593723491
2287470968
1932937644
2768717154
3581000968
1948264707
3487550142
4211111915
858950386