60112095
2336175827
238939440
844346713
2128068944
1934722872
246880527
3004757205
408311017
1524414934
1304989703
1251742149
1868855357
341935886
1252012417
1828584706
4199304034
894296121
654156751
1244201952
2305450190
669193856
808387081
278671365
2172540652
2460432224
3268452511
532929764
850148079
1894053512
764306537
2059080764
2774039454
2715021306
3045731277
1522106856
705786542
576917108
2335019249
120171558
1080757720
171083133
1642197572
1681540051
451234488
3401415623
1657382350
699440015
3571040071
3089881186
1645233457
1107169963
2866596191
3337927210
2799046745
2639335229
1988512085
4075475083
1302672718
3473943392
635651878
1547583285
4234775033
694869381
1466690016
3045807045
1976332278
