4001978470
621840871
170758004
3943516164
164344900
3399992621
4180984965
2940118502
2741781413
1862586396
2709087021
1865872648
3939190978
94720719
474315689
3285180306
1816613526
3085625665
2718588497
2799880481
2717984503
946492091
3211730332
2827035533
922061034
3612104544
1123075705
4019571332
1580045473
1807666379
2320131163
79570216
368397794
111835523
2852430176
1477569859
894271538
253534353
2484620946
792613193
2221883343
1862826405
3417125088
59975685
3395341330
2157796737
59180599
1179990747
2933499808
196783532
2149472883
1247794762
844936297
27411904
3465403078
3936752949
2970208123
1205295191
230612485
111907230
3294707166
1324287529
921099359
571399429
3267173514
3562265088
2891062631
484367993
808570493
3886371225
383467789
3463391832
1122505577
679653961
1427162322
2051002730
4138915767
1117013517
504487008
3412742607
4072553754
2199230760
976925560
1551187676
1030702911
3219482225
3571841572
2210190743
2085001546
473702149
4120144968
3910324493
1736950178
1460260211
1316264396
3252324581
1060304369
486523548
308390790
1200529363
952145321
875179165
1859205359
3969636123
1511718093
3746007869
3438063120
4104019740
692489479
1132337810
350376670
2026802040
4206912302
3427457205
2215495298
3451713966
1435561169
4100398045
3474317676
1780275096
3618517395
525866513
1011830281
3998499981
1107662121
3886641347
139177632
376392695
1869658855
1109827067
2220090983
1833979270
3348937097
2842748052
1898035639
1645099129
455539395
738685216
2404349979
801482718
1911176812
1974199482
1194802703
3078238870
680003218
4170569077
3225632802
2110089382
620479161
3170891486
253549371
564258034
2901890942
3961151438
3396435983
3498031964
928537640
2382865739
2171900917
100472291
885323731
870091373
3543399862
850453265
3423173559
2853725917
3955376274
76431013
3121637124
1359509312
925891146
3899604103
3665981797
3340125017
1084439066
3881534984
3753243943
2213159124
1262928780
1608549689
394481418
1008369551
92905003
3057017547
2973748020
3051845509
2361143324
3216647235
3067416035
110781518
4253023711
3409553543
783128028
2963197439
72100980
3255360896
1044836637
2734977665
3089876688
3239157575
3805998733
612685469
1833192912
1082925680
4199107772
560978624
3179998386
1322451708
3951163278
2120849063
3106919871
74550779
3779431991
1541838959
878177612
2216010547
535446581
2465462019
4223777548
2979546450
433359393
1886079417
4233679089
1692162432
3451850366
667722878
1323644674
1342321624
3632560842
339472461
1718427254
4217784354
3134088229
308347275
3622406122
1073221673
1322202560
3132804329
197729499
3816683585
3142162773
3261856424
1480494527
2696628358
307571994
2036934793
477757569
3852893951
863116808
2869967344
2240772187
3276450502
2862760680
2783092368
1706020935
600693562
1395768158
354195786
1458472277
4226347194
3760304128
4172724189
3086301018
3260359186
1861197834
4294439563
2299504453
2586780011
1687666402
650751622
625942752
4178002241
237975227
3573865349
259045294
1911401090
1235014997
979646360
3490025291
2028853307
1725946107
646797084
3535398780
1693118998
2699344818
3636308707
3184645587
1292335990
741888604
4133023799
3723538819
3503525025
3402540056
4163732932
2943088310
4006611482
3462584076
3851874459
1615918407
636598061
3368218911
4139670982
2773584311
3082016095
3103204308
2609301850
1532249811
262352159
3659560758
1925585147
315553759
1363142402
1598232073
2162868557
270627932
3024891495
3733736775
4166012032
658791890
1106906112
2412427783
849303936
190160492
1103310643
829569639
1524406130
1358086676
1549599318
3077051440
2793973452
2437945608
2157485376
2724051764
1364289512
2379418829
3481859517
1874320553
821736662
1793820065
2922189256
2834688473
1287472056
2642375798
3326825818
251230687
4060436250
4017334226
2050479755
2253441275
229270451
3502358474
2100781313
2730210135
1550727797
787863508
2429820297
2058024621
447694333
1902323684
3666325718
3839958233
2365113992
4036830232
3961712663
107593464
845442783
3604212430
1640389368
1224419441
386621936
2377369233
3050722621
2418810649
40152174
2949565412
2899961101
2212318084
1695797885
3813276092
1668158436
4198163856
3643109806
1779753635
1538420669
3729671567
4017201090
2271022196
2826456324
704276010
661154924
1078481462
756423156
1905963439
1727721121
759023201
2420116047
923230078
3615176953
405717708
1628619608
3497432310
868778370
907479092
3696057360
2551494048
3364112434
3404586500
2298720526
1594381064
4047532660
2922522594
1921593603
1393178621
366900467
2380596342
4271123119
3778259492
3760670514
701679696
1234810690
1453051267
2031628377
782457409
1833590050
1723479801
1920789909
153888360
1427187343
1612157955
2406254059
1742459268
3595116773
3542026587
342110029
1941049212
130586203
2537695514
1981736446
3654288612
3060906582
2514222680
1225426956
452251882
1832205422
2330348184
2284760400
1120834209
3993090542
529907894
883237323
3867135958
3822756350
2452150045
2799269405
2820276104
1423981017
1194984715
1492194492
1420280299
1314524989
2122515537
334065475
3623685068
76819060
3741939003
4286275825
669181753
1628802944
3390757885
990754047
2775290424
3191198844
332732429
1058967237
3221428842
1097745457
2167686836
809065235
1926514060
2105203626
3295568723
3143187748
2288302739
788425826
2987630896
841292799
766332682
4090528064
464494035
1390546072
1411960520
3167255868
4128152119
2452147935
3606499021
767301341
31909337
2701172687
3195421830
23541077
4228476467
572842060
531616498
2786844316
1902900199
2171097238
1502724940
2570204590
1200983408
3850322205
3470306790
4137822585