151125258
3133771746
3055674560
989851774
2994439002
112943296
894539031
3488202321
2594109917
1301161910
1968286477
3443378267
2239532269
2528975123
2502857763
2813505800
4154916035
4269400670
759683325
2620160378
4154313178
2515501298
4060135795
129809941
3812834226
759026131
943248448
325164686
3446666314
3642946508
857301624
3158915288
552937318
3760102412
796596267
2910051135
2971186911
3878842773
3049049239
489587976
1308841576
2364029186
1748784632
1018431736
3089339679
1350513199
3074941688
2279260110
881026571
3431231609
1860381754
330183557
1736586418
3637400172
3907474235
511932952
3421849749
1509963476
1413680719
3660477886
1213823741
750692105
3269414701
523390298
4211238590
2100929391
3234277904
2254420096
69321751
2986531701
196846529
3550042154
1113137772
2644229421
1666640586
2456777259
138197355
146628833
2674012780
1890973122
2042760423
3471891532
735962257
1110708645
824406111
2820542851
4272571713
3781924831
1378257235
284556508
3450479089
2619001219
1579455813
1375626580
4187298331
