1984131932
3840840689
1930362241
3157430506
3106155721
1656214860
132952735
4268941954
4161309093
3773381061
2920581321
265324003
2908602064
2742524395
558344586
1864441645
1511299635
667988885
2794605469
4028381432
1236869352
734012534
2120171553
481314760
3710733194
2559845664
1199793452
502006167
1398377769
501665750
2637716902
1927389919
851115151
3153218584
3320235273
1692818042
853992746
4016384168
3064662755
1320842160
2504222280
432662876
1359277505
3615254487
1904159873
1618899866
1068473428
128343143
981368715
