1238566018
2616709535
2672526060
3776100888
3631690185
3334849890
565290936
1376001493
2812745632
112404722
1413363487
176687315
1351780478
101128764
1069569199
3088195067
2067410340
4176551394
1966802689
1565557891
2554555362
124815921
496990125
4217004506
4008756662
1305520004
4281621834
171445277
2620184965
3743662341
2971775905
3289868472
1065717978
1766888639
1692644979
1450113839
2479596900
613703675
3740303589
1665924962
2096796581
1047392646
4028829732
300327783
3854130264
1048724339
3745159988
1343006106
3157721949
2256730406
3607684650
3747003804
2108853765
3140093493
4269337716
2638153958
3970416598
3686366032
1237467576
3793982526
871920840
1744948377
400538621
1140286900
3379316622
484841181
3187731435
3686077264
1758697101
1844300337
3904978628
2542406669
1147795747
785371004
1173654952
2267869901
3876574218
245058417
699110286
147639828
4050788105
3723675441
2718830141
2837927932
2280057971
156646444
348081915
3375628687
3506110928
760711725
3850637024
1417892469
1101541053
2992286952
2000026758
3271994233
2519608029
3692142939
156480145
2244387300
4180057833
2684097849
662551760
2069957380
3204569638
1647409454
1706872799
214169247
753881579
1463964164
3376020765
1421545004
3058803600
265102389
480742809
2256446371
1864029386
3169973816
270734294
587065762
2579469474
3757430777
4023575938
3057137734
1868559523
2517617287
2622552962
1315095587
3207883757
3055842152
2988180880
3531054346
2050772562
4231651050
2458590306
2884383012
814668825
4278465734
2540052912
2730602358
1243160188
86063289
1053951350
155466012
601778277
2693920744
3749551568
333504888