305670798
3498925917
901297413
3710778861
3643202301
1191450436
4236320967
1435337640
2322553792
3090403748
1689478687
4062992013
1317626708
1259546204
4048051125
170817710
2706523506
1334973962
2196599302
3671759526
988636116
2527518090
2128413917
682145522
4201840462
1864126950
2585381232
3224968681
762884297
2822875517
1711592532
4228616384
3008379347
1304224509
1782665256
4239864092
470336717
2824379727
3558720501
2312656752
3509631033
1600876712
2169889229
2582336168
1564901772
1377150600
521334077
881252978
944496740
2121763310
1785382679
442833389
4004350946
582390083
