784110974
1008029702
3562616738
3195125274
3345353445
1530735609
927618385
1107778896
2381201699
1819709856
2297243167
3765769557
2861340673
116305509
3270393286
2503102227
1816738610
2595233541
3002428674
1840955918
4217109396
3602574946
3160629729
4207406386
3546837384
1248012922
3759121565
3447399319
316790387
4026837101
2371129197
2560851227
4031942409
3173216844
3236533158
3627277895
736287641
312697440
1618256798
3872148272
3653911788
3683880017
3903547335
2452660096
294790057
4165737227
1220985467
1196501509
2532524239
1617982201
2166498768
3049144875
507719347
2062619832
1057870218
1106201120
2127649971
3647788566
2521341703
689162315
3189046081
953928238
3361018324
3497559745
1054546233
3332134833
3070709674
2753375061
1252264367
3874129062
1258392938
4194350127
3806545264
2834886443
3725499115
3076818491
323348841
4256479528
4160472732
4145725412
3188367737
3774298961
923730011
3630717077
3817199705
2581157039
3993945468
2869699367
793782445
3252693890
3702598459
1764912507
3500448853
424486989
176903112
1987220495
1139783489
2124549817
1945531212
3602510876
3772786216
2357653198
138902326
3814723919
2390689795
1850803312
221327689
1002645549
232491664
3551954623
3146363454
1547705092
3620199156
3194507751
3512326594
1040306509
3183259320
848831590
2836202864
3438633958
2512997229
3589501753
3078429678
1865260747
313540613
4136557372
2017244979
3117305198
439891455
2297995831
635286619
845862760
3488703556
4243020130
1263308129
402792423
2384475660
3082755953
731672352
1609283322
3531730149
3068387026
890113207
305650356
3315716853
911219281
2382270860
2446114359
2022226670
1227999342
1537207362
388521432
3630669691
1499971169
3266685117
1618235597
2308639995
2535270548
2707306310
4076507102
1186575242
1428099210
2336593161
2500467980
2582428164
3020880822
845190122
2521020072
2068020159
4120914739
825853643
3402277758
3298550053
3750751788
3497453110
3358996934
392716300
1305268307
3582616685
2273411721
2312097538
1896383365
1579044521
3269534223
3776193771
1421602099
1265987728
2316181333
2196774612
1803945176
1371618821
4274560779
684898334
1041759764
1489751260
808419566
2362097034
633009884
1453820100
2093828746
2963394103
604705361
3337631235
1986912495
3683239373
769169578
2938152656
796973221
78439048
3378360043
4045990804
450799289
3128855576
224204669
2565517668
402970718
3093319145
3138047443
1206987193
209668772
787825513
3181984677
3031175247
3024000807
1793556174
1904997938
3689895453
1495867943
1405554550
1903924701
1355393395
3489230331
2130156623
437887478
864634604
4163381672
637559559
2471351768
1721982753
1033871941
1975677118
3824523167
1720031740
2658954774
777112625
2973996015
2577677766
2380334488
827660201
238152808
4115385231
3974725992
605169708
2884178571
2547763097
1435056834
124182124
3780429442
857696778
2672095881
676780911
3142683211
3113506555
2716182986
207736303
900754639
538802349
916042115
711677408
555626374
771601815
760184845
2649665856
1515274998
492617961
3616177308
2285049881
968128768
3703754376
1733406908
3445494502
2932923096
858046131
643340444
4279801935
2451289935
1374189345
770566959
1939690390
1747381606
78788960
44069120
49611179
50417976
1849831897
2798113865
3229332861
2045341929
1341042512
1867138788
368913957
3098773945
3964087195
3300157906
3284993341
3036833501
198593628
3240759291
3230951897
2810807469
1866631002
222463731
1585750007
2529920450
3337657283
2882167856
1010682632
587866621
2249510032
2346006501
3615726861
2942653276
2838514707
2441037734
869776941
3289550288
4127861951
2880185618
2378026156
447256200
3638498740
970437369
1175051439
56696036
1049880047
769628457
3827108520
2240904146
2509281682
2083408124
2763902305
3064449678
1116058536
1912651996
3469968825
3104758215
2239639499