357519009
1131200900
223323110
2433794217
2175810939
881952752
2442978822
608381990
1137904359
1485844747
848035705
4244450955
2391694596
2843024231
2921638305
527462097
3663972601
160799119
3896819109
2198501497
1872434918
2903525634
1877449256
2671030806
3939131266
2804961784
1293827954
3933463344
275542222
1076406022
2023263379
1616209554
362121620
2320251228
3923913972
277372274
1946672773
4233063869
1700438094
1245021701
3221538619
3195118894
1288864367
1281296468
166518504
3273490294
1917314626
163879752
1454806410
556088521
1057668841
916794878
2383608923
2935507982
809173098
2572348880
941238990
1450970467
217774266
3191717602
4188002064
4104300490
3865191943
95579999
2900405464
2268840747
3805088314
3398953958
965010233
2924559137
631742341
4074020625
3986750462
1387153166
240568011
2739276943
88661129
2487313019
2328791412
2859907216
908896459
4026962236
4042560871
1300972446
4094955700
3150276686
1781479819
739477601
1709001505
1572835136
1816213552
1757239624
2477282025
3624138340
1896519984
1631508743
1505053998
2045915228
167641651
2273300212
3224845522
3778391737
1883250470
135948200
2605808921
1311913690
3405755520
2504581270
3093482359
1678807021
1638909686
3337316114
2661650101
3158452646
2240800998
2305713816
2393785054
2668303033
307981572
4099076358
4272229161
3193049996
1266364563
2847972534
2473805
1075974163
