3937540524
2632171121
3593396576
1917473249
1335803016
4020760963
1455114747
984469462
3863022755
1446008089
2313402993
98203791
2113787225
1328708174
2851905965
1778782476
3333460415
2720984272
2650648183
2536046030
1162574692
192496292
2138048130
3184303841
1293799050
439199323
1800703648
2305258384
4104583947
658512164
3180522047
779781011
2765207835
1872369932
2665785915
673902483
1346172284
4043713020
2352419411
3494370062
639190137
3796410524
47963857
2557838161
1815288903
2088711047
1296816857
1289106971
2773084689
131416550
3466057873
4015263590
3744937387
2678289192
3861862263
2677471197
801862237
747106970
1982050965
3351313193
3711600435
2521464571
1203901113
2201461290
3630891053
1739998018
3134167687
772998971
4197990377
2866630466
3076957850
2426043761
510978702
831633347
1471342708
2424721407
434771294
2868368312
3500989815
1158361300
1648217300
2224276837
4235566532
861393770
3207430747
3267390096
1942400731
904266456
137360695
3750917206
786442016
1416276038
1941392220
1381496425
903439974
3591927966
3136716865
2297074438
756374645
1157395322
1555880450
917662737
2788616618
2708404718
1076803591
235408708
4059354972
2712097957
2882708361
1767842909
1251850791
3314849928
3943420645
2267072963
2538934593
1013640769
4216630491
2958566726
945346331
2938405508
2668230444
2997193287
1534785849
612908358
1032142599
2698282510
661488167
127346821
4126552799
1103068414
1174597046
4287074561
943503138
2156080539
711879879
680244172
768318259
2251299284
549021530
2329929436
100251284
694739255
3232857734
1593866801
3409054836
3750135634
2608669679
3105579195
1685177922
3936338519
3428495267
3779308643
2579664734
3199221769
1031027314
1235048936
3765365233
2357344246
2224228868
2307574137
3174831482
1493630566
4282836462
26336663
2189630826
1752887438
2990667441
1658984777
1516784642
1166034964
2179371063
474879687
907616998
3122293688
1031489615
2403844546
4183934131
3163347960
3331951293
2173929512
509614043
4039652173
1990084263
17856334
3877664851
4183834681
120951178
1871147233
3470413816
3318948870
2461313780
3874050917
2602262806
2863191438
1670908487
39118905
1175386127
2382834294
560599315
4241845797
3412825583
433170306
373507349
2349138726
385870167
898378201
1509041427
3622862684
2091610075
2379523433
2139800226
119780090
1839758449
3771854819
2388791302
2290304541
230115985
129520324
2662253256
1871710266
4260625597
832541523
1231346513
2976157200
126054940
2663895926
26913813
954897583
234042867
725187669
3728522886
633329988
4037952703
548777262
2515696861
293566793
1086842844
1684880115
420763053
139360562
1517396711
3099963630
3715069492
2904302936
2460916276
1389733699
2806829437
1225365652
2383591118
3733023184
1971432017
3710065935
3729000562
805289488
684502630
293391141
1505356439
1238746603
2806794554
1745323805
3740902662
4013528477
100457677
233460786
736942339
2901772048
2797553293
1909903998
2607810446
1574417635
1816493
2198785694
2329211506
2363143873
615979106
457205533
3407608556
996582721
1349108143
205720728
499811873
1388270885
2651635327
3754212378
1404513749
3648126723
3500566898
4155654197
2826039526
1804142203
1318872527
2470242494
3412222879
802641726
4111626412
3126408981
218050242
846335755
976436335
1881523442
578265698
661844295
988641257
3429571013
1788626873
3597367383
2543732861
3971244706
4289101218
880563936
3445551463
3710351358
2240859281
1269324754
1694281664
1523834690
1590979351
1596930046
1404581983
1564926525
4214494735
2550537598
2953822322
3633626909
2630430
2541787356
3378902130
2873599666
3898073569
4178850018
2513476891
881804203
854995829
2725489308
469020806
4265205571
4204837284
1982184017
3870369866
3086129577
3383039071
3455009980
1530127366
3810580265
2389777934
755302857
3641975283
3526033360
788486145
4088495854
4084825702
3256323614
4096993972
4219859642
698209557
1916303606
1786718341
3350412499
2085466443
1871725797
3568127279
2673663566
2797148321
3606054882
220781144
837031648
1175835696
102863400
299755449
1849115884
2932220502
541665540
2704607464
1489071745
2490824446
3628089570
1279686100
2355831185
2957379246
2934488203
3887676862
839965061
8581158
183033035
1791754995
1952519171
1056957682
2136762908
1490165093
4192767212
3685532169
1301498840
1638584396
483032570
3728489738
2101328068
2318048149
2700105336
2008390875
3331056496
4019004319
4284233360
1292440352
1280269698
2211590189
2176143760
3537545757
3481467244
4144056349
241564296
1735154807
946416847
365145376
3169542577
167785030
691840180
3990169986
3184915141
513734285
3074983835
3997362771
3524737132
3483308067
2025997877
1457358947
3073769227
2387119808
3349919414
945318189
2433491612
2040318254
2214707769
2462159544
1071810039
3880417212
444871380
3941844771
2084728882
1889130537
4236653984
2514427045
1468554056
841927605
4186568295
3038683953
4189819838
1208720224
4172509114
1459949127
1331532475
517065508
3647613934
2696720471
1598892775
2936734851
1391876323
1901329356
4250921997
1950087225
3405443023
818193651
2019044541
3848022985
991406144
2054419774
4095005448
4042320547
364895754
2763819686
1782761435
455247486
1248578758
3676268776
3338310791
674881864
386401433
3631769700
2165889757
448897100
1319065176
1908041772
2657181170
1515229857
3489250244
2604677004
1111256399
299559621
1108590790
3372888348
628822942
1938121034
1770917413
1610350047
1701386674
3639408003
2705256836
1880520390
2633636164
230753720
742468127
2662532195
2254444358
701094546
3664002943
3520369501
1373875704
4192738673
2879961609
2061863887
2727308680
2810424215
527842272
4274477518
2624000431
3061690204
2308744964
1316273570
985881957
1664157507
3960658000
3574617187
1549612478
2855485435
586680347
535356371
3758973023
4236050585
3457360378
1814923629
3371197782
3705087368
3845950699
990960821
723676187
1505377945
3175983869
3774618283
3040883516
3149056217
2918820823
3363941791
3567196958
2544535010
2343497719
2258054431
4227235660
3768775099
2654276127
2439931306
2086384752
1090308140
2672303095
3215626366
3964212521
2804864807
1599655069
3829034837
2189689895
1046261665
810341975
779603658
534704305
4073371894
1983520054
3961093209
1347192193
1212019988
1793309055
2624838485
4000766220
27225243
858653482
1426876410
3430203197
463922661
843360842
2221983057
1573712757
863944438
2067041881
2482356910
638546121
3701617114
4224089040
1788541150
3930583478
3568940352
237069936
433438497
2386022168
1593595871
2884035855
810410942
3530592441
2352095414
879339823
4263397889
2679835776
1942689192
3072979263
1427086535
2079503197
3345324228
1824650559
3038820032