3722607339
1720819541
1062391353
3148038613
162058559
299601007
2187691625
3150429119
3830663928
2728238961
4288398250
685291536
2472625900
4164081807
3881725378
860854269
2105141999
534835060
1035362264
2522793289
2982969118
1941891012
2071943875
1866181230
1588456932
1797782654
3969216498
2889113597
4268797914
1499245198
2107284972
1021309229
189782001
3423437972
508985319
708101547
543090927
2912706379
2515650773
3004630481
460321425
3105234489
2607928212
3866896695
423326838
2025529035
1297718379
