2257337753
3534694884
2666700401
4172474946
4264311937
2873778849
1588101760
3973631260
1165728290
4161902240
1282825930
2277052715
2731883662
1884018488
3342928789
1610489030
2434815415
1021475102
1050472648
3877728233
4254197143
1414273158
2266782984
225782728
2628762873
1567641299
2687325443
4019303064
662615644
4150662055
2617701244
2603768481
1773337680
3537807200
1195942941
1371633084
593808693
3256020207
3795995948
3122038880
1885164131
2815005150
3687677637
3761217952
2713796053
1976057232
3903753040
4286333993
4274221399
2793664265
1102334937
2712051013
215381678
472977345
2920686913
2769389211
1380554299
3304255025
3528380921
3883222723
421962271
4129196594
811285129
3602451506
2759023357
3068263419
840718804
208317881
147551378
1146391606
3237743602
587574346
3329502140
2055897270
197003258
1141401485
1472141326
3973409117
334189381
544388339
3444860353
1383111333
3258884258
747799907
3355273761
39557203
1580567849
1171586337
4193953330
2865055545
4248571971
1234086318
1760932404
3636362405
3931348291
228380825
1819508554
2352139885
1438101394
1469039947
2339126311
2467896476
3344333012
1822667628
4137254179
1884381781
2128394762
670342609
597156096
279752506
947668982
3693400804
2255903205
