2625824698
3499432371
3023192402
2609927123
3399578936
3221363773
1213735139
3286476006
1800171261
2153828826
624233125
3919220524
3518954001
4160149967
1725754338
4235548019
824796733
2267995372
1236383180
4149694925
1742915292
3691504513
2989810671
794866021
2071049506
3545503747
2804886832
3068199673
4244106991
2435131833
1366109519
572449106
1789443562
2223264951
101670660
135982994
3719393238
1343396720
3138919754
1984453241
2934039387
1259400705
2318964400
3323810280
3930854008
2887079868
3848595163
1013206484
1857918595
3175053045
1240159051
2195450558
2593784414
2305227401
890959801
4148564128
2256250439
3835368485
2534827834
2549529813
3799425529
1467015011
1502922230
3792299629
2356770509
76268894
439161553
3170009468
403469893
2821924305
4060253439
758181606
3561348376
666854782
1172530755
3411665576
2747373870
2806401738
1275832038
192264397
469694965
3773485317
3117341114
2903326875
3055049453
950910795
4173873453
3378681035
1173292883
881954013
3115059948
2268470247
1012979066
4168108494
1439972444
654952904
910970294
109229451
3042937005
3528063250
3347817360
98405498
2605470265
3454468259
