3544467376
2384740412
3957823665
991698757
2826600481
1838892331
4114178545
2005916408
2547267920
3877705903
2801763989
463361604
2073163176
205241063
3522711183
3597940432
3743310538
4139763612
1894116669
1261627186
4004111092
2637971031
551826973
2671734191
1102249480
1124956689
522045371
2568291610
3601019495
493145960
630446969
1748393132
270306477
1467896212
4198317615
1099885397
2348665303
4086078065
3788705351
2715742338
2503510619
4023430512
3895439497
1745956037
955093699
1594817533
1027757057
868744653
537522672
1935762000
2868233096
99692434
2411411084
105856310
143880786
3296352096
1153406035
720985337
4007765577
3983633760
1872199121
1600830898
625896722
286609185
3224687594
1882890391
2441965007
3514698791
2137749797
2242633411
1828794552
523582230
3225156749
1546372004
1923064946
394162901
1239295287
1831841096
3580390626
1120484412
3526407776
939972543
121608744
412099647
2297059917
1885192517
3732932517
3240164287
1295888655
3814394582
2144159399
568378219
2817413637
1408060338
3536786883
1202188865
75709825
1286087165
3393381330
1891770
4226875865
27722453
2563959680
3451041136
119803063
2298694652
2209583289
69145852
487662051
1493339485
4150442839
1931170398
3410715194
3417718108
428367982
2534817735
886794270
3244358693
3924491600
4114062436
4103981958
434343623
1109754963
1401734015
2738200443
2131345590
2911444810
2602482469
1517023558
934936256
861686255
1090586822
4240219714
2392087125
2752663095
2152280942
1710210780
3913058559
115958694
635101954
125781901
3016419000
3544073232
84503941
400514973
2471370064
3881435165
806227352
1102359501
2664631006
3711838145
4288888903
3320825827
3069149642
1566546922
759959796
2977388127
1059272247
3751217499
1638052470
3541316499
4000487520
3815618675
1440815561
3471678964
1019625409
2079613308
4220796049
2815390703
3511705954
654746378
1815821799
3521923548
2135743742
560522967
3007274333
160107358
3256799508
507923838
3792240955
3213296432
1588318898
1766412334
356024268
1041771121
560870245
2269108545
2068193241