2586349301
660321587
956806545
2853042049
982509826
715851910
189204060
3257762234
1507787122
3406207651
3931280038
3774621613
883087254
2029774905
1609305649
382516178
3005025849
2788288721
1977283039
308959709
1656696986
1548451403
4123842708
4265836181
2086067290
1747335126
2790960421
1003272638
4032608667
4210074186
2063955920
1932633927
3202581049
330518245
1499786089
1255555458
66038127
104832086
126109709
1059684103
3787669607
2557677027
698299050
2437757871
2876004691
3154067184
785288032
2182173872
871515864
1723397730
2957152267
