597333231
3994865348
1239677633
1303681090
459157693
2320212086
740421664
2825663331
1620320806
46905450
3925938503
933008177
581536235
1215844533
2653563750
3897403235
3477656867
961046142
1683221499
3871633223
1649505705
1858660736
3399812042
2945611056
3591264678
493684770
1862536603
2449938933
3960046949
2671409586
2783368486
2296720949
3919825842
3720374625
613760054
1853029971
1206181019
355866071
3672626271
1135001658
621170561
317009910
1367220012
3753993548
1629740959
1711589962
2602930443
2118396188
3440086734
2710361405
3842103806
281956016
3467806334
682431623
2269751848
3915702082
3100812703
3925623499
671149720
1976336031
141217747
1096190865
1798703021
1092847761
3977501837
338063742
609066587
1225127545
941772847
568523180
1317815929
73974369
3452247797
2233025305
1508376789
2368420139
1075210095
4192965840
3429881462
2542660167
2476202020
3953976489
3324499094
2667556390
542139361
1378958022
1061683245
951567552
207679515
1485087313
2848487464
1735754577
1422175582
3986636909
2289008077
2250941090
3107371935
2962374427
3187015435
3421876915
100358865
1269554840
895385558
43253282
1769481695
423010067
106859402
4157478437
2132152471
2220599359
1754234080
2463696663
291957846
2413234647
3741150131
924569287
3417981647
2052809722
3852198666
4291701626
1731811475
1553018898
4066132878
585829322
961988573
895879715
4208938170
3270188283
1466719623
444322864
43173724
8244189
2088498952
3344627740
1186496674
4129928150
1972072225
1644655857
3746830896
984735287
195021515
3199175271
2272887870
2199708318
1229254212
1521408032
3503263631
1682837633
3012543470
1352007553
3390425166
636795874
1428133599
1431422398
2431539080
1283089963
1573895053
146362761
424187313
1973703931
1066867722
1306059292
205105149
3721494237
3571334803
4052644649
904471718
91542174
328890573