365895863
3115561474
3954033264
54058047
2796258798
4207587383
3319688193
3043656869
739141606
774755140
3413644459
1846599111
90191393
3301802181
3619461339
1352206676
1751650268
590826736
1190929975
495290815
2721926705
3434967222
2329235637
2485757913
3217589621
1972151507
2737057246
2493754178
4048078778
1131657195
3249744347
59929789
4109599944
1880332965
2864120989
732182721
3513313546
4257315956
2265341626
2679046446
1961299264
2623011012
33567348
3201046579
3920130870
1345733861
286712901
3706142762
2739185343
555113060
3424751362
3809593062
271085732
1155069791
2543663052
783580396
4116952489
1252428763
1326571053
3603461382
3903630358
1064624085
3769126925
2576307991
1995749478
383308935
2051762336
621490999
266500573
942285022
3551206663
3104022169
1070746279
1519046842
921173789
1421591772
3933332484
4064276665
2590801224
1896732541
1030067728
2297642681
2940981266
1915433533
495674468
189047349
574353672
846011741
109653119
2224164649
1343717350
3495683336
1395903534
3955882155
4277049525
3628132450
2340878112
1634864501
3204857851
648977115
2902127515
3069641179
1756217278
1653113602
2257272969
1185092457
2027141934
537885514
2720920277
1919206876
1667700815
38476785
820872834
1790655410
327908297
