3400600138
2450976389
3444734992
2815920675
2716074056
3044671950
3156671900
2785242207
1550223961
1761551187
3442487779
3426126542
1749584008
4274482650
2352333347
1941923217
1263715337
955011071
2089161904
3921273521
1462977347
281183536
1677737262
3961369698
518986005
2200027376
114326229
785457217
1937338864
3464432375
1215263910
2043448585
3289709024
1057427143
1560035921
3103625760
3941584693
67019384
1489360194
3222749870
3958604572
3934652331
1454504125
3587580016
2301512510
3799453110
244800010
2008541944
1988939111
635921339
2236819405
2050281436
1515042418
4181565214
4151010549
1895143681
205644459
2977113592
3080167325
38378338
3666918411
2212872340
2899436893
1535824536
1874166692
3018833962
3097694319
1023776877
720489067
3406355583
154957611
509572522
1493193138
3578855972
1596814092
3882745867
4276308024
1834397770
266588227
3545974285
1366388575
1226391007
1977215179
2962643097
3369190026
3105173563
3230678835
3986655946
3463262472
2352917194
757695195
1814786969
2916042311
1772939920
3450046368
