1827243293
2323337389
2093153970
1555013527
757555725
722410567
3543385842
4290507220
3118362506
2585322288
1358321916
2437322383
1134002919
2355365763
2067420549
1886308855
2269236890
190426195
3278383770
331174402
3164393694
376613915
3640438135
3718061571
4067350136
4247624923
866293106
4204395046
3263571911
2491967308
1208873397
2266984597
3045657632
596360997
3577782099
336985306
1566991469
964832685
331941516
2138288929
2104638293
311597831
547281551
2616816762
2564014500
2629197079
1563066285
3573797396
3179519502
3023201047
4065904107
688060230
3512616233
3754624420
2097560283
1801740511
3958991482
1818915606
2197352312
715903684
1745266596
3591420761
4026209157
4080538641
2361476488
4238019685
2138726532
197759124
4026452281
2502925217
1370512656
2381746638
1988204754
2631752374
612728317
2755925971
3235947414
1432412400
1223436109
896891865
2398844060
3451021141
2348234385
3474904765
4218335381
494755394
3774837328
2028402
1968511458
1886315778
1481259054
1508485657
2312891496
4293138874
3957869638
3788285427
600965087
4277296699
371582088
3284042173
3707843187
2015236812
30036397
1396001805
892326235
489990964
3599537022
1268891303
3798725843
2760961797
3849758798
265852329
2002570937
2760340029
3029331635
3957557693
3138850658
445440656
2215558750
2143790789
2835480681
295479956
3540635047
1336415859
4066630338
1441172371
559802900
3975554472
2132047253
3855147655
3738166790
2035401593
1190224064
2595701581
1950298837
159400879
1417833257
2559233446
2445136334
3387521286
1684745989
2503210855
3634228950
1602577540
1790029389
867735344
2469665105
3611567056
1714189649
611069672
1951959917
1898959586
602077702
4113364101
116218564
253540722
4172752932
3210436621
2974331610
3886315223
416189251
39598631
1142589885
2138237982
706295759
1271964346
1720546952
436255732
84509105
3904595005
2484555761
2533351597
2608493278
3988645984
2926186643
720460799
2606865111
2505425578