291502748
3330529783
1330866155
1424259133
3373474967
1240791707
2975927076
3600930612
2125132635
691722545
3068334708
4177412199
962625138
1357417340
1721219689
2375939462
1992532744
4159354338
1500650524
4158332249
1832072156
1717518258
3271087342
4088955732
3653441154
4195877637
1896329682
2714104161
563025074
684155815
3800620131
598742649
2511248438
3743541120
3834773581
1541639244
2748675192
1231737988
2493577902
1632465618
1153004578
996901396
962822209
2096237425
836521712
1692296751
520222303
3951850030
3545086158
2105606413
1128487394
1972258072
4143261252
4074402372
2382234213
1019046458
2895652391
3499243773
2405341315
1583925919
4002212074
632706812
1659978465
3461888440
3117499132
4277342346
649712944
3893915885
2345385388
558554522
1827458346
3764287823
3333142103
587624648
3092155987
