24719950
2829863550
3818428144
493374780
3651816028
492687778
723061188
1338820013
1521900987
737758688
1045781330
564906164
462625532
2815088489
473025538
2051891811
1573509114
1923371439
127322541
1839509687
2997960776
504892410
4190744079
2917027612
3045300233
4087995863
3008241268
3777046414
1494011648
1865775173
1854210478
3823326477
697454257
3953950544
251681180
721373975
3310319965
537849174
3208007046
3008132637
561978657
3389335967
1659932544
3157978501
1510793549
1527893352
1823289432
1979188473
118486593
2634089840
353776319
3640481188
896742390
2899797402
3949389243
3965762546
3951846432
2022999768
1880756597
585750855
2995740293
13031829
3527125846
118576957
1494878974
3452107972
2911804814
348039917
4204649000
2670469178
633648129
2740348175
1413813580
3438149295
1877429558
526301493
2167523804
3057941692
1388520665
2631240681
787834099
472044560
4271633728
4069160175
4265875361
1264591726
3622251034
3514469237
229634889
34309094
3313016316
977963098
669045985
2722921117
4056166464
1543508114
4225721969
2467345030
2486298246
2349430715
18511974
407602272
2174981593
189892846
1927206057
687098033
1909724457
2088777595
386691086
1571361011
4175096646
732914922
2115587553
1819395710
2689528022
3759858417
1535919680
1644505872
4091660379
1577146472
1548304727
4286608684
1421958253
1926904954
3375098347
4125675202
676637035
97261597
67022110
3598498299
3776647438
1956246331
1727788667
2396168840
2578193659
3254179576
595223616
628679650
2377346753
3998336726
1739633659
2192150277
1145076659
3167744990
971608110
2088493807
3342680331
311333790
270307386
3428820186
965019363
2959179249
3336434599
3544763186
3327220718
183802471
3772857091
2117395605
1213754709
3475067282
2279947520
2496939530
940561324
2314025535
3252975581
2772712732
3786674537
3808871868
2438765541
1798936601
3549720705
4256479951
1261944830
2026069508
903935477
63932544
2936448991