2576605533
31020729
195685536
2016120327
1713818400
2841484949
301993009
576697192
4253118967
3605431973
3768943032
2530155655
2976324572
800918616
1002795987
1980900711
3328114212
712133269
1604401187
3448045094
3004370603
3301185713
2084831917
2991387789
186775830
1348171296
949256549
3504136454
977004413
51256460
2037086414
1758730197
3106577828
2222969431
2097530173
384068809
3140159147
1683348538
312168041
1781938434
3772583403
3357096827
2018701890
1035441297
3134413287
247293645
4241532387
4118057480
177768486
2523288755
2335530710
1517289725
8824786
1718551553
4083598466
2859690661
2168086517
2365181958
2860349277
1060918768
1307176329
4236130043
1793745794
2902309794
2709815233
2210416179
580774233
4189716028
1002648411
420136576
626186730
419434442
107993959
3170776038
1631397818
