549969119
1163421773
1818833496
3824978273
4267639870
1009146374
1836412088
2581136511
2815033346
3710643363
2100476804
3687800767
4121307616
3438399238
1037933901
344915900
3759429679
1127504935
1946643200
1505337586
591452762
2856980078
696107297
3079447418
3780098411
1913852920
3674404403
3725924358
1306646001
210225765
3215424223
2290493614
2102158460
1945033734
628498456
381794792
599814989
108959154
1490629251
4203548460
196270117
2911045471
4103982857
3430856602
1051957481
452568919
1986350459
811193773
369347286
3363113812
814527655
1469111171
691200173
2618499702
3891501086
822788379
470421312
398001011
1543274557
294306493
2226845917
267652795
2413683650
3739143686
2138880293
1211310145
625257313
1205739366
3032941810
3435090755
247664764
1378108385
1731552421
1146328211
99859053
3945070420
1589107881
3069483429
1160041734
368729065
1152087366
836545724
388951514
2731556816
1475477727
1974450833
3946885087
1404377565
1349217036
4203817386
4180855520
1169084574
3272469112
4006656620
2023454516
242239299
1330978298
109781066