3003348057
1796081562
4028714675
582509592
546660337
228374948
3620021582
1763208157
3619069234
164095732
971028838
2154803203
2285657873
255588164
2094770245
451152148
976856509
3028735450
3625565975
1245594757
126186881
2448114126
765234556
3419830131
1871230529
1726364361
291673255
36105022
664345237
153086725
3389647886
630569351
1409227735
143311337
352272951
2040994442
2266637437
2690055131
2240271878
2510334415
3616718982
3471258995
2009541283
1191713115
4019762136
2027771029
3008560174
2540740957
