1917233019
3059865296
3944859868
3228631773
1249633076
919715879
3174285278
727672003
739811107
3479949637
3884761582
752270368
1845409218
1842068389
1456957468
4175629706
2522066807
1149452339
4124117378
4260641203
848866180
4030596912
604803623
2674195957
2430284687
2825460891
2773591484
1828353868
3818640351
3565474449
3339961717
1730876525
2623949623
2110947532
3808455738
3417605814
829393491
3330021370
4006342800
17821898
2273825698
1637166427
3345998986
941250265
1987585395
1436235791
183221149
2385989089
734426520
2264575443
232502204
1905111646
3790754471
1915643263
2583266611
1602230567
1755792451
1096733643
3801013718
2535927518
2233705308
2104300143
1955470541
3750353832
1962811828
261131152
4080420621
702673718
662130789
2541790827
972991906
3163719130
874488998
2097461701
2950796591
3398907315
2595352324
2066865434
1143621881
1087794458
2119754000
3234926575
484511630
4288475847
2788076279
828853488
3568105671
1585327343
1729591866
1982561387
1228694189
2665605007
335550358
1589965226
1661119575
3918789303
1805511931
1618398398
1169173027
3439308658
883212542
3148599194
8752108
3340869639
2027308435
1582088474
2024861879
686236529
741709694
113027671
3506180937
1415172760
3707180124
1985629391
664756507
778661438
22147281
1532368106
1915263231
3817900625
1886644442
3929208831
1209829844
