2149521044
2612620348
3164132804
3500865079
1251382166
2868502495
2749652153
4152729984
2193296929
1260372723
477425268
472078413
3442561335
18264224
2362536984
4075723489
553901923
3033441396
1292961500
4200815109
3324973959
1226410332
4165531772
4042442110
1535774620
1546259704
2923433783
1222977619
3619453856
4040396746
3742722251
1448375046
1605003799
3677360942
4288611162
2221407664
1389045614
968985770
1088165567
4189402092
1273955634
184354807
744058084
418536280
560103169
3768652706
2056236188
839506283
3460571251
1448740131
1639766738
845769089
3902071711
690512105
542277661
623928253
4012177206
1227282935
1796517728
3948981952
926418109
368785161
1988883319
409639052
3783620563
2310999797
1836517269
2952962992
176735696
2453409303
2072374866
355768739
4144001051
2769798443
3614638535
2250515494
884183477
3883587525
4122007179
4065620529
1598897536
3929657210
3585338788
2584101972
1952380981
1822787613
2535870534
2725569101
1853625112
2567685653
48275234
2555351711
3216939204
3409190463
1710164408
376142657
638492082
3989034474
2383343188
2135086011
2802553410
4058060094
3888189781
2595459628
277176081
380531462
2299607081
4113616967
3618186465
3111528112
3343406177
2134719307
2697745536
3353442042
424534247
3612123576
2652326663
3188822246
3170313552
754289072
17632941
3992442119
2534442855
153043787
1679996514
1369860653
2382003047
2937191631
2161524909
4187110683
2622197186
3379584369
2971136552
2627562398
2318373833
1511245468
2559859707
456064042
3453838316
2424949007
137654932
1648402672
3598993277
2388207640
3018664147
68287164
1453186301
4067458511
1158488870
3149591165
4262194414
3191504236
3540738276
3313697938
3123563664
2861631342
630780070
1557397228
2348483646
2603914795
2363201768
220221655
1026445857
302159514
4183534055
610935415
2135090468
4198262962
2930252594
612120717
2288807381
3657645092
3823564170
2399825316
1524370122
1823828040
4039360619
4033606506
4041916302