3815371714
4126810592
1812464342
2982497779
839459412
1989461598
2820053056
1898941301
4092415724
1756339907
3845547870
3958848625
2499426300
1146056978
4220880137
2496520963
3266848697
3606013196
2108618939
1325812164
3622963497
1976149899
2038966940
4092394848
875172306
2065633494
1226448180
1212799286
2760900394
2743966524
3795762333
1183752275
1831876868
2375657594
949168061
3111778870
3341100930
1214419036
3459063303
4186219286
885783784
1179919140
1173308496
2536197490
1097055380
2366719350
28676646
1996387822
3447411947
3865521109
2816219772
2091201435
3551723307
656877920
342041592
3808910281
3054763033
2272554131
976393773
1207845812
1372815863
3661533568
4253172688
303884805
1969177545
2297106211
2582158981
1322532676
1203189876
3664782105
1810471524
498583990
1688706817
388562656
4147584222
980739264
3645722133
3214703149
3852027067
4240283049
4097377383
3864640676
994785095
3405607178
2822063948
2064074597
269274137
980569366
2043627732
2240069416
1369483831
3408850898
898515104
2534779788
1092199639
4167040559
513734577
1114186957
95226453
176528919
2798999152
529557679
3766852064
4192536543
2045567367
2227735977