625199556
1233034454
2834413540
2698833551
2589310173
4089545263
1505345817
2810943199
474898533
539925330
2397837737
258631943
1809103691
1485787464
1702987190
3097394380
3448400260
1170703696
3949023625
4051556862
2442337821
1246935117
279532979
3215414804
461439039
3769250194
4106378561
3055308384
4275597057
1371428958
431368512
1629227186
4140062110
345817085
2393794031
3690905729
1563267095
3739732189
1913401763
1018598903
3439046949
3928384798
3485940806
1336812711
371684846
3985216876
3968395020
2061108053
1221970991
1062138674
2819966904
154317742
66470755
1859704940
3123489883
2253739304
3773111345
