1136245055
1708682836
2239023088
4215053349
1293110880
3471681481
96320250
1650338002
3284700986
3582166084
3410269303
1428568298
466088456
749404768
33496439
1971226356
1206610390
2586021667
3654693005
1541538208
3659054414
3128317297
2879319836
279830525
2063848729
1773836195
2764855963
4277837276
326770431
401418896
423849283
2595772142
1686820347
2652597815
2706846985
2139575822
2429433892
877891771
1484191834
729056521
759555526
1636974889
2368238515
1913713478
3668774301
1279994321
1724401204
334864584
3501474524
1676528023
3161401943
2530257352
2139700199
2432911386
3648687378
1342616648
3885808289
884404964
1502075069
1815248346
883343429
4136841725
3266833877
253402873
2341432990
1784167179
2414230811
2917859096
52620863
1684328682
1344934942
3081476405
3010442799
1968256726
1223351326
4061431964
1159347350
1821415822
3294773768
2395289279
3498397676
4202672580
3268134947
2203520911
4285301623
4177341554
1396722555
503581740
3090673548
3219459510
1247636967
2549246177
2261215937
1476789101
229866623
611101416
257372504
2650763186