1349138096
125047388
4187679324
3058867884
323540757
929729171
2679236636
371206064
1057838994
906317377
974018017
2188406352
1408840188
1704856462
213129797
754294269
2545641561
1036241250
3215072774
3034371666
36496152
2876325476
1896612426
2462858345
2526804589
1014803733
734091801
1418039202
1097430983
3992174550
757022190
1626959607
2495440178
3794624403
1499699194
1994399847
3803249460
1855113705
2759898749
316385185
2810583321
4067384224
4213160249
3580009395
1646103418
273223708
2796179088
3749919388
1904885173
1336078404
2437831077
1425445815
1797784000
3577596473
1948669376
3767237731
2645805911
3764715647
1556215075
3450431107
3053525024
3800635264
813388306
985720527
2045793294
4191459457
2880198159
3730812574
