2342062130
1930068590
3614122309
964147431
1096689723
3159511361
432552179
152978906
617371348
865978807
3728665821
3190380065
2624038810
1968120103
3110215939
256582475
341166691
621899429
1098518286
3257696966
2752742691
2025086913
1917607238
4250171479
2333836675
2338660522
141953961
2661417148
2069529786
3238997761
2751546267
3572757361
650026737
2395366482
2897131735
1697282793
3142903128
3758107684
1284901143
1686023514
3582752889
340149726
1510101561
1366081891
3902397155
1102242633
2840312369
2816936130
3735136009
720970485
3050003730
3360425632
2762193012
394060585
3970360807
2274213588
923909789
1684215292
1233632468
2401313663
2924872961
852375143
1071145825
1387684812
1434096889
2562706896
391962275
2772466116
4196652842
884912722
4292239320
2638567099
1801697176
1615719927
111470171
3455883272
230940452
2975272358
