2606138308
2746056228
4142269382
1232410644
3064750072
622224649
2279227615
3586722254
1044576755
162965450
1387830574
4026000286
294123972
380993944
1095043172
4029781356
505619359
746834272
2389296044
3131436655
3100311946
668224557
1178976222
2119330343
877290870
2406465055
642679618
3633365737
2873990277
2667796887
3267837335
4069988504
3293607251
740794180
2767491221
2335038623
3604036339
2219364065
2258545376
2388768779
144147470
1340183126
2868519405
495789249
17248086
1187434216
1948188826
3741140633
4179277704
3508479383
2978427748
170935710
4208912441
4056138669
2687804726
2806522852
4226550516
1578836977
3061934431
176445923
2652312415
1120587425
711652192
930497900
546162295
4083312895
671402716
2687894271
710928143
3762538750
282519506
4070934167
2727221313
538769580
1577293691
1012235847
1989237298
2401747632
2984126721
