3171511912
1233931313
1408526074
3854104976
2162290276
3173167424
1793023037
482594549
543897928
759733440
1513479997
4061104690
2675098162
3740056729
4064539310
3764630156
1991519555
499221810
1121838197
507512985
403249658
3287180275
1610917202
1702786689
2864079614
3125711406
1696212104
4214134375
894008679
3978608182
3446544957
3421776811
1495255092
2890437084
1719480827
1070162202
2271274558
1322146079
3343339978
1412682439
3159197419
1763203964
3777921744
782213936
1006937971
1274879912
852423412
126782125
4147238775
3919862473
3962874387
