1063152280
3767181516
4107802940
1263387857
1510698506
3270890787
2237620490
2009803005
1545160426
726189237
800925408
3382131109
1779409293
1574992495
1760445729
3681228705
3402596297
1850218900
1432880988
418049482
1153871227
3394334815
773312226
1947931481
1863001006
3731435775
4153428477
3942363480
1342763919
3400371537
331689792
2970869602
1658347388
3771180144
4092052302
1781287896
3354447894
2757369725
2318265464
4074606045
4252136995
2813653002
678778963
2352889235
3317104547
133192523
3191229849
3184530507
2927003405
4031319735
4151505610
600478303
4245154677
1229486188
3722489511
932155485
2982595118
1434478899
1105682324
3092189054
4257214857
2547370116
2039693118
1223032647
3888353087
4074644444
1550375352
3898374748
760244550
497336983
3377994300
2270344857
3835247073
925172083
2880288296
500574868