1631328502
2578167294
3067260151
384898550
864269536
2357420484
769940592
3973839672
1300014388
2530280415
2895585010
1276857305
611944867
2861477079
343428102
2531028526
2471082168
67140352
2316602948
4258566910
4018223460
794407902
1362762886
2783009342
1708297911
3334871860
42667221
1318188787
1416933488
289092635
1482045621
119373716
1367330634
1781204426
2444639035
1910542919
1725995857
202218995
3714215710
30946332
3244966538
110961831
3807717429
700041809
3604484685
448094609
657059538
334663007
3749658854
520222590
4010374883
2602697219
1855282011
3207456790
2053289407
2888047104
3377753697
3793483015
1761171273
1139106188
4170086742
57283379
2413249363
3711597263
253696813
885001188
87457248
1861171488
4212527384
1358031698
2667269376
1528235080
4103074728
3098909894
1622567031
521503728
3745140395
3959300613
4294950532
899758040
19820769
735117109
2948874139
532796850
1434159949
1734599823
2495097665
4256190231
2420013414
4100642488
3085339749
156024275
3807075110
1698513482
3319822087
1507170127
1369689253
1410624950
2956034592
4301137
158630018
1350637284
1825384703
662834843
429638010
2926680005
3777209154
1837102023
457575598
3219960439
2594686933
1431409026
988014828
2024228011
3695299138
3614565094
2962186214
3417111510
2358737516
1538393877
1062291963
3739884938
1461910969
1369319294
3837688992
868398839
3453073537
1830262013
4213839252
3006531452
852635573
2960540079
1484612931
452019820
2125374581
3824953459
3893523408
1487848432
2348683911
422958591
3703968774
2899559605
3802496755
2910754569
2123929565
396125714
81692467
1942193787
1544779829
2794877798
552932016
1957983742
4187649624
2434385735
345590204
139461201
4203765666
4175899234
1108171165
738948521
4165532241
1471585535
480636126
2841879803
11464583
650847061
1383259384
1172722546
3366065141
465870911
3652828828
658799566
1971323661
1281418805
535456463
570776447
2505779568
3182875841
1530062197
3306087548
1780407201
2351897688
2673431752
3872248425
2112348383
559739881
2844851807
3448776861
415120809
3947500996
1120447563
1458041171
1789569854
3759112839
1837509228
1553287554
3870331942
2523359368
2969485340
738728379
2113290225
1535343423
2893105670
2028283218
3850333608
3585718382
2763816406
282890527
4002894602
1998087639
3558920276
4267868463
329726285
3668716774
3219564928
2959092711
172104896
4058460949
3984760685
1195051596
3825385653
2775080947
1113958316
1314624016
732503770
786073532
2752609377
2618088567
593749820
3076680055
4146119647
2254285716
1170670982
2945359625
3953332680
4245919305
477342763
3921288149
446165619
227233158
2892765249
550267902
3044145182
3867183240
1157501472
1098454973
3987860058
1436764313
1508083559
4038678157
1558204491
3855419134
2765582531
1017918684
927076715
3747317340
3146680626
2865339380
1482537464
2785237612
1731835012
2258814347
40644029
626227307
2070060368
2015658566
3637056097
1496639878
1042143860
3896256970
251277055
3306925772
3104879563
4069845081
3797236045
3889412271
4267644299
555726310
2197951305
1791736825
4045869910
884077833
796578081
3069815938
3856180484
222177503
656341826
3705393250
2599125581
2132458257
1023781473
123699155
827082942
951441411
2108548076
1809500188
2039388939
305819081
1127777495
3776159890
2483885103
2669106240
370385913
1084173031
3188648200
2273849305
2899134284
2904340848
1026941984
563248345
3524692908
372746762
46716763
3841388976
213083145
660809666
3557813074
3099523349
856150946
2221407761
3626515077
3109371131
2807576574
4091866976
3867289954
1282911128
4193012163
3850887361
4083798546
1017350131
745513052
3801294275
2158801343
3202130119
1493243872
742902748
192962536
1895687715
4051900425
3480375592
3702096294
3804023358
824143653
2027661601
3344781551
2793391194
1546817032
1735721524
2873131013
1422665155
4272911058
1437825474
4177418812
1415609797
2071750689
131003244
367919384
2230265913
3605622710
2870596128
3484024488
3093284972
2423017120
2833470583
3560482976
453876301
3068914408
510822669
3933833045
1790297724
1781424147
1080035703
2405433241
3148917227
1114056916
2092540592
2198270628
2561182707
295816439
1463141970
738448609
3169392855
134708236
703251359
2694778947
1962500743
998560469
3167536506
3222830007
3960328366
1643943275
1608411311
3076133503
1396172559
373388507
1566092624
43202133
2734215337
2266020479
1209203655
3409244479
1350339628
3858607504
3551081638
45651135
42947292
1887986492
1626503705
959708884
845758732
2492470609
1307654647
2769670134
4109153984
3113695752
3856417331
1537207811
255293241
4267392460
2326608126
1461511499
2495477958
2557676789
3500463917
1415069516
2787627098
1146860386
2798621219
1914902550
1239806445
2534093771
670441416
75102574
711122
2917136136
2396278168