1591519576
2952831207
884831181
3706893696
3957384921
1766649309
1246293362
2220649483
760613334
597707625
391859220
3158480661
2027792631
594523175
828455070
3583058092
1575232677
2408149613
3691837038
2061616984
1299633775
157069710
950590947
3494232920
1054970250
1564142145
2824921057
446569209
2482044866
3374611472
3145212844
4050948283
2133867677
1171313370
256708482
93362105
527024839
2114495047
4106799369
2321883615
2369179235
2504998997
2443193390
3131409432
3930775666
617248242
36053719
2128340714
2925128329
1547952717
3536584519
3300063593
2590649155
3027289291
3247398214
2409209678
2418963401
2595658340
1978707152
1663223054
13072307
3593110575
2224498692
2993543935
2843203486
2953250495
2635445214
3011790599
3587422731
4146444480
3062008904
3770732615
3118219946
3608337109
1135837481
3769977413
2376602531
2949000089
3457388890
2004736428
1112745724
2510384944
885380600
3714437926
2826361887
1638699410
150703965
2822744673
394934924
3044099502
778328332
3032076178
1424758181
3149319773
2796323488
2281434605
2678884661
132196326
2586214043
4058491042
2196703762
3486259298
3349488412
4106096032
566870471
3341658227
192531610
3773689002
3151605426
1840197671
1475263661
3329301949
2106355260
4290137806
3399443083
3760436099
3584882714
1930392646
3735823419
2349171508
2675527334
3802543036
2977443422
723421521
3201208921
752508824
2779225484
3968750675
393348804
2993450724
3047354887
1095234666
3641144540
711337379
1139922742
2149802894
55349581
2732012556
1860869959