213017430
808676224
2298870799
2845289023
1494959418
1708953934
1148990236
534013443
363694370
4113314790
3375393427
869599084
3870117355
1631299427
3308704238
2948358252
2138517458
2949965795
4130923396
1950876852
2834092441
332195087
3846881037
3118846412
1363036245
1487760030
1493204010
1257915651
2128787455
4010442303
3781940424
4180616731
1605897178
4125798438
700392342
273900561
3891056581
2690473880
245848890
3730369733
1829926396
4142526555
3837893205
633078605
2080294153
3432885534
2032629524
1670249280
3899144383
3361068587
3208593550
2065215531
379298088
4108291763
2513825149
2184907638
2061880544
3319521254
2269783485
2778786629
3882670165
1023319251
1963722776
1284374462
3250656512
1057337819
682916346
4038951732
2148474556
1025635282
1218794942
2054871920
3556683258
35010197
509316848
1220683805
3004099897
1986279186
819079449
128529193
661956237
2661052636
3553281376
3459589157
1732651188
4171218012
466646342
2919849382
1808392289
2849316109
2400220273
4181808340
2981360725
1538417617
2684488995
1994464911
4213424885
1039033052
2489469777
