367407555
617730563
2906497056
2308770441
1132474260
1009200760
3288614953
2028528881
615742326
4110275919
2940964350
473331169
4078817452
2185031491
2080329454
4018731503
1762321240
2580296492
1121831380
837080658
1880317178
932014671
2107299019
3886176612
2418315827
1768330903
3412667531
3663162656
3014917942
884314384
3882764766
462389755
319421516
2592341427
2191722891
3341626243
2397677893
3179298286
3085253998
1106879438
3915897221
2171022856
1122289197
4270943873
1977240846
753584625
3359887131
3754791361
2704730018
216963253
257732503
3614758808
2819739568
255911958
1475907461
3171224881
2998273828
1105670654
382688386
1697436672
3525757103
2092185707
3231295453
