3298990091
1926082327
2684123167
2322917283
4214483692
1304580571
2539702140
3581961655
40954849
3442206925
490642145
2754556600
4150441859
3059589459
3609023295
63533358
1254346475
3067625546
1734153955
967037362
2264537541
2920078314
3526271877
3844984074
527018876
4192684842
2609070156
1783891446
658331145
555066992
1565300721
4219368913
1808553361
2249146034
2098394346
1320903919
372499748
2940419518
721109374
1433188583
1282712913
2903077383
621312977
30053234
777116824
1362971687
3924857060
184644109
543935240
157787950
1496196272
1123927065
745500970
409928592
299520230
1834208170
4115976236
4122198165
1061630357
3523484165
1362787742
2192863042
221250786
1808333249
2577145729
389667657
4064633445
743297410
1604981142
3779995986
628851121
2719769769
3845021952
1445834471
2172125813
1641341673
2874105708
1086752217
459269411
3577670202
1476736772
1416068681
3564962759
2874683849
750740397
2943753210
1463795846
3950076405
4058864787
2564734195
3809806226
432666117
3140393707
1809994663
1674380930
3673560289
1703879587
3527876487
217302618
3973755704
3548815136
116280649
1171407117
3229854611
1363394325
206578069
136952493
626758648
2405439834
2056568332
2796717301
1632848798
2810953306
3082419980
2723671775
4233887331
1107804323
2556748027
2689215300
