1346739633
1896159968
3071059147
604906375
62680838
3138223131
2705795077
3945451743
1539708119
2800267439
2018543742
2626465355
3196620005
2826764596
150718695
3887754157
790940283
835636171
3347342490
22180584
1194593343
3542616058
2300513838
2282773548
4197693075
3379040331
2870170580
3211906827
926369710
2373726412
885680833
2560305871
3980710730
3009936028
2211838628
114196529
2554309803
3988467674
1639303719
3254279089
439696735
3147617880
798760907
589808351
3902102531
3605946844
3964981057
1247756140
2451953864
805020519
3864645478
2215916128
1171141704
2371953186
774278998
1411856987
1668541897
3138014038
3230869609
854000470
2691346551
2189193907
945407213
3120433615
2350403142
3482361697
465227607
2535808538
3546557290
2862747423
186228528
3772229664
712578001
3512712165
254124167
3798749289
173310608
2713308772
2311313937
1142998189
627777694
2674954936
3667431522
2522555076
3047634058
523704031
4211017086
2390161704
1136836909
3014690972
1892493838
1145552791
3211653593
2796081192
462913041
3390210010
3897546714
3983387616
1809461269
2198042059
104780769
2553800742
2568381642
3497241172
391585246
3406285887
1363104322
2559008002
3243427066
1720412335
1380634179
3957850732
70155971
3204377137
1577896153
1874785320
14997385
4002030826
1970956307
560677615
3960170606
860125201
142666792
3559973741
1204516894
1249592280
1202686942
3008753597
725883638
4099423774
2707519545
3878447936
2847277029
3238485193
3403424407
2437530530
2756313810
3747208828
3201788553
536540331
790846342
4189425245
4227751422
2305643389
2010034201
3309796986
1174094396
1586929048
4000265093
2913842035
2369708411
2701285607
3083678204
1226915697
1364970714
1701857003
55941758
1545882210
2315945859
536993162
2563053527
2653155341