3604321052
2035079235
3720929869
136097667
2829494568
780191296
566389031
2112998346
183862232
1180240569
2974996296
1289112008
236743266
539763577
2984357268
4233087647
1935440861
3357066231
2779080571
767917030
2036437492
417476399
3935088623
209659520
1107864987
2841991956
1945819440
114447379
2470935113
507316441
2551586882
353467754
2183235481
836054413
3830427140
113698561
3579909468
893946361
754425018
3414197755
3897829313
3838488201
4069035957
4153406552
1061264329
836592406
329741010
182223655
4050909553
3965226948
2604556210
2353651225
2417304669
376763222
3103018127
4148793895
3000894300
3688840004
3252421241
25519511
2600634489
1220280249
2179559480
314401868
1701793838
3763850481
2072679035
4024948756
1421763178
589215092
2682893966
3285491026
1415702109
997820480
2840788941
2231113824
986485403
1335892899
1187925098
701247316
1997924473
943431697
1969458323
1786325845
1647745711
3210826813
2826667797
514291497
3734472090
966645959
424916070
2758407275
4012674144
3824083824
268326291
3626402567
3837284826
1166152734
2054162398
667336749
2343992182
3228836383
2431828836
2394376267
567737968
377973969
