3739339908
3560098733
2494152781
2918705412
829558644
2515171972
2155426552
3294021448
4274500577
3536437277
674284525
1559438194
4211452194
3247697486
3816203859
3604177020
3851343265
2693077731
929330737
2514681398
3037951578
3994499992
3188548802
3276961386
2265366787
1518784385
280123047
4105193610
1351513515
2850804329
3291852706
3805272645
3645155198
4283848786
888964540
3814054693
3554661908
3069671487
290237898
400772605
61661436
3096115911
1524023469
3502981879
718239127
4076996734
526298108
3958131470
1538498405
185176126
3620490942
3493065262
453893346
3282442364
2740069417
4279942447
841354582
1843831144
3276145688
4134409746
1243496463
415844317
764227737
3606445805
825697486
2412160411
1320954391
2530231400
2967794155
1201541216
1633484386
1677997349
2737840109
2980142976
66303474
2883680901
3119936421
170656056
1203989536
306746485
3650970353
1090337502
2955471392
1448922011
3707478098
1049868826
249405411
2141503263
2734710305
3665011796
3113909880
1395931002
4152728689
3080412855
2431229552
2595704430
2371021142
3136483804
1120139029
2806032789
989964326
2017016307
2601982391
291535492
3108253088
530457009
202433636
2442144085
1172529505
756683186
3658879933
2990515086
3861897780
2875790983
2268344921
3245757325
4160745624
3241378959
2625806304
2148418431
270562597
1267538350
1092956968
4033313427
3802853791
3477120395
113911967
1161987275
1061269276
1443662513
1218471959
3360712438
3286912807
967713266
3087646690
4062751703
2700749435
4031362099
4110533873
414350196
1283019501
3527159733
623579261
179497136
70176039
88948520
3706643405
1661049585
3915141662
3082987342
3741615524
299922362
2249829371
2068834873
149424435
927288562
3178623360
2307177514
8450202
47812712
4265477198
583962837
1547244882
437863587
879772665
2423263086
2150799359
508609149
3928531817
2670683395
4285676566
488783284
3847413432
2488293754
889507650
4261499420
3520423949
2099741691
889756169
4240679785
953440838
979222057
997516470
3005154814
773763071
3395544392
2986651138
2682418989
203751812
1376093867
1140680261
2718373004
477019646
2198740537
3742488216
1374036502
1761645015
1829630270
2852999824
4157192214
4247998464
2504074084
1633628275
1522337392
1438366227
1795223229
3622253895
3236071567
2808911950
4213267633
3978032037
2216566287
222026964
376911187
4168918254
3637842890
381280237
2949624157
2706628388
3146386310
2549378592
1102247692
3088686936
2659807123
3168931876
4090260393
2261638827
1875290990
902561499
3505026782
203136236
1421282578
1759451423
1657717556
3898089963
2041351953
3871224965
273611676
579721040
2553215646
954631416
561713108
2321435108
2855291421
191114492
535842377
3872652977
2732606263
3824092787
2432900841
181176111
3004070952
1513115656
381108203
3338127695
2359521699
1641655593
234068221
1937864938
4228687159
715210860
727015504
3192401525
436068017
2053411768
737071125
369857680
1755670867
1811603319
1791937708
2266120800
3327739703
4220427441
1072136097
826821194
1987375423
4197843220
3247112575
2563485251
1544378355
2294711038
2715273564
1381471283
4283812468
1621957752
33095397
2957016895
3858873
3383690240
278286879
2803377844
2458880936
1753348089
1247052788
3361861466
2738267636
713334277
817793002
3943184287
17322294
524162953
2888423977
3097247676
684774977
195358396
1468860721
628982827
2536494278
3142538429
4282147366
53631052
4204246518
880447543
4287523621
2300526567
3737243778
2454072359
4046974702
3437067837
135368054
2696208060
3957565355
1273455437
2355861123
827108769
4291504174
3874893323
2403960792
1727657445
1675995565
509811142
1820503480
194519870
3978126948
4054320398
2879971308
1371108891
503089692
867614337
2509735622
2492576572
2586611743
1534148078
3917736671
197091555
3173967253
1073034290
3418953971
4103843767
3179962871
1577710773
3731049253
2316717109
3259645278
122468392
2744131354
1301513051
1871004810
1490242436
1112860173
4291628320
4181420207
177736414
2845434926
566532140
1334769133
4204971880
1857008297
839651476
3109671199
1452472404
3586909563
3525367356
76057669
3207871133