1832690145
2038210323
1970068004
3051241252
518523074
3209062226
3935577228
3733338738
3486842850
1890196316
2389064071
3544686931
2700494231
1306900197
372983421
371674324
2066890379
2086387365
2139276075
160733652
1070917093
1385328226
2168420150
3727121987
2642299496
2509913474
2753637361
4000809402
118674906
1925879621
2090382465
2152053986
1649206419
250320715
1868029316
3872498593
4126919925
2876624745
2336272733
4231368050
315732277
104072457
4222322923
2348723978
871603299
3916052602
426943714
1760122461
2652384679
2154089242
537955674
1811424551
3592194488
2458913805
811238240
3979665246
2956735852
544258113
2382221704
203850720
2342530456
653257706
4042299127
2122073709
981110067
3734012367
1712381244
3935897590
336876629
333151092
3921463972
3830917724
3008294973
1177361074
3453863902
1822788293
1887150837
464572577
281072627
2540462957
2450535595
30631977
905512064
4188126659
2356442235
174494537
382681675
4113496314
2235351757
780412314
3956948166
289985307
3162319940
1207706916
2435516366
1441560030
3749122817
1989012018
2689693613
2104563978
3139701357
1103879354
972565399
3160088033
3916132494
4241754965
2124907041
782876693
3067933034
1880947683
731207585
1619806342
631658730
1556345483
213864538
1034655052
3378108327
2704733976
1769776859
1987623066
710538150
18134605
2241998605
3279572832
1162489629
3199662082
241808385
3959706803
771045360
3446816443
3743653937
1901732542
2408574082
4029970528
3911115047
2220179987
2235412303
2803321063
1196884204
2830849210
2849146435
1659464909
3089655334
4056796837
430084345
2687052378
482451139
2142485429
2447305681
956576454
2589994142
1260967579
4210534299
900132657
2725873319
3424777228
834860579
2368020291
4097388090
2406617486
1175831073
372262884
3400025828
229582950
270235474
2366410754
3278125156
498503894
1323922172
716340709
833168457
1592737036
2695280873
129232510
1067537522
512055938
315106336
2527635318
1892395002
2805685283
4269329937
910877473
1733499818
3561554617
3775929128
12432350
4270971411
675735147
3540037779
243434036
546171655
2281081898
3420654466
3770550362
2790410048
62981152
69991200
1227592734
3856419510
2376751354
3540360287
1299559685
2274699579
1666751101
1456674296
4115685883
877193537
1302602515
2598802329
1217501391
1093186977
1425291333
4006006941
267013775
2004494485
3797155923
2265932613
3342938069
270868991
1334482957
3142918017
2538700987
3662182690
1152004960
4069977653
2572521889
1537633426
3789937271
1230409489
2613495531
3739996431
3163600205
984077141