2162840
2640926478
1901279763
999878407
2461985646
3512427088
663840589
3871399606
1894625777
1558630122
185275974
2984071605
3424407133
3749188641
2256823588
3051071684
2893494173
3323607404
2058814656
3444093669
3562062935
3319302383
2567604559
1460368120
2960781824
793415185
2672153738
181808256
2314948265
499879144
1186183925
2140970854
3061407673
3927481013
261424847
1867091618
3246572622
1203055024
3237216351
1069717173
1852289562
1390288187
2949160575
4109614311
2108829390
1476629832
2147463240
1739323704
1113181321
1175793283
3372266471
148821373
1796091380
3739104646
2634302496
1824323906
2697991874
869671510
3015764170
1902803028
3451319151
3400658624
780928083
2211190
2263391023
4133327292
2130390048
