877453680
3272155193
1076763950
3464056822
3897727878
1393284714
2011309701
1014342674
4232429538
2413886689
906722307
1292987043
2679526415
1579129972
215353254
3047819959
3000300793
1795274549
396706313
2882011092
3633805108
4007738658
2948398120
2518534909
3052074030
4139991907
40863933
1405429167
2788181595
2392097122
3679071187
444413179
2995388427
676419546
2503501215
1005628979
2529318007
4015137565
3784931318
1086452093
4227994621
1116954103
187303834
2478334918
1817363879
573213649
2753634860
3867660896
4171578507
2658622518
787759674
2146493443
3029857233
2623830344
388524344
4224354479
2918811891
1267384802
3715407518
1772771754
3803537292
740565478
4192771411
4151690857
3339717469
2688384653
4243168766
986680531
1044750711
3555924927
39602674
249722027
3121439946
881267644
1736020358
991172257
3524418344
2373305067
199609575
900379710
3274278653
3592814144
2765778539
3288910471
2426599461
