4130510362
1099570941
3665562091
962803428
2192163440
1150237128
4113795121
2945449245
4107079082
1960056414
1351030650
253299802
1098166181
1959770540
1441491678
2875835644
4070049591
2842113502
2445352841
2289661023
4264338973
1872227406
3789998054
3434191812
4079155748
4174568024
3881780725
608544599
970235493
2774224802
2219860431
2599296809
3662118054
4249268201
3491508471
1747329993
3403374444
2523201910
1509595216
3701723398
2282616247
4228835827
3593379553
960532321
3330648949
1862339044
2992722164
1341852935
1838329178
1234655881
1293024067
4290496495
3310044810
1476808666
3113372290
447168667
1180817715
219531873
2586601642
1288640744
1460570149
1619599662
91047946
817592823
1793752508
3649624492
858067521
4262608117
3860296826
1624111589
3097431969
2814514148
2104259940
324646816
1387534246
