1303105604
2676338239
1771522592
1235464871
3489780366
2953161830
1561920021
920703743
2756194493
259748067
3986510068
4038252425
483434192
4160522005
1516210842
2967764746
625185166
2589537770
4243528936
3845035830
2367191409
2998672945
1659418798
3866498354
2864543363
4132198765
4072803528
2361995232
2950055217
40530459
500115294
2953250430
269267695
4001923373
1226122596
2691684132
3889810271
2606118494
456657949
33336
1086335874
3407022827
2487886398
495376732
2753853001
2566227921
1266509443
541836870
3721523439
137074529
932265993
270002401
436272738
2607514209
1495250284
2699221454
1518309994
3672050368
34247535
3331734413
2098383874
2802643810
2947714668
3837068868
2830314565
3279251758
3793617194
1845902468
151468604
4234586824
1902155770
3685075515
3138710249
1499096641
1785883805
1587395359
1933795500
3332079554
650598948
4246129620
610302268
81528880
2024894941
1939639328
3457656776
1244326942
1332666408
4195695967
2558409371
1236679908
2992827926
3940681262
837243402
1436341438
730823976
2383320529
1033729917
1739693263
2080880098
2168375765
783714885
626866318
1354243649
899012789
3650251317
2983907364
2903534282
2535115424
2918271870
1043884310
2946316341
1288018502
432082474
142051948
2918746201
1840397419
372586256
3783664607
2861390176
1580679430
1298929482
2262164640
476650579
3967066546
463248862
2364895879
2550981381
1041733715
492583734
3857212008
2563540043
179786520
3409596318
3703168742
3365536311
3960773249
1539066459
2605601864
1797947474
2531066283
2860203631
4250527105
3627596910
1392368105
2442065902
3820965253
4154060963
1270883904
3563822649
1961726058
103987654
3816518998
1641229406
1301752428
2007867562
3966891887
354610221
837691263
108198306
1768655351
2076647075
1964657644
4270021717
2354674683
2969705703
650975734
2781352044
1824414261
770954402
40842156
1536405418
531411366
3652025922
3853730151
24728263
3654013126
615494999
4037746802
3863697435
3745700943
2618906848
3670602039
2870415355
2031025863
3395125677
3622505859
1020216977
2855404850
975264647
3318532238
3989822489
615547434