4171490006
1217583581
2895861851
822484649
2295057066
2410248067
1220932143
3028099199
4124343905
3781844981
2076891483
1525279582
4250773939
2860236853
592583731
1080600856
2713864688
2414722044
4207565869
1895503237
2338474645
925021788
3055636510
2596182783
2623794941
908179580
2109202427
3439633542
3955193507
1373963165
3643384552
929798431
3677363852
1799306220
2462084526
228622292
2420050056
1927773774
85744809
3162854340
1848296391
250690326
8763737
3850456535
1903080703
699952960
1941121964
418616066
3937350377
1222209075
3182217364
948110982
2859890031
792319434
3559938789
3920656128
4287519595
2057120979
1977608859
755619208
3717258994
3408466005
987386556
3769041614
1140382245
102846866
2452357950
3186467301
2747409465
4040239978
3952713601
2035104241
2823837945
2276094963
3467786834
1338021212
3458583581
2312893744
2703024331
1340603256
3760068610
131116318
2154407400
2781309046
1186695520
2101622859
1660275471
1717528747
2640851911
1157008028
2782491221
1926306169
4199191470
1048519477
1424681863
2128434488
493157985
3578356092
3546243479
2459628701
2126570380
1119479766
623464538
378692991
1037888300
1838896979
1698992912
3812711108
80587804
3956515713
2707955275
3888758027
609713246
1805678328
4140778377
2630441562
2434751531
3091353320
590721476
1471274271
395089493
486196609
911388629
351605892
3963799987
3647607450
1411808495
3397870776
3757073397
710695733
1870203263
398850129
4219232617
2249984813
3238535496
3467817331
1304092470
1066735730
2267401075
3182126919
852629219
316175521
1003508673
3156147521
3679932481
1482158977
135458375
3234272798
2560064812
939496525
2238806627
1479373377
257030188
1465189689
187063991
2612491450
556577187
3659963990
3139278824
2835034841
2657899530
2147423739
3833173285
1339363758
3205212459
3083749
4017753210
217420680
4015792692
599412597
3369014315
2224128167
3303011841
2084990515
2777644836
1494785222
2496146974
3391248103
1312962097
1903815950
886959383
366181626
2567232417
1590882495
2295040542
2402166449
3802467563
2258213692
3921797218
2915411564
4167207922
2610697927
2806742712
627026536
3218594886
1358296572
2362877351
453800078
815600562
933798706
3663622513
2045150534
757392183
657657284
606949716
2479459589
1097108783
3936916827
2040583728
2789681504
464338631
2801688967
270736181
2283313332
1699482212
312189207
3495185518
2009779606
814319745
4111922294
256243965
380978756
1834443569
1392552949
1100513223
416220691
3414513099
4086139415
4179302352
3787844811
660314459
3945177230
3918750944
2616597122
258449173
3632918117
1087279801
4029889956
3609666423
3135404365
3135004754
3808752492
1060828255
1154882846
477785241
3444923633
3563414534
2564902684
1435909706
457811474
1994781561
622918502
1038797305
992727751
3311780966
1586582094
852039349
4291533405
2802532842
1624737607
414248780
4115940735
1880972545
1846817457
3465009939
1775623078
1799546444
1749212008
3264239365
1521107626
2592055911
1425020561
3200281526
3894522214
2153932948
660228928
1359173701
1125624347
2001647368
405897171
1452861522
2900555491
2200113613
792686766
1268746310
3016520486
4062847694
3480017794
3932989504
3602460398
3521055830
1078781865
3414839589
4131693346
4092782557
404370989
2587109894
99767073
3133806015
3475847372
2064486244
3482919465
2657895803
833518309
1261150318
446301631
1100816513
3657468320
3593003107
1875837459
1708450704
3012997030
67001265
1680893249
2655191308
695510516
3235878588
2832763953
187450808
3962840327
4020642032
2412458602
531613270
4089722426
3642764223
2658828975
2386367555
563708529
227138818
150248690
3068101699
1795533610
3625497576
2574085127
877417113
155866163
3833297855
3735602427
3270991122
2415567266
3842131837
543989157
2119455008
4077549296
2614906486
773540075
3195283837
1626780372
1104871447
2369907689
4229380380
1478714913
474275199
2301879728
2417279433
3181898418
4253834189
4112079272
835203007
4199980671
3827737716
3787957903
2278965422
1633985176
2894915459
3295931409
384061043
2907089813
1888291726
3030628319
1113503946
1127264568
3713024245
1189476327
2228653259
1735912154
452093367
360404876
1132364224
2865546008
1572873922
3934990228
1041634869
1953987511
155166191
3587934565
2180249348
644342522
2104973099
1335092191
380125677
3891721829
3530844999
612309814
4141713365
318920036
1794865209
2363992797
1376543919
585893842
3564358124
4266752115
841940830
2011155027
843653798
2311686786
3692607777
1438993558
1671063343
2858480393
373241321
606979562
4090319437
945846442
2070108147
4071711356
1895633445
3279107543
3522963754
693565029
2418899787
452391065
3265341767
109398001
232542015
917848493
2604249059
3747141285
2213100456
1484466268
1534049639
4196119040
69167639
3381491013
2272121918
1839966130
3331101187
810042169
584166635
3123550369
91590254
732049313
3733756403
1599091235
1315694105
1356224302
4170624427
2183046096
3190791174
2235195559
4065000876
585565370
3412197604
2118537508
2292086770
1017790930
2669366107
85266409
1030975164
1189131387
3535637252
1850383749
3983673630
1248286002
2446974781
2503985805
3517321382
1499801505
3390413292
93230638
1572379174
219122481
1279479411
3288237277
757314379
2470410697
726205271
250720503
3585863691
4111194705
4274807820
2534271632
2767530351
719305761
1961889484
1858754552
2385087447
3326707311
3412379538
3541226519
1573319797
4104021653
2569111862
2981689819
2916224765
1275186882
4217976187
2626555015
1312976149
3413617126
4290481435
4160241215
2443718887
3287939735
4152617858
2233270063
3933922393
17127388
3194891071
958973210
3863826728
3706399039
1837561005
4101033388
3966295603
3852441522
800722945
2143936541
2611553590
4032789258
295068281
2793644700
2469200448
901086526
247652269
1431295315
3040007107
2287555194
93593016
4003268924
1046466042
975159192
358268357
3666841142
2330681798
3050051527
1987514056
2286761093
2087359510
4241308629
1861702980
3116015045
3027977869
166804374
889339199
3073204005
309654441
3819117722
100196521
2580334517
652428948
1796143307
30189575
4122913577
833643694
2602317188
2829447198
169815545
3209316788
2315470853