1704655225
1890475485
2025492391
3580329038
661430916
4200788585
2748189722
3249856656
1229413037
2173755839
1765538315
3009044398
2134142349
556782737
1047029570
3551572017
1902770016
264371317
1520794385
2351836048
618326589
1634149013
3751102616
435790870
1747152820
3531120961
289476182
1550489166
2527198134
314184960
2830046515
3677353698
3331731563
4102928353
1870454083
3507191146
1947638107
1528684667
1818657192
3230233186
2427314973
2976283845
293089609
3216118552
3582638325
2471406225
2354463239
1379822214
4256237974
1081471196
436102376
4123154326
1733535308
2975449813
48552512
4018085971
1057766603
1195643380
3367116260
2784222700
3364922011
3931158234
3668266933
3883025283
2532028727
1856166699
3721108297
473206233
3647998467
1392097618
1497173134
1865988925
4056655447
2075906431
2479114912
62686857
958401062
242234805
1337247194
3030335802
