3856481765
3849210798
1210119606
3225648830
3457943032
2852499373
409027788
1953521809
3004173455
347288454
4265043845
3935910172
3903199982
476736296
4021371324
3838026325
428797901
193248001
3184343953
2878996595
2646856936
3136867796
1256966820
309806133
3231126948
3375368107
2396261976
892417001
1099335753
3078074529
2619351518
403809616
1949421742
4264647654
3653897363
787096182
2798832198
3055614196
3446861977
3323150125
23991525
3868442609
1125979260
458961461
3479066492
2550829158
962786162
3057521269
3753966060
1981373644
3205767813
1269068305
1278205732
4163929883
1874001771
3990185370
3117788906
4009753057
482454987
879396931
2657391252
35526024
626406047
530935665
3909745229
2272515832
712770698
3501148442
2475441856
2191127470
2566092945
855196290
1756049914
1711555448
1542888519
4213037164
1374269987
3683989451
946609149
1167400806
468800755
634684552
154264015
1072057841
984384188
3226927392
2626454317
1595321255