1880385923
2402715915
2189140792
3611443272
120803615
361051019
3685247541
1870904267
1143747349
1229336198
2922039135
3979060151
1139119501
3991500499
3527310332
1708296942
3314876836
2517762634
1671102119
3490108525
3696582682
2307345620
404097084
835011788
408417775
2570551491
425327857
3824122590
194404548
1864369475
3462765548
1418561418
1926652530
1695482824
1078759933
173816260
4280226934
3107626149
30157935
3459802793
3011322460
323997505
3122086985
2320896053
4082606775
683847502
2810873138
3654776313
142667856
521089028
3747438597
405983733
3169526108
758136988
617548639
3400665982
944454157
3723933881
2439906698
164177888
3026130833
160064756
2430258224
4190779342
4052709583
2594464192
3939091445
2333166956
3021434941
3150266333
1127676203
2207949046
1530348085
2197130161
3554281599
1900677807
1217941461
2942546976
456223541
3006313672
768156988
3603632210
2391502431
772865780
3211182321
3018054667
3355056467
419981035
800157671
1580030235
1889585977
3117765839
114137308
3476195888
4266654675
281861451
184060499
1210598919
2134105155
2692459581
3742831499
2801436185
4105827812
2114388003
1156250163
2213722265
2538772231
1295172592
995865358
1372726196
3633800249
3605368274
1590800954
3747439182
2120528851
3463481967
2288353382
225029603
870940970
1008142358
872859222
2490464233
444254412
1047728309
1485365496
273198404
