3843736003
3011558781
3204182841
2837239808
4053591655
3545735507
1844552208
3448961413
423686291
270888173
2877987009
4210179027
3661239090
4055060975
273493313
4100699771
10935026
3629629804
3449632635
4071060043
2806446263
172734924
591305599
257410533
788449883
3451580523
1973442821
2197899299
2410808525
1270477086
99520973
1279817061
2938160268
3268107727
3579697131
3491316787
4255863093
3805699897
394240957
1134246920
2474800873
3146357950
3712157382
2342344936
3008545944
817149419
1884650508
2245166394
1336996528
2320510969
2711049231
2516462264
2087367197
2854438979
2568976570
1870807804
3847006551
2744350321
1776301323
1506413316
39661951
2634470755
1914846826
979843803
1686822099
2210489864
2832620713
2925429045
1242071282
2455803939
4061363176
2801134251
2614514798
1078775986
3528333035
809511936
2477976240
2182770754
3342748477
859642744
711178476
4017867536
1128393745
3292165316
4094647211
474583034
836933140
1358631577
2938656485
1385666437
3607390660
3295792528
2088552821
1194382835
3929370481
462899906
2339726370
958452816
860985670
303992318
515772853
3834600335
744666097
1610310029
3340467983
3412805082
1680471206
1489082109
2658512067
2438830366
893517323
2590449797
3798419810
4286941004
2610144606
526333482
1418318209
2198515155
759926884
1815309842
1422149020
2322191013
600218290
1589717666
501178852
1965776965
3421406656
3435149623
3564663078
2268657375
3511535200
4203101666
3300396487
659401995
3161250585
4017001660
2931835103
3526470088
2379940607
1820559090
101667861
2057388364
1180243143
2815089768
3116764153
711661782
2486186061
1524767258
4152511283
1493606589
1553864589
111534761
3712840131
23227086
3927098980
4159164924
2840974403
2122568525
657285558
1619224781
67667405
792824951
3851174508
645797511
3656349874
3364832388
76268638
990404906
948285015
2693491158
2162823592
630121208
3253801181
1548732156
3590886923
2374138507
2600274790
1082181277
2514062673
2771675937
2589302363
1270216357
138521809
3332059486
2116800473
3197141514
2526330236
567979127
2837594863
1642378157
968124758
3526299670
4214728054
2720425363
1378287541
2377357966
831100853
145184702
3560274019
4104179912
3092098180
2632826954
2656097828
1297168489
2185269076
4258672834
3356118918
2060046798
98244104
2774191992
3507981519
346908897
1565529789
4004195448
3049141990
18535812
3297740915
2386244049
477576298
3580568319
2778373151
2070435376
3606891403
1065433037
2845588058
1055379798
3524169060
2853400880
2242171334
2699322059
4029751228
2075514113
2736328237
2786808336
558590171
2156774994
146078415
2009925475
2698972773
301559423
4035059212
1479368872
4145445771
1791116370
1346626603
2235706714
1314073339
2318171361
2894291615
4147591211
1066702639
2012081981
3163252419
3546734604
1973517979
2016788342
4273766987
834738507
1575124861
2327266369