598258184
622526031
2511981556
1467681086
895906841
3125033883
4171626306
1403634101
1743924666
546816850
2045359215
694626474
3561608132
1687253023
4139766092
4262190248
3096101202
3246404928
3866612099
289130573
1459996758
2395397074
3205671386
404916655
2537176253
1741505305
1873494725
4066085972
2339501078
1372529259
1204320402
1906595422
2921263242
1171088275
2103296425
2820455573
4200786480
219377493
3804983401
3849615904
2784649827
4198672132
2032524182
3997009755
4114312168
2155960953
4077003847
3009253706
2545630366
3478380876
2289854156
2819157189
2135457616
292620843
3666831217
4162310433
1618956764
3325798836
4016395220
755200477
121038558
3552937088
2290114791
3574236042
3366764003
2064196859
810429233
1468752215
4055956491
761101158
4092300706
1368851761
1158535535
1849171126
3986898331
3099281106
33329084
667059213
1023392760
575408359
1029046137
2295430475
431289596
1100085452
4030052641
3811163491
1029871322
1030829558
3389590984
1789308998
364490868
3431655396
3568485475
4238439
127154956
2320975890
840173968
73733116
1912896866
2277496385
4110732151
3366488977
3399589210
2788087075
3355433684
479236588
2533720265
3139905672
2435090263
2725850962
926464995
573009181
3865435125
3809026974
1479882960
3575827961
3225957182
2099481506
1850434089
3410455702
263973177
3370883344
3696637699
2620819550
452685958
4011862207