2349197513
3222003048
3195242410
822361441
924677890
3635933699
2840868028
1323989932
2850005098
3464717523
896611737
376579786
1337840854
3013566554
1135089289
3737523344
522791902
2644494592
1657134282
2129391792
1169764946
3525417107
3579267747
872554436
123846249
1739948114
2618635421
3382374253
2586483363
218450336
1060293397
2077210028
1621044555
1087012804
3612490202
409378435
911137373
2828960722
1932297992
729657206
330333261
3431677847
41941809
1120012692
1987568520
4139828728
1781249223
3882030929
2270049679
4154212137
75651137
3131069052
3024509308
1202781291
1046089231
1475154186
1608575117
3440672950
1459065047
2814682949
2233748176
83896331
1504923401
2806635658
2501587369
3750443578
1559244608
3452884182
2508369387
218103228
4249330484
1058395422
375508277
1366903472
2965492666
1211733006
735395772
3029299073
3214908201
2579096906
4106783346
1515786983
1081138971
3723972903
17010127
934135362
1691247183
535578528
1083095143
1068215496
2520973624
2784201851
4210811101
4018196471
1518832819
705856686
3326475255
