2986413217
3399043629
1653272540
385030041
997013788
2807330711
1566418
124901792
1041205130
1235282310
3810691804
1031601687
1247220385
641550368
2663076527
3751029545
605993963
1956776150
3326967045
3765376453
1268684690
309866737
3428144653
778356859
3261558286
711378435
1889564969
1633187527
3851772050
2622709222
1469644290
2096223510
3501460847
643494512
1205457083
1404999375
2279203873
4149997341
1306249520
3434551458
2996137304
884471450
3572846758
370875068
4230047337
931606073
2751654519
1116994083
1032124923
917951161
1380742888
200745588
1616472222
2565003994
1308523504
4068341701
2815701592
2049026766
3419608422
323691959
2149899057
4171316617
762347573
390366174
3105298063
2882114751
2834151297
3096129756
540129792
507776008
1965634409
1044554400
1905760383
2045282549
657429398
484642474
2212993880
3789875319
2050698806
3291326109
4203565611
993437824
418264249
237501491
12978831
1340618443
2335708589
3102574799
651504046
1819997064
2681298112
1327460766
1347593891
313616537
3720056251
3243624283
1153581203
536281018
1156041553
2043236042
515183313
809588686
2792642556
808767615
3933075023
363493852
