4292305456
405847301
835853068
1116234823
1614889443
3075697875
4186432263
4136650403
1846608301
2531219483
2280490886
3517371934
3312211760
1914842688
3168703094
3101566810
2500198093
3632849890
4249435022
1136539016
423038425
865190289
722446470
184167608
2372424753
1105469041
4206148751
1502879552
3785004318
3196276420
2515866920
410747455
3592536631
2435632426
1912934636
3985068429
2038072774
1225777647
2717945666
1554596875
43271836
305300677
31125976
3417139566
2917574933
3881731654
1102260794
3760241384
2897718463
3598000211
1391521957
765169305
3028810904
337679507
1574719737
4232334774
3515140344
3317387886
1450202863
1628024873
1669110344
2414499983
498636721
3534309983
2042037406
2203284480
3764461722
108826433
72342599
2248106634
1930559579
2303397954
2737123132
294220955
1694901483
1583745277
116908908
357008186
3396846247
1125588862
2087202794
1462920628
1034069849
1794680426
1103548035
2167394566
4065901544
1328828988
123756832
728774719
3775592932
2670324340
3721899396
3160594691
242785256
3903362733
313174875
456850228
1448430355
178233696
2689629749
3904399332
340408774
2092822320
1856454760
4156928875
433674401
506812149
4293426871
1662361594
1142532236
1708411266
1258324546
1625737688
2218870575
258143732
2921968856
4248170944
2490017704
