2435125607
3860623784
2441069977
4144648466
351435389
461075123
1694465889
3324992117
1085530131
2847347945
4081883007
416258573
4289015896
1900167030
2171738217
2279152955
2279415242
2854770926
427056990
3246935298
2748953314
2121054953
3345063946
1057070277
2661714444
2437138061
2590312432
1855472994
3406475771
593508315
3679019920
2837303661
1200687968
2990114567
865282714
3492178309
583559388
3599934620
1000072677
1041664903
1458364281
272323832
1346166857
3049853956
3173538297
2502090194
834467757
2961049508
409602215
838029183
4211699186
860331089
