1736319482
3319372992
2960096421
1332952995
2421021634
1997814277
1559336021
466965021
1052171186
621020496
3235918487
3711142830
1993509494
2943858024
1421398023
2384415149
1979711026
3582074545
130181370
477284540
713297452
3694479574
2619421092
3549928078
3946145009
621144394
3562864023
4098735056
1210743241
2002805894
2267801088
4064525244
1538725850
2414542400
195727257
3023508383
807648619
2565816269
758514028
1184513172
1763819514
1966119095
1456960983
3082806121
2947697767
1603716462
4134617300
3965560122
1619811405
2089631331
840498987
