2815088489
2051891811
623391062
1767081079
1899189227
767779388
2354508325
1923371439
793631840
886160868
3168154994
4157900599
3675776798
2364086219
1839509687
2208265562
3721473706
2997960776
3777046414
3953950544
721373975
237849640
1851118765
859534433
3310319965
221745948
537849174
3008132637
2556289303
561978657
4148244638
1659932544
118486593
353776319
896742390
3821776496
3029765509
3949389243
1880756597
2995964970
4204649000
2670469178
1413813580
2775278836
526301493
646626495
2631240681
1253835202
472044560
2286446965
2102365089
4271633728
3514469237
34309094
977963098
189892846
1772939128
4175096646
1644505872
1043866737
3484868713
3850006790
4286608684
3890108509
1421958253
4125675202
3238178944
440484781
1338420215
3598498299
2578193659
232352658
1138465291
3342680331
858901498
4216095580
270307386
3327220718
1213754709
1798936601
3549720705
2936448991