1358206205
2131844906
1336858663
4163756712
1723600147
81487011
4059015837
3130473302
112665511
3030023183
99001833
2552064048
830206960
2052057930
1390533955
2959126776
2051799096
1789717147
1111193002
3081927541
812643763
869255795
3951299846
3043857152
3889008240
2584541513
2619059211
1005813013
1994440480
3104212343
939793287
2160244690
3564243186
4081608808
2317660243
2921390001
2806894412
3108883247
4023163562
708569935
2307736549
3421354823
2603594191
2853812596
2095123988
4005883115
3781716775
1820225287
3930134350
106497131
1250287563
1817884993
2966787405
951932116
4080928218
409570375
2861432761
3328734008
1242213910
2992991263
3691093780
1251798049
1867997192
276865353
2631115148
2272171363
1581058876
3372446484
1643263026
274887790
1456573443
777426508
913617047
3850648275
2713860465
1055308971
1530873919
2863008641
1016215888
2865254025
3973697255
46371144
3773334762
209787142
523163454
1081215826
3289354605
1232040818
3373580829
3075318921
1082369202
4121575852
3586890849
3853720422
3359968105
3967062997
1395057648
4259549378
2927548082
1222618129
2628293667
133586105
545370302
3815424072
2268907247
1675375048
329177013
1646340103
3805820238
1116969664
520485896
3801555081
2006550711
532456043
2011152098
3187853571
3164742811
1139553532
1207176803
1857455540
605913565
3988647525
4036758749
1681737923
3753930190
2786677139
2996730128
3270514882
98438246
4153621150
6484898
2523409688
1015309847
3898652606
1819834924
3288446859
2455786430
2341346105
87366103
226871658
4118252781
1810964198
1637575457
968350247
3888089311
1492770369
3289059110
4052556598
2545137221
1584921959
1673877094
264588676
70286175
431149804
3263733612
471654164
3397286989
1847552342
3031902277
57611258
1188481586
2163958598
1839609002
3293359668
3149189033
1204508567
1313552292
3505119941
1129659489
2477805399
3526548089
196243636
4146389980
4181408449
2514376973