1223969960
997682412
1120887256
133226097
871668269
1052426479
3397212694
1178695121
943518888
3793739111
199164599
4086037841
488479155
4087448323
2094469196
2136825118
952317472
1056111287
270716191
2889450395
716104583
3928493886
1001862315
3971498999
584164929
3816328648
2328620221
2224340178
3621785808
3173921550
3835215788
3479459889
3982911995
894576594
1576900731
3145978379
1765553165
3518058439
3125944382
1600946867
3323661943
4284349958
3868883352
1133538457
4091142158
718044794
3896662390
2534436457
608011306
1760264812
4212587196
2640968899
3392487823
997690924
2404515555
499512691
2847135145
3739091217
473352144
4279596512
682030758
2433964689
524242271
4226971058
500856248
711265675
3303957252
377474878
3761260952
2254400512
1673289727
78161122
3501057111
636928051
4294444467
379688693
415924729
1688491776
669667385
3403253868
651329610
497116335
2871924465
2787647929
2119549118
1096126603
2997126326
1507865351
657547436
3373621262
3497932527
890692481
885756538
555304996
3816422890
1709356119
1573689078
2901688276
420618098
4227395217
2211999748
2457971864
3597391621
