3468151419
2005081519
3151638737
2613416272
1789645327
3893288089
1126132545
2978834039
199982336
2121678357
1137158346
163244923
2363031709
2361997347
3330610942
1628165503
2498357613
3448537727
2979465473
3157694151
953075443
3758323990
3039881987
3524557593
1017973098
3624559360
1218425540
3057034271
2403257262
1574826773
2057475060
1049824632
1535982116
375912679
2411048350
2764311203
2572681594
2579214352
345122879
946709194
852426661
2417513305
1738118097
2414993393
2619167701
1129851907
1008166876
3187069890
3843509241
2299827571
2320663561
1739170853
1541579182
1579953310
2187463806
1020899095
654922809
1957311701
261263644
2670176961
1028188907
364877509
982972527
3624935900
544221060
3523712582
2283677175
2947276071
1532690838
1532942965
3532178266
3608624889
2338067573
3847372515
371859407
4020066872
140991056
1980867817
2198837753
2849759984
575085174
1263444603
3497392167
327878106
479914697
620177113
3625055717
578435172
624812951
2574110444
3236164661
838315616
104661910
3473861164
2381152882
756002814
9448705
3221764616
914536126
3578187924
1032250702
3510258867
4215813176
467930863
1540872435
4100291111
2823258722
4097630842
3165351943