347896707
936076
2597868296
2952150882
451320227
546140827
1551642013
4075926984
22826751
290618272
2005975320
2385469153
2988557211
1300994008
2222930874
2788944969
1498081708
2083839071
2071606581
510052323
3642787321
3527597502
1138357439
446196162
316472376
2383062658
3766389166
2929448464
3447220118
2952403953
1193826028
1529600628
2443410846
1304267005
3965202182
4288545205
3880510207
2747562164
2319381614
1075642617
1192052283
926937025
1773859239
3050475404
615024452
2191370182
2703819887
2621018701
2868912190
2816143173
973663865
1343567815
1952170855
1439689672
182119866
987250806
644053947
2674960786
1661028397
3947375699
552071655
2493742346
2973710853
2189171202
294141470
4240855089
3030659835
3755765795
3152781862
137464746
1246118220
3264493296
2054201998
3792748567
2885303151
951601837
2788814999
1007364309
1785341370
1174401022
722256755
640120743
1852092825
1634520666
939021404
218533315
168215851
1196983072
3382660958
3954200499
663995077
2421444044
803008315
2497819956
3664021837
1553180388
3505074514
1410388080
1742113048
2589607972
1336528422
2948373686
842432119
2411685460
3367815165
1662410068
4142672827
3466713105
3612809654
3984731732
3808965483
1323652883
3801437964
1128822614
3630076117
2513374456
115579170
3182194892
1017059823
346976149
86437931
