2357237206
1703423946
2981544287
2705028820
1661022747
3438994049
676607494
3300998223
806518756
1293150187
2350149635
3661632841
2738459032
3724091212
1120860730
4056090522
3436026926
619119417
1866893330
3679010028
2365832946
830767467
776548862
488615416
1319295554
725967098
1056853099
851716512
634278608
2398350033
3206352728
1174873940
3270798760
1604366229
1511493105
2071306318
3093566498
2353710189
3589765529
3108813168
2817412904
3620584161
3597884659
3946724818
1839616778
1081522894
924822188
1575565259
565092451
2889589810
3556687832
921297526
226924530
275476248
2783599091
1052235158
2149343253
1301856520
4267887514
2874708321
11408843
3436142307
1128597560
3642845390
3290780119
2834224419
1533606440
874261944
236344684
52754490
4253704776
2972283110
1935394481
1776579785
253515219
242635283
3769605008
2623366303
3154901093
1237973852
3933072240
1959566946
3551096416
1592628997
1819521701
114687135
2209531568
3932475870
234490881
4175561481
391148571
1617130273
645898049
2105915900
3028896855
3014293574
229144399
3432153924
3115937541
3511861410
2673972268
1409780252
717044745
2472418751
2618331054
1805329725
2102071805
2804741822
2332688594
552733729
2664361865
