2942605444
1328396468
3739972076
4109055839
3278230844
1019893055
3776148785
968861067
1044965789
1329032860
1297484158
598910732
696942871
403038316
3349665590
4091674702
869835668
588029437
2867084596
2862057457
286460231
3698937496
4265458860
1581900415
3775182760
3830414884
3313822196
1768485991
2453407860
2708202103
320292972
2770720826
3342538593
496139791
640046862
3932710641
3730816213
1961687504
2252333608
2513495656
1036845069
977718135
3032312453
3645080829
135125495
3804128967
3783021789
1992609535
3652248189
917197949
241577088
1649622339
3866950871
869134867
1689877515
1498380938
467906459
2956189039
217412316
4258429872
2398173038
89253505
2234864799
473481621
2729144886
4202557915
1118200183
1070529648
880487049
4254723559
2062392347
539618485
1840054600
1448293549
1981802132
887434431
3726736281
3100602095
2870135964
4024513321
554966770
3059222320
1888100174
529159573
119309338
1448315323
458763813
1430618272
2279420220
2948687757
1235451307
3906599534
2036959878
2377506511
2762640766
1082732031
1318668995
13654211
4065502934
2931153353
469972526
1344439005
2334891368
2428692680
3886110010
3027396953
2730196737
1753206185
3869350019
3577233842
2265415795
2661190745
2971172186
2510048334
3970509416
339154086
422670953
666701440
552299336
98585115
3611127932
3659268551
1278133209
611335963
3836534732
3951469313
4089528701
615169709
2909895295
4232349801
2087648278
1039620188
3638328822
2819302667
2440896168
1394211276
2167425974
60410132
563363436
401664172
3855509584
499266974
1548926339
3655159646
2222516743
4170305974
289830485
828027970
3988677574
977163032
2535834849
4105970042
2561984734
3226047971
347199105
3488920797
223374383
2415054643
3836524043
40443356
3151093571
2681107538
3349133618
3443085376
1184953132
2059414471
1492905065
1240917182
3055405382
3747004089
3140761825
1809191935
1103590962
3415314778
871809568
3787950014
2723999754
3649973087
1244424642
1708573596
2435463412
2467721111
2660571076
3060304618
368045463
1371427345
1925440174
1285374379
526838977
879733690
364705105
3585439442
4073647823
3211834419
2753618892
2528554815
2275405505
1429531041
2955839920
3487050700
1313994939
2798915989
1695411133
707431071
246851369
1918036611
2909860595
3096809310
1283852991
1678160577
3065844605
1940286372
4227878415
1646826157
1521783558
181768240
1143649803
1181408578
223447358
3456621239
2485427959
4062821949
2011038647
962408443
1910105003
1437160930
1037370741
1368180811
610300942
1983910381
1020139350
2784018311
2756751440
1438796214
3455646998
328598338
3525350308
1080239943
3079842402
2726392505
409810130
611584930
3745453328
457147524
3323289824
2183912942
443056845
2452040916
4237137298
1819546337
3729575675
3363084745
2953144891
2939737716
2622893365
335993396
3736994164
1494830397
1501146631
314867169
2019980395
274409104
3600924035
1613890721