3549711912
3937540524
3553700596
702196405
816618922
3873621510
3847536908
2536046030
1824291470
486522342
4077926799
2174666631
3728418001
3911128242
526825927
3154402169
192496292
1909985048
658512164
1256335733
253309790
3180522047
673902483
2697724171
3853893397
3699076164
3350859014
3094321602
3522130088
73882847
639190137
124615466
1815288903
3779846232
2450143272
4095841953
1099789701
2547961801
1982050965
1637813811
1203901113
2201461290
3567384716
3496196361
3741387535
2891774686
1715119897
2948180012
2863162189
745225285
2224276837
519226397
1644553676
3351271441
2039074726
3382532838
928886031
1156970844
71265351
861393770
3293973430
1942400731
430769942
4128561619
3995571567
431272080
396053302
2458374857
1917895744
1849078405
3898196505
2181355875
4229746212
4237594745
904266456
2403580445
3896470457
511091582
1660902637
2957424473
2466552610
2174908313
1378322420
903439974
303364503
235408708
1690659225
4199106582
4059354972
802234215
1817910877
2538934593
451242558
3197366782
2711607866
2265816649
945346331
246105842
793508522
1086717265
3198816743
2526380671
3780525934
1734332562
1027663994
3009701375
1032142599
1103068414
2630473808
2247107149
2569318924
1587203076
460686610
2226309814
2730331658
680244172
3613763582
2905765673
3232857734
2403653147
1685177922
878800772
1156163299
3782018532
1865693856
966549135
3936338519
1255972137
3564607510
1672522016
4024941419
2424067002
1235048936
546674418
4276011910
2357344246
720423533
316148286
3536015201
2868949265
3725554477
2158382882
4206517317
1418132081
3094192942
4124987888
2285603583
1441991843
2307574137
3118330974
616565929
3125364313
1028284798
4282836462
1658984777
306307953
907616998
3122293688
3476267016
184560140
1031489615
3877664851
1937705968
2655952723
4241068046
3470413816
2461313780
3624386864
2333017004
3874050917
1376736055
844986324
45040763
4083254514
39118905
2349138726
2837320451
3852519098
164403693
3738732596
1836799280
898378201
124094923
1793108108
1601459497
2139800226
3618225195
974659665
1799983909
2779415270
1871710266
3077183874
4044026085
188016767
3133579049
2770391239
1485048467
832541523
954897583
3635467210
2383591118
1971432017
1398774347
805289488
2714667441
2458663982
2575622911
1326427288
2539311560
3740902662
157960321
2166921740
684041751
2479150065
2788945162
100457677
1940636834
3711652539
736942339
249788138
2797553293
3307602754
1909903998
1855567385
3527837476
1126263477
615979106
4180274491
3407608556
2651635327
671349081
3494652356
1804142203
2470242494
3966404337
1294318558
2341378612
1138634969
238756616
908245664
846335755
1881523442
1404581983
2550537598
3980750584
139903531
139563414
469020806
3588668375
2364828135
3126256240
99588131
1898812610
3892365078
1516099425
2746618794
2857701382
2747022873
2781936867
320610005
543058514
2984559164
1455662062
255474957
403997826
1241415296
2317773364
3455009980
3810580265
3061756162
914212576
1240808262
2814705124
3955650606
3234915593
1587620918
3641975283
1507033734
2760405427
1274196165
1347635018
4096993972
4065519843
1401335138
3714678029
1167602810
3195683953
1353589433
972192276
3730113319
3809444552
2342702238
4212200738
1984255865
946821424
201646407
1916303606
2352985207
1196408618
2987783430
102863400
2249812798
2704607464
2136762908
874950670
1490165093
483032570
3730191779
1280269698
1735154807
2458994916
3768720409
899299248
1037661058
2161453
1612610818
1525022658
2361807604
2556533956
2640882155
691840180
513734285
70471182
621199280
1838068682
3997362771
2724216321
1987799211
1503763633
321816557
3073769227
3880417212
2514427045
3170034492
2459408680
2264169931
21522916
1468554056
1446591861
3503892821
2797379477
2672466598
3668677799
2377769064
270200809
4049424717
455611674
2934225075
1088971601
4186568295
1282740553
1085484372
3962931765
972435040
4252405697
516886957
3474389415
3038683953
2319469091
1459949127
3563530222
2645556272
3256704683
3257609482
2696720471
76881474
1391876323
3799687213
3393134360
2054419774
1034634663
2000944271
1296144988
455247486
386401433
2165889757
3122136356
2649072774
3372888348
3818396114
675654137
157379254
2122161453
742468127
3822908028
2574716972
701094546
2923255951
2879961609
1673679011
527842272
586680347
990960821
268418562
1603063805
2591437123
232994657
3537930553
1523391214
43854077
1916489112
3040883516
3243570658
4252355334
2686781861
2444455220
3768775099
2058061579
1853645835
3964212521
3829034837
810341975
4239850715
3696746774
1014393040
1347192193
3784612700
721431466
4191092186
977683830
737646711
3367779231
858653482
2442498372
843360842
687071458
830099888
63026152
2067041881
2321371986
3790023100
2408525195
3198073410
3835849840
222644708
1593595871
1942689192
562269204
899006118
4214987883
364560154
1500348147
3625240621
3072979263
3038820032