2539920884
249676323
3633489348
2960577362
4060727074
2257921867
3835234629
3377198410
2564092618
608104960
1829984661
3085451837
2153237536
521085922
1650170308
441345662
18809257
3378925926
108184988
2688352553
3157711918
3071305980
1960126319
3435058390
3966758236
4222265843
2084367427
1075519113
1090393444
519195439
279776467
1792283491
736753236
2940898123
1642790297
2538414422
3016212778
3520199590
779360536
654725338
339605165
1335745289
2666847841
2440214806
2164320246
3596714476
3331712571
632123682
935124741
1886614501
3001405820
1150437544
2578501528
3749966910
3867252135
934512302
