1748585060
1708508359
3813648076
4118634479
3885131701
4015543695
1272701116
3915211978
3950059254
4192182888
3544821575
1710984458
2006111131
1790529139
1578600952
3783381286
1212219152
3194769694
2807475844
1351985483
1858721629
1052571910
3327424940
3007489152
4208510541
1135303347
619397836
685042993
1841736763
4290386607
1543396394
1178658837
2692981057
2115395402
3798437957
2784226048
3740550722
146852675
464824541
262145758
759802201
2713017966
2434408110
1818827575
3792900608
83734772
4278401447
2840027924
910977451
3491149139
1612079723
1536729740
2908322477
150580342
2552718482
1080403279
2773109965
412066236
30709954
2351601941
3094027643
3296453309
1513350054
983666438
2374525861
2281665730
4293794134
4220049454
3015403363
3878935079
2632330642
4031483625
975407509
1910941915
3587307802
1683778350
3182959640
521346967
683476641
1383130522
2583672748
2696515312
3000866297
3549466659
3174104721
3831230224
2497344494
3912270698
2435068561
2250732877
3088479008
