1859541516
4132908144
2498644928
3098557143
1512202430
2338895512
4036392287
999731594
1041311110
1873533712
813849899
2295116810
2420954600
1832664987
1648513640
126354421
774989155
3807441976
4195880120
4170205228
367422586
647152931
3646532761
1438498333
1553353053
1835474196
3533688619
1404969784
3083654012
2700655576
1416254487
1814335979
1250693257
1749722518
2618565238
595495538
4238653538
1103581916
907569939
3800835360
390757461
1699784020
1336382183
3018039252
3977906686
3781610522
1846175892
2689270542
3556658762
2644798769
3963473019
3527523965
3456617171
2480797986
753650153
3383836819
134878892
1722253284
962078501
1552038095
1192289255
42794836
2245185902
878847943
2446182119
88702819
3586588240
4154544702
1765391128
2890759849
451635659
2030326814
3983508936
4043926840
3734109480
671661834
241573723
1723566840
2798274978
1550489973
4039531897
1595257993
4176942940
2623825514
1691723646
2396905644
4058461446
1004759145
3590588973
738034303
2603256897
2641389387
3769031203
621404387
3991220265
3250678069
3169718169
3240569824
1566872093
697284184
3346235073
2761268655
1974111702