3496117044
4273859434
675225922
3371500617
4262765421
2969059931
3015049220
1576335834
2294818802
1494412831
1240563118
4032409148
2737160500
1832790541
2049566240
1979580563
2715019352
2961709575
2646371875
2390108403
241464057
995636596
4137110950
1301928825
3320276137
1595880933
2375820482
249933478
2754159607
343570322
3374650696
2824092496
1903949112
3124221190
3283781930
2171443953
523891241
4290130013
487564529
543013980
2214708
654617640
2329656887
1776659155
3061100816
3090617897
397130823
3840291821
968322525
3182925778
1857131118
2764569125
112515382
1882412352
1247932839
1171645626
602165279
1657287024
1966935297
1155663138
2522278799
107366975
3101741383
3061801852
3276339791
391250761
3744594077
1743972530
552103701
3608864104
589760122
1387838769
2390987432
161490106
2699662935
1325339521
3571167138
2327105745
1681079068
617532972
1331728675
2204910115
355764634
571612856
692466372
2260986102
2555197729
3318858673
1086946615
3821652668
789518988
4250406583
3096670756
3348280313
1859509605
3286678628
3817985924
3190100052
1029104681
698217414
332301174
2638358805
286174248
4200354777
1787685311
74498511
3891884468
1768337476
4218931738
1659884363
1082762592
851730530
4235934173
34418421
2002691339
73419924
138626221
2403065942
591305294
2240828212
3128679250
3237997549
3709147947
