3232584954
2719284108
3859072690
1106261802
1796705285
2551807630
2048196060
2627628850
3172624915
2716291320
1515272391
2926873462
232258480
267283260
2476955507
2977254277
1012071439
2786550501
3115042857
1871059439
1648381542
3338402991
2031441470
1822442042
2158188196
1788852982
2998188960
1495089303
2758102939
1325190381
2371140264
245725997
4244780385
2776467572
3625210559
4243486294
1689790616
4239754074
976387762
3529281131
2711986942
3588383632
2714622578
444281018
1213617015
2175893792
1693846958
1630313531
1700115701
3773899613
1335456357
1718688954
1477185589
1183354000
3293412733
2536085240
1835928637
2260217125
4274789382
78361289
3793474269
237667931
3250606799
1942074072
1600541654
4190658017
1720521113
3702170599
3523537962
1162025815
1466069808
1132580372
3276675306
1191657582
4087904045
1284840179
3658936843
2610975008
387912174
1888182747
3938504892
2578954087
3978279694
1057937350
1259890261
1848227627
479528262
963106067
3848212921
1696526631
2911985892
2834687457
939853500
4080105619
1162169713
974720212
2739154061
582309506
3788798043
3221677041
2548895029
1865524821
2789195601
3719587430
1311678367
800811355
1236650712
703099953
1986319179
1691572551
1721415754
441465224
4071793365
3171211534
150785697
1737382043
2607543173
886380628
1840041036
3147041717
2654683705
3921540672