3232849646
2098680979
319958362
1370548096
1797255414
3590097289
1145915967
3002981175
3959060574
1587593336
2799940956
1971436743
2278268849
3485932478
1097603321
3559275194
4232238099
2438712861
3183800050
2781843949
403744782
1721837176
47689395
3673281842
967440138
1724398813
4178870266
610540459
88159790
2575684235
1868614663
527158958
1638084178
4190877325
1312630129
4212498269
3815381899
312552634
1925951756
2832604513
2364544559
2701277106
487163657
2393292381
3273253514
3785716802
1340347066
2676285291
2971580100
418997294
3320702409
764977254
477050713
3661994026
545176266
7769792
9670048
3593237689
1621140527
1967915352
3068250258
3690572322
3575799827
1973222524
1911716520
3920039172
110461931
3634679554
2781209306
3992412959
3693134213
592184691
3927862427
3000745237
1030309304
720077635
2979232718
2211334733
907680476
2386676019
180096073
2234913475
4132711660
3530139877
180912674
1969764866
2823842398
1005891571
496195043
4024067653
4258370985
1197974573
1986176512
3893409129
426015864
1354754640
2220214771
4252281734
1108354806
3189724584
1386530352
2208597474
360962770
1181130578
2909801105
2486261541
1203914980
286675928
2122532135
2292866800
1625818329
823595574
3075620382
3833475430
3040702502
431751122
3256094271
2018109532
3200056801
