220195492
2681294166
907811555
3612479487
3708958528
1214097295
2588523732
349325109
3207037586
3140138555
3984882476
1403942391
2046599295
3122934983
3672582836
1524020742
1807964354
557310220
2032213567
1576841585
1916209928
1365595606
853301107
3988125270
840440247
1140378751
521331343
2833907439
3584188325
1620254728
466182811
3433478209
3069991719
779218123
3235088393
4255957114
1124517959
291521730
2758693700
2359409330
3645073870
1612862596
191152100
62266378
2478076897
1703454191
4205465901
840354683
1341811547
371190800
296110764
2235254990
1405472989
1310671845
503462599
601071515
4123934902
4267856412
1094181914
546043848
539409746
3057682304
3079354230
3594618346
1767325966
2484865452
237200159
1133804190
4042808594
3617566903
1638808853
3314267792
316392320
1511235893
3454156098
2128740456
3802740775
1768092085
3634160342
1632794662
3475835316
3852579743
4027722692
2390239741
1997871867
2124914895
1092435297
2540735984
649396615
1355825530
1948427527
3741838541
3333075661
1777357070
3461848505
524455358
1933590503
1010302286
3621116841
588787003
3161201987
637178398
2066427167
1156807758
3909205585
3017323540
1712996192
4030158249
3399570442
2280502923
1732300900
2277896457
1365320125
1525812257
2555198597
4084028589
1514230559
1662260148
528555820
2526036408
2985542729
263280904
2251174651
1350077366
2382600633
1755581522
2041523781
3442026858
1595556269
3677965735
3324814387
3374789033
433632127
2121660562
436204911
1254198950
306185689
733408703
3042714806
3427000240
1805436034
2517163236
1299294214
1889401691
1884375090