3773798258
455982496
1634890645
290296066
1092706138
3246133083
2662743794
3649756201
2240003574
2989893524
3701237213
2766793232
318316456
3112117777
99906915
699001558
58925599
877192454
821574714
213068766
1107159175
2401467318
476069981
1885595464
3826474225
346110972
1046787749
3579627078
3809517449
974488942
1822893965
1402114471
1196411893
3170532923
2501281096
1185552629
2323819384
1424340658
4144785826
2260720650
3597409201
3358699688
939992315
257843673
2483689004
2791357431
4199245905
2219226153
3078328627
2479236141
1197231945
634275364
3367698528
3891863534
830277178
486267599
3857600937
168183842
3679742132
3778569394
177587957
340236944
975274806
2418443199
2752354469
2036291768
239656244
2958611373
4036226054
2322671942
3010969254
165523602
3319033179
2531404748
681244966
207915782
174797525
2432858576
3286537329
917047453
4192500941
1417081886
1041096001
3866190231
1985086558
4027207479
782789039
1634214074
3467079362
2508752493
136174166
2940061655
2144328642
3476163762
3417941958
2122495682
2639629395