1798504701
4064397853
1741242597
4094120579
219226316
1537805570
687649128
1819880757
3015259386
2592739582
3127573091
4092541924
103925631
1154890472
2885841009
1155695086
4018487261
3403272194
1103686436
576947479
104524254
526003893
1302566887
3464290310
1070630843
2132022483
3149277896
1762986611
2163880848
2281353345
1468082191
300916223
405984416
3846622304
3720203120
831093567
1431587820
2886185477
1188459420
2293012535
2749931750
4291542730
741195062
3664728663
2574439428
2796898362
543383384
3960261084
2303587009
2787331641
821903721
13966143
3682981857
2371842635
2332002612
3535342305
2262933167
3125408146
2279061547
1902142091
3262440543
759689770
1504665262
577622474
1140040017
3497667577
963509044
3570746625
3956942717
1933969452
287952374
4260373650
1044487551
4137761284
1572179938
3672705720
3635316398
1495436982
3814987684
1256376227
1132675889
683478689
3563712447
1918785620
2335990519
1307558499
1290232935
2412289086
2862321180
2147004428
1417167738
3085109962
432318102
3006007392
3235046789
2364427255
2699942013
1219763005
3961265840
4249588118
3000488996
2874221949
3601816861
4217852580
3888130088
410033520
3468127524
2151300818
2348445060
4056276037
468638234
532502361
3988548827
1262732134
1769633809
2624128054
274615110
741029950
1706806626
3665653351
11739242
352426628
3328638355
2809688737
3316145518
118154768
2777728736
3550362618
1133334388
1092040884
3594603027
3960994061
2124180151
1522383952
4211753660