4084482343
400173489
4058973147
2082854349
1692664033
396033110
1279814138
787911556
4287974280
1690483120
894810636
3271511830
4273768043
2887474650
3923535339
2571854488
3944348608
571349066
2889163091
4229667079
602570239
3783819253
3561361987
4259218125
2863936003
2312019763
4224681315
3798257089
3005443698
964066669
1883102135
3869157070
3469402751
453188212
3674979079
68683835
3992109678
3659074050
2982877661
1790847889
2799050862
322216693
1129824363
587013764
4200172605
574083017
2508643179
1084389788
3962747131
747235145
1557316795
1863641273
17647031
1684961240
2624393020
3653540247
3835044158
3769155910
699452556
2132342614
4069281211
313082682
3661365389
3510213743
3208748709
938273569
2652809269
3614372634
3383439279
1086732378
3013481705
3522828825
2755525464
635029070
2707779156
1709935391
3772053128
3528011204
951753581
1685795109
1035684721
362900974
1563332494
1695425486
2746004910
1671953596
388666584
904185521
499367206
1125593389
3947244707
2553825587
923638971
1953749794
2966288769
432641305
3501854726
200740300
20207561
374460655
112817529
1347830477
3817530023
2651965906
527560434
4084413752
1059301658
4197036290
724803926
2117646146
2371915470
1063170508
2786548638
1198911203
3575902612
983833474
2574194188
70407353
4158583439
2117661782
1140775576
168583317
2305775470
962628894
275750195
645194331
491252098
3255139014
3775061964
4267429522
1274523767
2060397252
1460409357
1413801417
4028522383
3144299983
240156486
3765343175
1168116405
598573240
1728974555
3610359847
4280666151
2793629094
72058582
1996523465
4063378261
3117415930
2976235897
3998667586
2870392558
240773713
776492174
3135763874
1636988501
2762995543
1054478197
1592997170
861931038
3075306517
1560449073
3838904963
2418503955
3832446433
2326735308
920206300