535416453
2402636532
276655262
3613468565
2619787149
1790048418
1780547666
2944454406
1469328580
3191074098
679294371
635459172
2924400939
4084597539
2527893744
2054237501
917200707
440495140
1446075520
2321434171
1744114725
3974874768
269039342
3484489111
3574406299
376215127
387363369
2225771280
3781872748
3548813832
454092720
2973357003
4096413589
3888828391
292003847
1159502162
901292634
3986146892
2179712230
2908688050
3470002566
3148428782
986503018
248886773
3093338482
1647210464
2640060485
3509726927
1329902722
1091698303
3566788523
2237829661
896198671
2068328829
294854896
1485408810
1392266397
3725635323
2563146103
1839827650
3108410473
3430358952
3710647716
2171888285
2999531587
2952358787
1290760886
732650544
2894434726
3472937736
2490594201
3206514354
3560666016
2183061553
1785380847
3193902962
3650393261
1586511231
969176440
2834664872
2741906842
4133578681
2389044802
2783513901
2276817008
2028072178
3953729264
622970127
2355086037
4107931012
1896102025
1295231035
2645707693
155225505
324820625
3843831929
4106068279
3244017703
1483264207
3214761647
1299832043
3035364002
2234015361
1814352087
3719928796
4032238699
3296857255
2891482406
514568026
3649437038
1022966723
3655492372
1940110020
1063002587
1921290427
3326383958
866959896
209297277
1392874186
1678019644
1384066145
203852155
3803072610
3742550861
1989506002
2293971356
3182743200
1492019687
1407212607
1710516522
1016008783
1723761584
2492984140
2110980156
1578912757
2025428048
3762902729
2274606380
987929612
2951693347
204703717
3509857487
1239203061
2774140654
96326158
2130015270
460905704
372766020
2417559941
1385639935
351896433
3869430898