2327444676
1142457956
3026894052
4129628643
1664989788
604064429
3854543395
2767763552
391114777
105886279
3745229530
1144702131
3740876521
2138808454
905930532
3345526147
1945657852
2319799641
3230976168
1926572575
3468977304
3750415762
1478505244
2896032879
3623317676
877256816
869343397
1353293727
1985427432
2282596097
2388494806
2188482201
2553213631
2887096862
2568409899
3757302750
2796705289
4154541689
728000688
1375072915
707537499
627800930
2094633838
579496506
258879378
1172226860
4203102461
3538169001
985474407
2288166195
2674045173
4231075235
405152626
1006125077
1170916740
365118602
501872170
798091278
3479719409
2490300036
990282802
270963464
4224328706
736425675
3063360615
367154471
271444121
4065028515
4147982235
3927836336
4212274480
3072056266
287998849
1458045516
3714730656
2023668538
