3405307474
3452570962
2297576101
3746853481
3116969630
2700523387
3289308673
1225089734
3772434042
756170425
728712004
2056972847
2426357341
2519992882
536711950
1454753351
4259276159
1960890046
2182132308
491774198
2379833435
2774040543
3225322487
1038265829
943362536
1100116635
756685609
547404162
3961716404
761630562
1554977055
3555328490
2501754152
4098186129
2420155442
2785214911
1573445348
4165063577
1431613760
2373863656
84766053
3130779089
3138344763
1390835890
1699891285
820160560
2670213968
1457684889
2528486906
1974780934
1352414397
2427181850
827903883
3667703606
2347973922
411155926
456212279
2978262331
676316203
2082471577
2279158960
540096048
1253344112
693087601
2172124027
3077137236
3439683762
2283964732
922938152
2961707039
535944287
3475312203
1217558504
3463081132
2588343394
753016795
2697680872
2227656340
2015778464
1990071637
480577432
1261325478
3948982057
34506893
2292853274
1145553324
2500719473
3421104896
154284099
3508410660
1891910960
2243816576
4044454581
1637223113
3277744923
1659320474
2302850021
3695592451
3320524000
1080506696
1003159968
145780678
3551648837
3757112986
3202180100
591245845
885183960
3793677526
340317132
3263284444
2840378765
1317963027
3884659523
3549203550
982332238
3700227326
