3972527163
3661704702
2637520591
1997250892
1963048360
1028343775
2582909233
646060997
1901337193
931692267
3669486200
2267707896
371520430
1143541700
674762329
3732060074
707554291
1712171986
2695442125
936772386
2602685605
1565982473
306591666
3464117010
1619531414
2638757352
3527005601
1935308900
3886914541
505708008
4150454449
1579831011
2729248834
2487540894
643995817
972118916
602047182
1776255208
321474093
1169219918
357324369
3059395427
3026295536
990542600
2486902779
2890911638
846064983
1709940380
2387443501
3413629498
101522921
3285711063
1680322449
689043067
55082411
3057322609
119311923
2810131641
758021836
2891469400
85615302
4054041259
502138460
617789135
2109283712
2951839716
185335039
3086084135
3832605189
2145974690
729026232
3756983396
917704620
3846044089
1773318709
3906026234
3993033515
3088864699
2191066482
1032506353
3648353535
4064805557
1446173090
735718067
673421514
2643198512
1273363596
839412618
3912542418
243086151
721041974
1135299620
1417930926
222760462
3093185757
2023188620
65120263
4272405901
2806230606
1746035331
3175317715
1766652508
3321360421
2412065559
2710131316
737826775
512458597
2264337691
701035824
2896667762
1932605019
932098696
925644984
4248428017
1140388301
3501633866
1992870259
330974507
3415627414
72257225
1316229263
5283747
2098570677
2686044020
2010235046
3411110901
2154285965
1624242540
4178769032
3264318827
2103517873
4185634787
2618334327
4050212386
3466160949
1212162003
2895453265
3063396769
2006773714
1624357603
4172789232
3625440944
2071939908
3029840129
2663695957
3183370242
3605338269
1190551860
4158252715
3249428388
1034355419
3887233512
2607878462
3699218932
4018682703
3162650481
4125699778
1675045934
589522966
387217358
4134762146
2856293172
3950352226
1584355324
776536451
112357858
1960977925
3656349709
788324474
1241656630
2955564596
984787157
2910362816
1972601866
3233034797
3132445967
2378370804
74547670
3765795482
1880135527
1313777956
2170343113
262873354
1777283763
3370256355
4183353191
4119689742
3539057324
481400854
3725634705
2337189227
2739061669
171482833
3325415707
2545879636
4170871051
3385073058
1815058875
19948813
4234354216
689249429
226339466
301519202
1122528223
4068208133
488562054
952032065
945904076
4293028487
2912132479
3122062942
279125818
900711718
3941832914
1823049566
175103140
3975164192
782961084
938356020
3494679614
1390718552
579365180
1211557447
2524164196
4282290447
3681517420
3481204630
1708539611
431611399
3668924663
3224960904
3749940545
665474924
1881125710
3634450372
907560143
3253617669
642099761
1081924668
145048643
357843601
3963796641
584064377
4007151066
1773694950
3510553017
2507515720
4269957666
2732252326
3846507955
1114244043
2615989466
1989139287
2399982842
361118670
1758036885
1085572857
1043677772
2250395161
1910668128
521923935
2360397659
3028228958
1481719051
2968349192
3695190050
1498744862
4143152075
2728584838
1040873441
3374651567
1368618690
3906460851
1875515541
4108467752
3714570062
1882865539
734091481
61487780
295952954
1003497448
2685516960
4255878145
1479478405
1801435211
2300685046
888968745
3013850925
4096821687
568126798
1732230789
2382064137
3742382385
3957789914
1461628226
2501852253
3408343772
2258349000
3535044079
236648375
3284651174
244512135
25000866
627343979
3170389868
3032353276
186192220
3283377107
4056815514
1746327031
3847575628
1641280027
2192137999
1525274440
1182392522
3400526539
3147201417
2362269325
3158880300
90145015
2869596596
2322737236
116740574
3954699948
2230271870
4099512186
3281162255
705282955
431961702
1920986864
481269719
955752259
103359426
451162982
4061262680
3416709428
3877063453
1113250376
4001663987
3979464870
3792630234
1545537696
3056768653
703739354
3271932823
1845057418
2794314735
2080600949
2634486246
833407492
3923118311
110746000
1774149576