842900294
3816848184
1634906974
2125415629
3470460755
2846223574
3675490352
3918399310
3741497177
588275483
1176041213
2473290846
1991950280
1079448363
3099006366
588354798
1025942271
94131795
1490224433
1702248221
1035680556
2092598758
1791986412
2676438961
3495614464
963815366
3150547055
1949451574
1572253113
3697022967
3371009761
1100155022
3074865635
2994852311
1872167949
1999442054
3083172051
3186775085
1469495427
1264040858
1905037683
137353428
3123462845
545322770
1340073478
375389670
860457750
1819342395
70253143
4277003507
1151805528
2866866986
251816852
3372104811
1714352140
2747540768
1837428563
2159439766
1016288119
2590126622
4218331469
2923424811
3354329407
2693061379
1713219826
2713513294
407963705
2541914036
519904848
1548331997
66729628
957264642
575195518
1377287023
2150899942
3972729554
3991898954
527288293
1858308593
3420252836
2829156815
3434937691
2978313089
796023201
3511281028
1294251939
1099397933
862538536
298153411
2369752728
1132095167
286239795
2537936994
2865672216
751066450
1428537299
2628760337
3782542309
215974703
2242292075
291924304
4204788712
3481757487
1319277945
4128360936
3856284034
4204681450
623572895
1584508752
3879098058
3097815684
3274596155
2141520216
1964194056
2349135381
1696829129
4044862577
2306529408
3771255957