3674535092
3668899064
4017725595
502846515
1602220980
2498894930
2162093983
2086064835
537593399
2800055625
3577753594
3890235651
2851840025
3528863668
4049971310
2361904349
482628648
1444996902
829494791
1170457775
49266659
36907559
3149161350
1995691508
1573228057
710804061
3504425408
3659016506
1348663154
3233307582
2141924959
4049770196
3782251576
2534690337
331240688
1794833056
81708093
3725107614
285597046
690002871
270047245
2775512631
3388982982
794164606
1271657826
2976017679
917974173
975360752
2836050715
1838326416
3612117716
1084798748
3130558234
2812021314
1001131911
3032930756
3080257147
2588368618
2458185861
1413071743
1973698238
3846277114
1152082678
4286742334
2004576717
895880580
762223077
1669351857
2516007316
2732374920
2947448421
2077723111
414517021
3442668872
1758815993
3141138043
2481412756
3264341348
375888976
2557382148
5364071
3805036255
887642790
2964556423
3691286442
1738461045
786006732
3790198242
1008299880
1435406239
1323630263
2314081957
708007723
109752440
3229312377
359750938
1358945519
3268057487
1548290144
3232141854
3885875908
2586326313
2439511827
652271812
2340263211
2854817591
254778543
83492358
1131545585
2675157544
2589107898
3991444349
2415608963
3147712062
2656272794
2844544766
1787677856
3604647153
687622001
3038713809
2361457127
3823361547
1622774449
3219949278
3475208561
3005133937
2390978998
608930916
3717045157
2987572724
615514714
499627253
1352391988
2141612337
4236938452
563828993
408684325
3278956800
650321330
1033646864
3245055311
197756631
3922219078
3811437134
2124718019
3112346279