3241858102
882442063
623200720
3581763955
748631814
864393425
639295575
1065825731
653400734
1630553390
2138525589
820013369
1267089776
1736783527
1235510620
4102583502
429086790
1466108429
960202742
3336193317
4072447470
1683532510
3295365115
3998681348
1295810467
3087411069
1751346018
2741166917
220207879
3981442862
1172811993
998895168
3418117754
4219027939
2200062932
928287552
2169554561
1603162169
2842336539
317052247
704025333
928794274
2829791752
1859736432
1439987087
1176464966
3307168162
4178925016
3408362448
4023443794
2975089164
2970917821
1042469774
889635599
2081424093
3860051198
1380570488
1127346700
851775961
3443342383
2747352864
337653925
774771283
870897375
2475714395
1298251284
2490786342
1863757430
2896627957
4030199481
798344402
2779723615
509321082
3739162428
2067664813
550606371
2325281263
1072141762
463426473
1743607198
3465177735
762108514
4143120875
3016876187
1119196451
492645547
2394278104
1754139475
1452861211
1138977736
554593785
3227521027
3239954556
3712599445
3644089638
2976136833
659328649
14185564
2287259137
1360598265
125402839
2688974449
3789235886
2067801825
4012277233
71983959
677610391
238583400
1996424227
76248557
538874249
2794273508
1985583967
2439771677
1153104942
3909066598
3257506938
1647677497
1769492808
1458458487
3230206858
145120277
4270619823
473950253
777244289
4282983681
484155813
3063317753
1054785021
757394538
155735226
981572553
647257158
677986045
2336732962
3467853458
2134174587
2629154955
2023674112
739685625
599832878
357200686
2797955188
2065185619
2248608609
78121731
3845393011
3548530735
2125285746
2284323614
4073266509
1219077765
2344692233
2888773055
1112055307
3779254889
3366734447
2474944701
2161229192
2399324533
1532695714
2681005736
4237386180
3546728198
2883942637
3166011415
3121597208
4165388138
3570571285
2440912798
2386714678
2419419567
2509205472
3608066922
3648795668
1732677988
2988133025
734833482
4188155956
4202269363
658355978
3992539697
581355811
4109456510
3288434271
3705234294
767142718
3691468928
1457867219
2627015194
1148495863
1026397513
3435458237
3056092181
3216561632
2410531104
2984972091
383810216
3922570822
4145372827
1985111219
3192136764
87399557
2018500453
562392056
3082824096
889570320
421134676
2662841344
996477356
202878588
969191518
4224278700
2792010246
668584192
1280987784
583672764
2178733835
4111419186
926388661
1916764297
1572011147
1006610496
3488989305
3116679483
773569911
1973657351
2801114685
808814224
3425695467
3431407867
3069257407
1287830748
504920612
2202423205
2221717354
858893472
3936220767
2856214514
297143814
1831566925
3378983044
1472862674
749554134
3512889309
4282893258
2098344418
3772672324
3553931035
15665388
1179800890
570667438
1659809825
623320320
3001995260
294130796
1969362682
189353380
2115713024
3021807699
3913616470
2012070567
3256442546
4241560656
1632037371
3259322356
3359299208
647137015
797104718
2680670579
375892629
3545662930
1654913654
3652755872
1539810099
2763095525
2814603804
391258558
2233186499
258435002
48278196
1093316982
1133365703
146217892
680283362
1194930151
2966654558
2943926309
1053400942
3450978781
3527368840
2774192001
805308471
1506459490
4140475163
2352520487
1816115601
3468221912
3710792965
1012110361
1197308538
3183304589
2375012888
2565613603
487524430
2992825846
2992630782
1171335500
4025790197
3925947413
1813326036
2101421920
2070948467
4198586348
2016404977
1536386468
8246733
4002538988
823149808
1576442066
1113074732
2170080527
2429248482
353093560
1996950089
2175985905
1993752495
3904211537
2925238664
3376608011
3096225908
3736202226
271432975
3578379947
2200425380
565076121
1103391587
839310319
1818912219
668955638
3454579124
1141152350
1598148679
333805390
2602690330
802242692
4245610840
2430186881
522710624
2447191434
1775272233
4243023530
1915124010
129961120
1135792839
2733047667
2108001923
3147318992
928057130
2811990810
1031663450
3497120287
3301573983
1386837043
109441902
767506198
2074406296
903014917
1724716338
2055744048
851720404
2238309589
749390668
3614483680
2633549928
2553830679
2025051080
4001064310
356025527
2498610199
589888181
2216551948
2706182454
4102579604
2751490470
3446820544
3946097156
963808244
2848131707
1115605564
3219666256
3565889135
3573523958
3730531846
3810867703
326148719
135598156
3621240578
3043782871
1596885532
930008734
1134408699
3257223130
1445120379
3458591021
1378954662
2692459448
3957548832
31224291
3125782417
137350334
51865968
829418549