1001495146
2842632240
3949544701
4171669358
484014789
4104113065
3365661082
328028038
1396071054
17023016
3593422821
1976687275
1753762335
1774003768
3842202537
4003666814
3479515977
2614768321
3212965197
856536410
2279057707
2947704194
3103643348
3351292234
353088536
647797133
2173673487
2835314484
1280585832
1759755205
1794744580
2095379113
766902244
2346748699
2125697927
3881250654
2245111500
3550099048
1063579703
2995789679
2087036477
1036004952
557901450
701826551
2090125449
1753823498
1995567013
2761115210
515754146
2943575516
2775843865
678432817
3117722574
2548699690
1744176341
2164457453
2688878649
1818722704
1992167712
2778164286
1038433745
609211264
1114957103
2875008031
1074137204
3967159447
3672048629
1248147247
1834111913
3301784615
3872371391
1118603843
2236464365
4063343155
3122015059
2051911781
1896517525
1719137901
2770988219
2322493410
339238819
2807576622
3501560042
1901138918
313852565
2829783023
3454970583
403161334
126569664
4000745007
3418525752
3354073180
3849084162
3964281538
2173513219
3812023774
4239080374
195005994
3789794255
192972999
2567928633
2315871933
4137741481
1201123800
1398107022
3059803683
206934155
3666937917
200952983
1386809271
39710794
7014168
2687251146
3022582418
3400898814
1050591491
3283180991
2016148536
381055790
323227902
994883460
2184213078
3600070001
1543736987
2802414528
1474070910
868889224
1759495166
4057574106
3454797469
3884958443
3641691189
2841024518
2923712838
2927364018
1169707439
1694365316
2765469072
1972868445
3255109872
2655000630
3135951389
143830475
4141464386
3063135514
3914238247
3717923366
2243075560
3578133109
4279424228
50742047
3413877972
2676686399
736186567
1450978189
2224571297
3660793767
3361283572
1692742572
4207081969
1867416889
3827534289
2503364161
726955310
1064500630
1995004893
1930471009
2501756507
3232786014
2624228922
759967365
3199559191
3267103832
3553837055
1590024775
183547093
3563776932
1262286059
3628774317
819664139
2940740548
3860949690
1416900498
1024188054
4045464454
2667205801
2831316773
2564586683
2249513391
772196499
1298510157
2123343328
1466519701
1571662607
4198062091
272979573
3488030131
4222981270
964921089
11659936
1541873812
243726988
416340029
3458220164
2864499282
1932977190
3853454589
2919355582
2640524452
2577799079
3777963626
407842895
2209700391
1127727039
1858573251
528695394
2757199470
3304750979
2731563453
2061584490
2640627067
3549777303
2591660281