3772421503
3815371714
1198824166
3460998285
4148248569
4126810592
957679007
839459412
3490856971
93609454
30349253
882476634
3226315486
1989461598
1975253532
2820053056
4092415724
2336420484
3845547870
3958848625
3176636163
2845443283
373737491
4287305609
2499426300
1146056978
213076584
3298879834
397219440
1135674435
2496520963
2108618939
1325812164
1976149899
716872520
2038966940
1259690039
4092394848
2034205981
875172306
222671955
2065633494
4242901580
1226448180
74733822
2166910221
3880873127
2743966524
3316088935
3104108699
1125986970
3795762333
103876541
1183752275
1831876868
3624900874
365766150
3786593897
2298675281
2375657594
822171227
376230005
970560497
949168061
2844602044
2699235094
1434522999
3111778870
1822123633
656903478
3341100930
3844308512
680934518
2712673107
3459063303
1685366647
4186219286
885783784
4205739178
1179919140
3812397214
2617864472
2354095427
45751779
3095582913
3377054660
566473695
1498519757
2999867450
1464897121
197569
1169168510
1125024333
651524841
2787998091
2782024747
1173308496
2536197490
1097055380
307315184
2366719350
2351318428
3206228811
1996387822
2253516785
3532874803
740639313
3023994768
3089890074
2650339855
1808757525
4279704444
2104379335
428837190
3596499531
3674639349
2816219772
2775012312
3418024221
765289711
3551723307
3808910281
3265410049
3054763033
1812571725
3201044263
1660733148
3004222353
1948536863
1391724830
1940297721
4001212019
2272554131
1609573575
2258059747
1207845812
697763668
1306602027
1372815863
220551917
2352343335
1772764035
4253172688
2359115303
705094268
303884805
2297106211
470177840
3116436330
2582158981
1367919014
973705685
1040200368
2876641445
1153622534
88391891
2078392293
3797995968
2589316670
939361547
1322532676
751307883
2783075388
1810471524
3895648360
3033118311
944957758
1688706817
388562656
644553297
1555439181
3724732425
4147584222
980739264
3852027067
2050522812
4240283049
1496059596
3981112521
3863032567
2397318744
4097377383
3864640676
2832416478
1802483943
2166955871
1946036060
2064074597
2240069416
1369483831
3824059859
384050850
1569344056
3408850898
3717944320
2737735981
898515104
977488917
2534779788
1031013167
1626623106
676497306
3134389917
1092199639
2226385994
513734577
1114186957
1314361048
3715973463
95226453
176528919
3060925330
3018083811
4126636225
1649463979
1897265828
482573090
2910799757
514887019
2304761205
529557679
4192536543
2045567367
2227735977