2738787092
1451735622
3674535092
2086064835
537593399
3605690533
2800055625
3577753594
1103959442
1437590962
3997052253
1605983430
3890235651
3528863668
4049971310
1444996902
49266659
695178690
2667044320
3682067783
1132243415
2269768706
3149161350
3804043180
1995691508
3504425408
2875949099
1438091720
996511538
2141924959
3782251576
1204353550
331240688
3725107614
270047245
2775512631
135488795
794164606
917974173
975360752
2836050715
1084798748
3130558234
2812021314
4026314390
889110878
2588368618
2458185861
2004576717
2936627644
895880580
2886707381
2273253786
982166004
3196220025
997868659
3028221170
2367025880
762223077
1672862436
2742372258
2900689701
3209646218
1758815993
2203944692
2557382148
2244624681
887642790
3790198242
1008299880
656885527
2314081957
3229312377
1506077162
2828198249
3885875908
1015457319
2586326313
1351450657
3710895091
2439511827
652271812
3723104429
3411404467
2340263211
1455838061
2387093404
3068453930
3376414126
2854817591
83492358
2814224422
1958461514
1131545585
2440578280
1968044509
3270959439
2415608963
508068563
3147712062
2844544766
1787677856
1555917058
3604647153
3005133937
184707104
92852731
2390978998
3717045157
495350858
3534623514
501441185
3033823011
615514714
3616227871
499627253
4148819342
18713096
3001627695
563828993
3298383290
1623527305
650321330
3245055311
3112346279