978378897
3896771576
3373443930
426890855
1467788992
3523670271
4095555979
3236892545
994589410
3346204827
3425276786
3140285734
3159310661
141369417
958808291
2891409528
2749479451
1262982258
2775672561
85742571
1669481868
239483148
620053738
3524472048
981507069
253613933
467695319
2248182710
3806054255
4005398322
2295778820
531104637
3661093275
2428891247
2142885730
3662324843
1548033175
1487603440
1927175063
866418249
1970195117
478041317
2491540861
4163925474
3604334374
3597826696
3966987204
3870292938
452286070
1501302659
1927255245
250264523
2214689795
1416271490
1329680938
2997230385
2308156507
3556896663
318703212
54735430
31994478
794075075
3098505128
3708433986
1606190989
3651583868
2038623757
1099378861
110533194
1075228399
1052988235
1148436953
2115854357
3710726918
1437548826
109755694
3970710227
2365145427
2882124968
3305256556
1385047961
1036996955
2743015016
2006998497
3796161507
2664653852
1883650853
3817136353
698721697
3597867943
3355063490
3616046930
4069542114
1619735090
1829201490
2118440494
2236625125
1708133243
1060173001
2736757648
3322656369
1478272326
2080051565
3929780211
779405202
670060678
1988114420
2093655237
3020896177
3553105282
1609030984
3023511094
620733712
1180263681
1857625349
1876756732
1928957915
377865883
3725142633
2825300506
3107221244
4045135800
2756827032
4233164404
1737866910
2949395374
2446316162
3622477385
4024293835
2752277839
964846319
1899030479
3313457567
916164371
1640716585
3040834568
480602903
2928724047
2582886324
1982786870
2885782209