2809019670
234576574
4282222538
3534120164
3178504659
3112839804
4201506271
1855335653
4100831973
3902224203
1760067655
2111963563
650521828
453404661
190856158
1056814942
616359960
1776404567
2960195001
2702087784
3643124685
2219162989
3825018933
3330406502
1178985677
3697609441
1266922649
1461709522
3219598694
4100026563
3969514352
2262087296
1292011913
802662217
3099874992
3213703669
1325641484
1680847563
2535611617
854061423
3932791251
2164299746
3433741788
193550957
2935398767
4220492736
1348107829
942765892
2120414956
3064683978
1482765574
305111278
2201187196
3848469738
934556780
2554285746
871215942
635131674
3388223400
2159028877
441848226
3754289019
1030769060
1196938142
2697267187
708825382
3830359165
998070916
4196631671
1488066144
2378177553
1790998813
3830473695
4065481880
1743031363
4086783201
978028159
3176717861
67261391
3051383169
1446554527
1233402013
3659441741
915746481
1211156630
2480238890
3899528987
24154215
2992835534
3794340518
2828976774
2629212363
3262674369
464671138
4255531154
358402304
3314911373
3235134923
4215049020
2911703488
2914526942
68922034
3893943749
4174031494
1638409440
3856575771
1533479242
504687278
2681535370
2461282240
3340948233
2809194931
2293089268
4130642166
707935282
1293271669
3257738288
1616127167
276849418
828347009
3463612600
994781845
3374318963
4152467235
1890321782
4146117852
241724684
3204694033
2567435338
3406069514
1371144243
2062475332
2458059981
2516511767
2690807590
2287946190
451503853
2362563586
764326722
1503177611
1184416717
986384151
1973669687
2706494875
1964584326
2146054567
59921215
2468058916
3723605131
2442907156
1606175458
1073027110
4128792611
428442641
2908033607
221212361
3008077930
2946053761
1849983290
3766095795
2674793842
2068915255
1208326993
1430222942
465689834
1204908577
3864249773
1343142024
2259559020
4012750621
3307053730
1078039373
1572910679
1247520335
1926718831
3412878826
554656802
751960224
3629412014
219699481
417315924
3726697478
2484876617
391399843
3444849922
2012613445
3367377523
3633414679
391538883
638028885
3070115527
1090737285
1997766642
2125005150
700005220
2155165373
785771211
870296337
3324985605
1402521957
1392416460
1627705127
763403088
975287452
3872582124
3546440643
2029557404
1805460227
63149937
2542742238
3265159782
3332324802
1173592309
1416950308
2739075390
4222645169
259056081
1288217440
2847977945
2320540395
1179281437
677614074
129529152
3290299780
3831939429
3141101673
1693288482
2409397711
3317159062
4028031543
3277441067
483708981
858877144
3920445887
2656032110
2418748567
4217282165
1112072275
2618970991
2475290908
4002945781
1497371336
1788983520
1863500390
398005271
3229820839
1639276651
308063277
2262758713
107979255
3488533163
1062580486
2301187862
544833479
2291649961
187855417
1034006727
392559065
96023674
2535707473
3719987907
2842514246
815198340
875599038
4026066276
2290353803
372598453
3013069046
4137596107
1099551696
3812552936
2248517001
1575738060
2756314218
2994903646
1246364584
2093091249
4258056804
1071661750
3489099314
1424805319
3109974987
3917009993
3209188713
2303965583
3873943944
2801655832
1978403469
4165338574
1090104053
1781898324
3049451498
3854283591
792365663
1300712866
2954937389
1770804292
135100560
3220290898
2823590583
278918115
2907799193
1510014742
1358115536
2066190862
1033073358
3572173392
368961969
3135101117
2029015802
624675949
256416512
2499743696
1599176326
1823575755
319723393
2459487727
1744384776
2185390938
3357187648
1053740981
115294225
1468160877
593224690
1552226396
179551837
2936069857
1989639661
1196709881
3775190135
2756744327
2675833806
2116996949
1853238553
2894575771
2681499012
4122903562
2620315553
2657712255
2637271134
3316491696
409672478
4120242724
2022240518
4207807124
614447005
1538123213
1713711732
4043483304
1705059470
3320680312
770192766
2921866576
292827377
32593365