3006991857
2731391596
4032387115
2222743680
2381083053
2764793121
2530515810
2536822694
327651372
4259577435
565932588
4238892068
2101539639
3101622087
1387209828
1423871321
1775824913
834926951
3657481234
886921624
3409039385
447768643
4285499473
951665837
355862926
4092749160
463894500
1396047634
2661887801
2003355975
1544494629
2778329966
899900467
3389018809
1099599301
3466173490
341108851
1061067579
3023091315
378946954
1024127638
4063355756
3479062855
1854146745
408909352
127034591
2437034976
4157542732
1210439004
1862641293
1653832063
1004404399
142629742
998030846
1842272137
1793964489
459871877
572991085
1830644076
735429537
2889330285
2596251978
3018273814
3250725660
3671351346
4036848677
3226648632
96549926
360209353
1755155701
564237887
520345589
824747754
3063250514
2976622963
974026696
180232613
3711668986
3459900853
1985767853
2120752501
1602220673
1766012698
75396512
630222037
1414205049
172434071
2733504111
1611644090
2063805395
2224671490
3243531007
876293407
3326063143
1856122796
1310339493
182444691
337659635
400056246
938212029
4059794527
129247416
1635125574
2918736083
2552877425
4236936265
971704571
2334072731
2322345922
1072115208
2434335586
144078812
3935410751
3951715019
853773614
484233257
2599966960
2769449715
1803781082
2544521481
2077478801
265469493
3889277555
2931268774
1276932886
1305371589
3860031147
537445719
1478913893
2860137862
3179562752
2187964061
2398813808
3688469940
1924841796
304018746
585712814
1550169962
601916222
1593448112
1070203722
2728458277
1217056296
547713150
1699766207
1180295245
3435118899
3573353012
1525269940
1922156079
2725376567
73361
1834468170
1148871348
3243552728
64860371
3986227130
1230729235
1365037456
1487683891
3966679648
2224439191
3174035144
939651598
2613866537
1755907568
3317252180
1158894970
3387186920
3655091747
1990206144
3093649383
3167979121
3354559386
2390678110
3973551645
3630592352
2202542906
2786006570
2039572035
2326121520
3626257621
1869584909
2464393287
3676147233
2050611640
1251441057
678561780
2503371391