126594320
2353748502
2008983265
2763280458
3504172656
4095437819
732797637
1310901892
854505974
1072204847
2560242729
1902070409
2337142767
2954331678
100385737
2885385847
788361220
406643774
2058867063
3824795255
3698872370
404744705
1840347820
4074744417
276851628
4158128987
4051287540
3961081170
1878717490
2463369534
2928957757
3910527554
2119874780
741767773
2716351176
2803350259
839498806
387651567
8899316
3610975165
1522781712
3043306811
2545242781
2289153903
116476088
706858082
452654795
2483049140
4260729901
2213906333
2241853562
