3059331052
3656096785
1974329102
2293839404
791163401
161673770
3311279235
672428635
3679642944
1665836551
3315523048
2045608608
4144577885
3043659583
1473634109
872431450
4180544992
587604912
3657070366
3442758697
2452779075
2836596516
1529152463
1629955202
3768221051
254986569
675420601
171168085
1228619167
2434191619
1526144999
2211249036
346911242
3161100533
347674634
159368130
2163006805
3589410285
3912640569
3633754902
720069690
463358898
1825089219
1156263112
36657210
2386695796
1520473951
632315036
2907093357
1343208159
673767225
3221652910
41909515
2698700209
2587201211
3374889801
987005378
2708075295
4164624543
2786291630
43089934
3166817741
1312419446
3570415231
4238879962
4227461898
1526026315
2662921403
2274232269
1623586998
3536667725
1224931942
2500258837
3537840217
3803828051
1363363422
401173386
3679488066
2471884338
2624590689
3409229878
496809265
2453881984
3423751087
2695396442
3930386825
4030959156
2218210913
3817208095
3985869575
557028519
3203127168
4173845044
2725070475
4102723830
89699151
1606585103
345513071
3567890019
2159289649
1534161162
1420096305
3987076601
3767748301
2919815627
4206389066
31297982
346455875
295432408
826873182
1122483231
2808644465
3663864125
1159907352
1075799024
535420913
2776792451
1817657637
903799646
2624630429
3989621667
2835953042
71466138
3313740334
36088397
3973043579
2836782129
1987173335
3860253621
1449961667
2905823695
3809991241
3366860235
3420763094
712208214
4012792912
203610936
479767963
3721349851
1195617806
4015313787
1020513303
4045202992
2439178951
1188569384
2711527246
4248085315
2187456456
2144037612
4125511046
2103624498
3228352632
3077908955
2763541255
998983584
2340448381
4100802321
1423351455
2473358574
1050259661
2345196127
671278378
1490999865
498140190
2531483509
1440143234
2765261282
995246586
1255302835
2999309288
403947062
1492889093
3017805178
2426422886
1555685096
2604844599
4283246954
3943975880
3927578221
1220717981
2866886954
3401728701
3375667251
2972521966
847788915
1694601069
3997116945
3657503962
716496228
3803428846
3109518557
2469643593
153555557
909507706
3471553987
1161517022
517210265
2956641164
2660765643
2801701521
3118636653
500265626
1502375506
1699343698
800268672
2374049479
3514949606
1585084587
948733581
1179847953