3123820589
4052380514
1763503761
2162171351
2427556721
8575294
1115992671
1581147815
1060260774
3015417910
2300157865
3141769221
1287078647
3537421439
2922535832
1416628872
1109998838
637285248
1155101950
2469468121
3875450200
3552652839
3864894269
1957063975
1056072328
403212943
3690786835
606360434
3316959735
808766717
1862594509
1348890608
3861539467
1976997168
1371251756
2393166124
3318240927
4185778483
1869064081
1808153746
4282103389
3077778656
4225573666
2652051338
1857552732
1985672596
1745242936
3039668704
313297914
2269824328
2994039906
2504618509
1429323988
1573889900
1166571466
3896297457
32238957
1766337156
751433962
3770388909
3717865330
1140665252
3411897800
3005171781
2619173233
331670054
2932627691
2716111902
1071467945
1853697414
2762926274
3389992844
2137499646
2045281363
211037033
3435541276
590608900
3717615865
3965017458
215009467
3241743699
724856510
3076786946
371681744
3754689788
3090949790
772243416
3985003362
923618622
3875227353
4026543026
3713534646
746122053
243004454
2077679499
3142550788
3762629226
2280896249
3524136505
3143021531
1516793745
4092745740
760570217
2857821715
2366159998
3029396211
3957397172
1375299577
314066409
2053457509
4291110477
4221073520
3650317766
1661192777
1501035775
1170884543
3372395357
1879186243
3075299657
1023489374
2764005741
1818919827
1364644220
2804719825
