344111041
1546106571
1162211361
2785940357
616233536
2415418490
1651186841
2329555613
1566547174
1294490673
597143617
3114298669
1991212695
831645660
2166593987
1559874767
2902208300
2372785179
739883430
1325144649
3648229927
4079433648
3504563001
2515707936
882566194
500899249
1688212313
4205834212
2219161434
1148952737
2277807372
611570710
1377574979
2540503657
4042869812
565446870
939266081
1268455045
2818792593
4026337872
62333412
2508760277
3877410125
1402794874
3331569668
3176824031
3869362467
3555345141
4022385526
2064476628
3938954646
34404651
2546030669
3850117004
869246069
1978235881
2358746173
2108750642
2658687098
2028289791
1808863439
2333479201
592305784
3395742338
3071639426
4056924179
3883717740
2005760303
619624883
2653527988
1257092752
334318531
2623703645
898614041
2532275341
