4101629693
2621033213
1847606523
482545289
482546645
1820729172
2168575632
2623776898
2377416073
4047802341
1947518354
3000795384
2631618120
3173206144
55070618
2954802437
3042650433
3853445596
3343562906
3195116799
2400050108
2220572624
3806018339
1294057892
1878985682
3840116195
2788310355
24947606
3609843574
1702553756
1491411871
3222838545
2090062351
1035236836
4233556415
2792689194
2239031127
3431396596
3410663848
3526678386
2846768780
1800687655
2718638382
1080075007
3987959481
2626203735
1717510809
2175563975
2447848225
1511631505
2094912070
716372133
1081574226
3158703306
1487350763
1327530609
4156174071
4107424824
2159173979
2919552026
3494561117
2653079997
2193351240
3583986873
1245701818
3332228529
3580087744
3740475832
3602498417
3099449889
1417666777
3700029916
2433443028
1053916091
3161240081
817786617
1313183151
2516821292
3567571976
4136657287
1017500161
475996291
1207757800
530466104
2041863129
1958407011
367501949
3746973768
3209053320
243578876
2900106882
3538862388
3922616334
2703106655
446950085
4148642116
4015643424
4192419544
1470468170
2190403540
915675545
1946820366
538743840
818478328
501690460
2338291618
2273048752
3929587764
4262713852
3548404110
1615166417
3579965217
3678867510
1107415751
2890099404
2765431471
2333404370
371057150
3614096640
1919540957
1044080151
604401240
3053238136
4072285319
2461567165
4271003223
3378050530
2527983771
4174899268
1981671618
3872380290
4220408313
1818690751
2549398941
288898204
2079575959
3294451213
4168143589
3273283121
150628546
1814950695
392240884
1840431134
4139005405
1361933477
4278957469
953856706
4201730913
1026213640
2094385920
1776831096
298662709
1842066726
1276031075
161383142
3576315631
77368841
2749190007
2816047708
3806733467
2434557711
825498827
2913831843
2347630912
3960171573
1792635055
1175791282
4155405957
2135297751
13884888
3025999155
1884906687
1392713419
1047267069
2336065799
1781143291
4227494962
4096212713
819577281
2386048267
1656656855
559001999
4163146621
3674666277
2703884345
1938306888
1982087485
2891955564
1985212145
1646596702
279048784
4061983266
1214854846
3109808795
148073746
3803777522
3852776735
710114231
3286398774
2808102256
2255435901
3121083264
854463705
3216069182
1484578028
1762339410
3837872019
3702916989
1599145392
2224346552
263173025
201070601
709135556
3378943176
1295093947
1230877155
2490617410
4216433712
3573855801
3143331236
2630544692
667277105
3526003942
373213725
2164374369
3670762637
3968863349
920043921
2867785811
2213840888
2675315794
3588699821
1682862574
1957553151
3408121936
3399289255
2494920793
1545021444
1702084762
3982444812
1097612151
1118546673
71537799
2272626280
4134112938
3564133594
612923226
4170765815
2419414469
3632209561
719076509
2680587394
1567618734
2742944352
3828207370
112982085
2966792473
1080287318
3107246811
3826243720
618488511
906466993
948282727
380015994
4014897506
1068149952
2758999287
2862422288
2411675186
638547979
627880658
884134961
3627530481
3584156610
1715840860
1368450527
1017155466
816243712
3840505970
1845056805
3076762134
3421460522
1031348248
2222294243
1857777576
3454624695
570542757
1392780123
280629066
1359631568
672046297
193736507
551164388
1343464389
903803963
503668836
2747502176
1546818083
1937218313
3501994268
3930164532
1110657378
4163305250
2945121111
807004248
3928722094
1590554595
1259692847
1604686692
923698101
3958036334
584229405
4157577836
246057888
2401815992
2573001994
2267212503
494110082
3756458079
3037874336
66737052
3586197758
2541395975
310724879
2297028925
1618717223
431492620
2744036115
4050202382
280499343
1355274335
3763112051
1583864880
229411463
2981095783
2442669023
1595563500
2219328563
3107833531
2613208152
3881651806
3451796158
4026882032
1604677624
2465020386
3757891944
1414218937
31492414
1108848126
3747483164
3227891240
843429093
786569683
1085631123
855060697
2525979240
1192391232
1595628171
2673711846
865606296
4294086689
380363149
3830359305
23490285
3814082438
3227052712
692855994
4127830766
4257353103
1023388370
98364985
3018313759
333911997
2253323990
1246765102
2538564136
282806070
2986160362
3274776543
2342909652
266581588
1321228679
508138532
1378211975