1085322901
2163238576
3879142173
58411729
3929666182
39497549
314866860
3355059704
373144154
1222858873
4199410197
1682754373
1270563601
2325672559
1966623875
3553192703
98462545
2956065700
587408139
3665941816
1606277359
259879535
1661158074
2075321109
859467161
3867903702
2470009623
3897053132
1840925244
3757646953
1458868441
215210517
297115771
2312450021
2684324006
1272243747
1173452222
2442777153
3592669039
1250056630
1315470051
1258143528
226350459
4215100437
3305527753
2812196583
158388973
508418256
3971186234
1924408687
3403154341
884974990
583017751
328362964
65807246
4162372149
3840848320
1439538133
3056236476
3590304800
2027423542
2250391702
2087379313
3676217210
1139138765
3112439563
837203477
609934928
4192985746
24172550
2692949612
1415665946
4268379000
681707961
1147140981
3146526390
848168732
4033449120
2656523108
3719459734
668816818
1287808499
2168661145
1722175696
2931120496
3031976227
873714396
1980391560
594011332
3363207892
704163122
427832697
3878393998
3831236117
2928907779
102415754
34175054
2795115533
1318660338
1197052562
3884812600
2611917670
2168238980
1790637074
37963627
4205640227
2406929656
2174463040
3110164354
509648539
2535211481
155551467
1955042011
3796769370
2487354960
3162960543
1210956931
2405942039
4255360354
804662507
3866723807
2247380006
402466250
1019508999
727008311
1915956703