4248831456
1811784657
393932919
1453773043
1746798261
2523766327
3038603851
1979200055
2543953332
1381915914
1210002269
4006595459
2933654307
3850083241
2840020807
3787883339
3189444996
4145628193
1896481157
3650304301
4200760379
1862925402
1933988356
320633000
2201003166
3930685188
1280877019
1879377157
4234971671
1863143519
1592461047
1771571079
5745083
2288183700
2736240743
3757859197
3803507160
1663408110
330744018
4170065630
1658078702
3660948861
3771644346
1816839687
4106636148
4083047473
3990579641
1592199585
1914761607
3099318553
3582970314
4158208249
856893100
3091033288
2673864572
884154982
2904309098
3154205993
1187692887
2864194997
2112039614
3563117026
1641037993
3493071853
1514314049
3671135020
2737315620
1459795996
3851393906
2590468183
3717587426
3800668913
946853734
281237081
4134331507
2851777957
2238845327
918856150
171621687
2764489522
3879081189
2067882883
965249380
2040405595
276304137
3674720210
3945809097
366033780
1876822598
3859582600
882567648
3753235415
1246021140
3039877713
394164296
3526851769
2457230446
3674765294
579877865
2913820447
636377987
1746010604
3363845763
3776357520
4266373023
8817172
569547283
2394306320
3743967586
2990853746
1288062421
2547268560
3307067982
3332543904
1349653420
927205505
347227152
3375545353
255324582
2558907140
236478463
1150837093
2015026171
1287219924
1854824144
1445028489
1416011325
4014290384
2440291904
3629539571
1460454988
311337381
719833661
4119379923
1907387346
2780147468
3233328262
6799661
2441848121
3625120790
3791861914
3440331400
1133261353
1433544055