769443613
1563201958
4143624011
1259074869
3300782429
2453331113
1709309849
1179327911
2547617564
1161076935
1564602994
1899595072
1377916055
2486792118
3115999142
1586292815
2464932416
747405264
4257197238
1903509826
1168928702
2910736454
1710802415
89989608
3415075871
3976655028
3693816092
1674860107
2848917297
2313622329
2015905213
1789295409
3811437450
3244684934
240394613
3115761879
807331059
2902204827
2295896155
2814880821
539144209
3047445375
2615589001
4287971970
3540321166
1062304598
959233109
935097459
2826172056
943851017
1924674539
1043620468
3186339923
317303728
3708062303
2592575271
3089749216
1199337064
3377822842
4158599655
444765086
2488681895
1187250015
74025113
3629845463
2868149214
2540087351
452182076
84794586
2031638036
600827195
3054397902
420551512
1091480554
302384749
3344705304
2816822760
826770317
2943381322
738820370
328312849
2152291489
1001937268
2399118899
246231904
3931879645
3427609915
772046005
39184580
3814167621
1151868077
2107155056
1798630797
1130566156
3571155416
1375509508
1849525810
1436823147
3979247992
3736256156
401006416
3780955131
2881576413
2567348567
4171671165
1902958298
3324330959
700579736
2920575186
3856714253
1031046279
1119198889
4158508970
2710021073
2350756185
521951450
3240666590
1066338229
315967843
1126808307
299690475
1076169949
1834063598
1887122541
876135551
263256919
948226657
1512765160
3764849560
3833425921
2284461115
3465918599
157973449
2539141090
1542224771
2680439672
3766916418
3027964293
2026717561
411999744
1550525758
2470308273
496332334
2917943935
4104757593
380679973
2859174117
2529619909
1869309022
4116553863
866292606
3468731084
3855621882
2712872957
825098625
4174915977
1915660109
3150793481
2317164424
1975936799
857404445
3874686275
240905692
670403226
108082733
1732121211
3312182305
1608512966
1959696816
1716929549
1966711329
1687171443
2941286898
2575414411
1259437917
2646419301
4021599963
1840139241
3972260387
651946763
1298557859
1175588660
631609354
1206585337
2594421390
3775352655
452500246
1091405254
3717907838
2185254176
3953753388
2494928777
345431772
3995877931
3287634755
997064822
3249041643
2278249166
2543799011
1984703587
231250271
748701582
2171514265
1229348801
1393003155
123694127
3440954063
1871738831
3899983690
2284746888
270699665
428234392
3699373525
3932374549
4040140210
1465956671
2509416281
2378609340
251086210
428116385
1987160098
1145018555
2445816396
3696794763
4242364927
3823006505
13115383
3530271329
2805956016
3029364696
3918404006
3978431651
2644461929
2626246201
161314273
391992680
3890672746
3585604449
2749505520
1977690711
691976505
3428288336
2870609843
49346513
175642712
3491833551
2263445816
1599485157
2747712195
3969229969
35568959
1560651139
1126111353
2988412947
608340774
1394749279
2836018475
3780065330
1616800742
2205915410
1163312959
2387845598
3500367097