3983301375
3434888120
1075102306
1196119430
3815209858
3873609895
3007830118
2020090057
3576668478
559873269
3480601413
3985634349
714569067
2715056638
3972037826
2290109744
3318138635
4283627799
3649490401
3654795304
2553113626
4218310253
2558191993
1115695755
320541420
170904578
833712976
2435534178
955744820
177831018
3515298623
630114422
2970011928
3677156433
2379504514
1331245220
461278739
2350153193
3890754803
2459464456
1808666427
3266474386
2542904894
145413800
1725337397
3423633491
3926489998
2387968723
930560110
1751321426
701846729
2517484350
4172523803
1519277968
1297292514
906913829
2315964674
3497242686
2931844737
2770682943
491478790
4124149480
582958827
2488204204
2091965822
2271982851
3043913471
2430410969
2224816450
2231349397
659555371
987453992
3024277914
187814899
1543401187
1477622358
3558932174
4165569107
1013304044
4059243335
466957505
2085515975
136314135
1084651754
1890470729
2517614950
2122135236
1500861314
1576686401
1114147976
3245916249
2871045288
970297951
816234628
1736391811
2644303167
1872019182
4221358354
1141035595
1798901304
2057356636
43298289
4202556418
1164366
3561446067
2864415837
279061754
820288479
2487714157
54894697
2175549820
2879048082
2274273548
3045872289
2550309438
2173864493
1260428150
3266239671
3817891563
3425712784
3368945189
3551828459
4085481205
133472922
3276231928
964032918
2471420987
2715313566
4065879275
257410010
2518246807
1090140942
2866089486
2731130224
1810626321
2989778125
2471534993
1481984984
804715190
2737753169
520344926
1081633939
1188948073
2185029244
3890139607
2403793224
3991482127
4027015837
947810238
2640929156
1823568164
1222091438
82360901
2176350633
3055559590
331201272
3529660576
3089460213
564910834
1750114480
2521869037
849284130
724847028
1845160349
3888978330
1879581270
591775782
2174303795
721863042
1202904018
1493380946
740563332
287682027
2338289482
1648728418
85817765
2396370898
669701057
64248364
1112126231
2600163093
691232863
609400141
4178203364
2196437988
3505254159
1928791988
1801881807
2577064238
3294796318
1195780730
2477086320
398982500
3180467324
59385411
1832809430
3358639259
3567669975
2618037333