1043997386
77919354
3265337589
1696000168
4110454552
3451758652
2538366617
2919273852
180404058
1866504483
3407775600
3950349521
2525508918
3751232212
1058849476
2645092741
866404154
4180564492
3170324946
3966334417
848412144
757940845
4289706549
3193955735
635294523
1938925512
3615754535
586073346
1210068427
3878858044
503247047
4188303201
2032706993
167709530
1556960394
3864772104
2040427157
501483673
2111446092
1618871444
1492742761
1431655266
3286354704
1994513636
1442395904
2423297785
4248388581
1185822255
1986622714
2130567627
208409159
2360522213
3193957238
2501419539
3318544717
2308717917
3489528601
556017351
1592470680
2801068171
829044706
3802823685
1142374779
1205658018
3042174967
1362876694
3785253657
3253066444
2154451331
3350935739
3589961788
4227340097
4167767380
2665135173
1233431764
1998423895
1350645275
1089854858
1124651938
20305017
1570051676
365993587
2719280269
1574184166
3812976736
3698411933
4242288421
3917105886
3136795848
3867715043
1216347263
108833830
3532755741
1990324383
2548693445
675633012
1243753580
1470945740
733551292
4205700969
2441511663
2438973529
1442221095
355083993
3496239222
3893699013
3405917733
4093062202
2378281702
2841396910
4085201752
1228123782
2403033483
2434460613
3871766337
1954562478
1451260015
753020537
266254904
2227278294
588263230
3059916277
3473926118
985315370
2468367931
3986407372
1362416989
326113985
1765344405
1133939081
1132349471
2470535374
775804477
2383562281
2689250978
3969381138
2188506892
3286060290
1886642083
1291890338
1648626817
3211319117
4214913609
1441372675
1168666790
736921540
560445805
4061207113
3210409421
3263433976
1945798043
1840122836
2834226070
2048390076
3627273260
3883772103
2197245914
892848119
2381113629
1298958434
568450783
417589224
3440558178
604653116
1831314614
690212828
894324418
3067675994
317821417