2918705412
1643001872
4033318492
3138303507
4289570761
4274500577
4011842222
1780582955
249949353
305663419
2035389
3037951578
3630007343
3872819653
302899744
2079477150
1443087409
2247638770
3994499992
2576024010
3522463785
3188548802
742453314
3276961386
3315943298
3804234960
2607809750
1098155645
2265366787
439290966
3634388926
280123047
888964540
3554661908
2251436868
400772605
3276639106
593791240
718239127
825532872
4076996734
4134409746
3640976776
3814794852
1243496463
4070231787
1538331466
2688031822
278763145
787261300
415844317
3855908587
764227737
1952078654
749141666
1320954391
2899042049
1321049088
1201541216
170656056
184546510
51749178
260805534
3650970353
69011334
2955471392
2623450611
4199528623
2121434050
3086278079
2141503263
3656046313
2756438093
3665011796
3616764924
3016864723
329690859
2595704430
3156815054
1444980764
2601982391
482856728
2568307649
72055018
3426958936
3395758404
1696158476
222520181
3245757325
2625806304
3535264178
42213583
2997088779
2009056511
1299526449
655071433
2148418431
2316190358
3176131465
1443662513
1527260392
1218471959
390263442
196624008
3360712438
2642607024
3086625588
4031362099
2980037015
1283019501
3450644587
3527159733
3802128082
3517975819
88948520
256449821
1921239770
278838750
1660415247
3082987342
1029327794
1908785466
1044490379
1802752918
47812712
437863587
646135437
3928531817
1668300736
3777611911
4261499420
3136307745
2099741691
797117255
2806469672
520943475
4240679785
659832247
2067378595
979222057
2878984615
2713682691
839619928
3347000357
3654624333
203751812
1235481527
1376093867
3849228597
1140680261
2278674858
4157192214
511015354
900458863
2618549005
1233807454
4247998464
1976345448
3622253895
1931357173
3397801794
3795004347
3722258816
1684274914
3236071567
505464720
2808911950
1462506631
3637842890
2659807123
1999505088
339577659
167695970
2261638827
1657717556
4053339490
1989497034
162587512
403632273
2041351953
579721040
3497611938
2361270713
4060379989
2254934351
36543449
3872652977
556957463
3824092787
3567430787
3103149361
869139915
1513115656
4288943413
381108203
4026336937
234068221
3015995807
2099625261
1937864938
986417084
3192401525
616358431
1079011508
1755670867
63042799
1144519394
4234736881
1791937708
30890566
3027960489
101541043
2266120800
1623769732
1474038321
2554745410
163862927
3327739703
1633775948
4197843220
3998593138
2563485251
539474990
1528616341
1717306485
522598383
2188424245
3858873
4185169225
962859824
1265019122
3709203974
2803377844
1599804753
3361861466
593326221
2600069806
713334277
17322294
2982718607
3254456727
524162953
2300068986
1877950221
684774977
1367012204
922163184
4282147366
1470005734
3286585614
875017099
1245212387
141236856
880447543
4287523621
2171720149
2403960792
341793792
867614337
3151005359
2035189555
3917736671
197091555
3480561162
298472293
673832306
3173967253
2316717109
2909842437
1616222882
1243151384
2428590332
1998360935
1817166693
1639537311
3259645278
2439826067
1490242436
768454024
2845434926
90222317
2947373366
1923522263
1334769133
4137924505
4204971880
4131609929
8506368
3325172144
2331613821
1857008297
3869855397
3525367356
1322457322
4210434906
76057669
4115399360
2230715390
3207871133