2822796699
443644276
706705479
2799811117
4037186605
3431591673
3707336089
1754767150
2556980156
3852402986
2103909436
227264588
1995987235
4143985745
1708925290
1339087838
2571963178
1419536902
1117182703
2445509706
599661215
3368339637
2348866710
3480465401
3825989640
2705482381
117342912
1858981986
3623255919
3646581831
2284444044
3450285746
2415317236
529849717
1192488466
490576861
1780772659
492094853
420294541
576918545
4059541161
3509014279
2078105584
1913850880
1773086030
2205997483
3599726952
1617454626
1424228181
1228000708
2323705073
770656636
1964891632
3954553932
488907356
2258513371
2758001499
1480430687
3308606110
3996996923
3830437951
2194456570
451285990
3086895755
3359086354
3865234732
2570108622
2848930501
1631723416
927894223
519758605
772448715
1542611197
1074351714
3102909489
1817174161
798760957
898282680