3773367755
4178176395
551652741
2029130950
315126113
1255471002
3248996822
1556251563
2549857311
660310306
3364949163
223193549
948638024
2673920834
97811328
62522422
3240874596
130408641
98477531
937372872
1611638365
642248072
1825930617
2855858554
325828027
411949517
1697191399
1956332255
316304554
2348118272
1998078494
1656877415
3692298387
3256602528
950656803
648040837
3510258329
3187106588
1209921462
3140024462
4023027134
4074730557
1150401783
2362161699
3833135181
1302562138
4079488628
1556956272
1984978142
3262512434
3429498952
1990160148
88286945
3544047781
1060506389
3229935258
3895100982
2391829883
2256021671
739135729
1544268586
2725691542
3965746722
1718037423
4068408186
4080605958
1829314276
438906986
561529353
2728177423
814224299
1754343921
506719492
1799490362
2999714406
1305555272
4027271522
60889291
3992962983
108018224
920427159
3438497646
727448326
2525803869
1928317610
613395336
2014340095
3531183236
981507960
3205049626
3716975662
2422408134
1766028548
884755293
1560149729
3468972822
901837464
2414973572
1924347596
1452456650
3835719413
2475490940
624523593
1421161882
702195990
1256274706
802500135
3218362758
