1042354396
2622490515
2213717377
1869785962
65944433
365719969
1067392085
2788503622
3592860468
3852191828
2555347122
2473224944
861936867
3018534312
89912921
2034211899
3703933456
1260551244
3541344316
214748512
2270877474
3869080136
2113692644
1328620179
1737073824
3342608681
1971337244
976883650
191971308
826190158
3925763048
3304214279
278956400
3946798426
4255630191
3123259798
255662014
444698403
1843018131
3060092959
4118961992
2774293554
1037543115
2953301499
2034210345
4227535360
3330349463
2499362879
1538772562
3143181707
4270251767
2745396045
3216118857
1762499649
2639866049
1350207562
334183619
1558914774
2421772764
3168723401
2097014520
2573883586
2790954915
210303371
3253086087
1685623703
253846093
713624847
2777488520
2265990007
2003239350
174802615
1184363009
3004720855
3530627323
3947332358
141843695
625125895
577026737
1803541554
168428186
4007484360
991241991
2756788280
2073788066
1312331095
3204492319
742506577
1225244046
1338807682
1902195542
3949076777
1109766659
1311345276
647272938
3082121627
951498564
1950180553
2686286662
2417835817
1884444124
63247677
2717281441
1818800558
1129053159
4173927329
3661342650
3012007962
3727546074
2019968724
3630786195
2195029849
338376392
2442889091
1671688469
2249431538
3309042948
3227390170
3641385873
3074904963
2680431497
2469154101
2337152837
1512072848
3120705532
2704351469
2957577427
2347205389
934146088
314824703
1176730867
845579059
918953451
319982144
3092329269
2496277797
386409375
238594908
2380822540
2795043554
2518846145
3649174945
229009705
1734755440
2228278378
538936591
3046843499
4257886935
710932132
2768571221
3247189331
3976415571
309685427
1830460407
154682936
2567443687
1368627312
3068949101
1305300423
3699103841
1761510973
2975775322
1802614526
3289540251
3193981596
288681946
2490322832
3863155529
883393061
3509138681
2927959618
2894616034
204809966
3086702669
2317681507
4269150828
1501409714
3278510273
1972125918
2073146672
2524312175
2813254567
2445101231
2096146841
102901742
2955778398
3535620735
3650660629
2895288433
674417642
235160565
2593872882
824706454
695753385
3037694454
985513580
1254263521
3820620053
2711481011
281210707
3254447368
1717348960
2923126607
2629315558
3348984755
1998925631
4080233821
2865960552
2667987935
4274982101
3933052802
4220398875
901086452
2705137473
2002807907
3713958690
2363024855
4115800166
1513263145
68866495
2065842916
1272258752
1349839436
260692169
1819604595
2262063473
1224919013
2770086274
3413169635
2587192144
3763776248
1694885688
76968258
528620928
2595857395
570272530
2083266446
3574424385
3176525959
1654388088
1071443396
2699679623
299204100
916594470
3366970828
1815001615
1226949103
1101036869
1330208925
1231591679
2672343131
1960385984
1049566006
1071220560
3631312122
3865692835
266782020
4294461494
1345939345
2151421213
2254380985
3055180791
2994777583
909335452
2829281689
3744190467
297468139
1557393871
3623495893
1962661360
1717470494
1113262536
2182165796
2341812939
4159671817
3992195889
1147423211
901164397
3284504079
4113790072
2407420389
2149470210
674396981
4124800275
2380643278
1844633075
3748373031
4152332086
3929148083
4081959427
3918156521
2334595325
3753891902
1670287263
4044683956
4191901680
2882879044
1816656830
2894367349
430699055
1489837674
1357570640
1819563319
3649353959
2976287641
1182113207
3129159320
1741210504
3403234022
1178843262
2945240382
1551149958
2373513551
970245524
1117658329
574137679
2928808768
2768831387
2044984236
989092091
3864440873