2092857156
1889488323
2933108069
4176720639
2217274171
3408334071
3843968133
3275134556
1118946392
2776892077
3375041798
4177741878
506996456
967180099
3714730639
4086302250
2022707182
176652131
2412512307
1198954830
4126303880
2940807520
3050366087
1226773912
1137307463
616184438
937383572
3405416189
1813447635
1243641000
545691517
568020730
2314986670
4081535843
1104139526
1349041675
409044206
1087894981
3940736136
2211701772
970000612
2622519459
573667404
677933153
893769075
2415653394
2381839593
827237659
2531422923
2026794811
269970502
2914992506
1066737699
2437865282
323175008
634683868
3897953770
1728455099
334119471
2753701740
3059603034
1680168357
2999812876
2672883933
3545187245
2274947407
3456942970
1965760987
1387809919
2091987546
