1010151527
2385958644
1693530167
927444168
3052233291
655975465
1448993855
1930012447
2267098351
3273905171
2631052126
1883327676
1498652380
3298438606
3612525175
169114813
868160796
1409809293
1146747508
174406301
3486851393
431563184
2425728217
1548750910
3401862110
3255956810
3040933579
919414283
3945950801
2605230961
1555616178
3874167287
3021445770
870519620
3307362960
2753806841
2692913831
3310761
3631440883
3555405055
1960696352
249316732
3514670807
458189262
3402141444
2951144652
3734177116
3380866623
1409713811
2260627867
1814559647
3059503041
1185796639
3896554293
2208825973
2004611190
3148745106
3084064590
4029017385
547994804
3293297919
994283112
2251132084
1027756803
3280291237
2252383295
2953283017
2588079908
972227737
2248110594
4219166448
1091856962
3443564632
1310142099
2847090077
2565916987
1532024845
40721366
3312021710
1459050348
2746708862
2816032205
3969398623
4207246868
1110086998
3304625881
1480914900
1002287504
2910039267
3430592988
431240090
725016954
1054394600
1222333049
3649735496
2260316255
335142541
3340814644
1999462031
1539915105
3664780216
4185452022
1761946359
2638912413
3024409509
1849955623
3444774296
2132958440
1117034745
2736800653
874243713
200819674
4279933006
1007521660
1343850232
1108258362
1303585795
3327431086
2731043704
220688017
804009313
130877370
624833899
1403891526
2811723702
1758039337
4267933624
294106316
3237628408
2851537203
2027856067
569357016
3681756735
2307699856
1381835150
618138316
4265994769
1905401244
1602411924
2487665102
883019418
879107845
3402273926
2977215199
1597360245
1554125188
211486406
3152443660
3687048576
4265358965
3211902281
1445108596
839829731
4162043418
3649143256
1974437438
508023542
162699541
1794268436
1978584061
856160446
1342679947
2033688737
2350535396
1323408949
1988180764
4184972088
1945176608
3454526183
1569661182
695861396
3278693146
1293969361
1284425979
1415690400
1045329683
1939644122
2265120981
3872438518
1495178140
3520370891
2934369603
301914426
183014337
3570590871
4174764822
4110523197
2471021107
837151856
2514865759
1111298805
3847669785
181082049
760055534
69384698
894996648
2458052605
806041737
4185711757
3611193667
2974596502
289878028
1366285103
753057302
3951761411
2427216047
3702666402
3595147563
4007705181
3853420908
1810587997
927906385
4279942621
794114820
641130698
3436576030
3631955704
1322796655
3346312153
439504611
908526760
3299027378
3116039628
3638236549
468822350
3043966838
3764124473
56245062
3464423822