1683708384
1685880095
3717379574
515925052
3699304551
3095323821
4147062679
342575072
3899900494
2895234742
1319443494
2142632013
266139553
2156107137
1009732800
1375653823
3404307227
1111830507
4166709669
1404065219
3107247554
1509639145
3353875931
3320111079
2115699790
260541699
1875125987
157313425
972846352
1558720848
4168215644
2126668412
1992447211
4273898131
1237918676
2480066180
1353415471
3100992542
1038053562
3397800524
3109322869
3668598189
1343368902
4203755722
1896762415
312787115
2077961643
3640032748
1647210117
3414473619
701146554
1325729595
3543327670
89812184
3412612088
2534145791
3830029754
445410614
833206910
3155746311
3945251927
330746521
4146013876
3690503744
2201783327
3195103595
132972175
733135810
1861242681
3563124317
1859165567
962463674
2448576241
1905444696
2276466180
262971237
438191956
1571702295
1656899026
760431823
2521266316
3591770326
3992830965
979782292
1726023676
6934413
3447422938
1346376895
2093356427
3710046528
3898205920
2276421098
3954010605
3820747295
1902404353
1802310609
943945383
3554326040
3365178204
424608440
1496856945
476357106
268370602
380667048
3833080879
433925645
1634900187
3575480307
49829489
1664595793
2958317565
1910627121
456900580
3937669135
1745608220
3214234894
3433514920
2787940945
2528070676
1796835207
3864340483
4169419588
4001275262
1486564348
175178711
1785343979
898312331
1555740030
3070742415
3518587359
344208930
2404687752
1988369269
1703894181
2714447770
2952986064
4004193257
2735993306
1236156439
379858436
1367668565
1766992788
349181729
3879171524
590998874
3812634230
4171886462
3041269041
69645464
1355828100
1584721208
563466415