1368872706
2276382159
4149467988
1340773666
1992497214
358375293
2466289978
1070102577
2265537524
845941019
3475786245
185961692
2539765538
1063461481
2886980937
1160753848
3556874845
437990285
4225859690
3503914813
2117234209
1691017196
3709568008
1276777386
2834039752
775067951
818172004
2808169969
538636525
3524392114
1114557448
293819940
3218706343
2493501026
4045681179
3609508106
1506654981
2919163148
3812836874
1577114144
1121209357
1942272244
1939377524
1845884323
2178274573
2536345611
169122133
2781629882
564601413
942359101
1164919613
168223863
3309702075
1161054662
404572934
1138160966
4284859714
676427827
511571135
1433591650
1368144122
1771078701
2070898154
1074213207
3184770540
1571652358
199741902
2701095866
3136895303
3947339609
564121289
2801179617
1014824070
67997984
1577256254
2259859566
2640724628
700183412
2593594544
1070925858
3476259680
824624786
2792027767
4077652544
3583338180
3971219715
976271135
3321884378
2698737077
2995232909
1328346252
597814516
1025853769
3748307762
3362834395
391321539
3103946598
534723974
1324411739
3937163899
226427107
854879652
1717239185
4122388079
385994437
2318322210
283592769
1399715316
1403092797
4294440384
2716721501
3499269297
122212134
1192789395
3713065094
546226662
4238493247
388511918
2540841954
2087250880
1620616923
2712410135
840663750
919268240
3076252940
2751150026
1718160772
1482112260
2389256249
1370924451
1879996209
3556904153
2996789606
3414021962
2300585344
4169086158
520976055
1173993138
3210650756
1617278185
4071970736
982317296
2741497786
2828335815
3975757638
2923499028
763587393
1045054185
2118129197
1827352223
4172626573
3643943907
2172572613
299327365
2691256725
1369354766
2227267055
1872216992
3753736158
2612334014
1374741309
3870696892
3732951127
703568913
3726451679
1668108725
2143529301
3333207880
385114024
906633459
196190361
2893433207
951473603
1162040210
2320494258
1635006493
3476607606
2606381986
1572921835
1462460587
287511715