1055842252
4109858156
752584673
3162092615
69134054
3276994359
2067752751
450993715
1536201874
492422534
2567585884
1516642133
3650017927
2211742468
3716989391
94602549
1455785968
307739252
2113180321
1032785855
3579526414
1744787089
2029244229
744645453
1992639973
4094428037
1336999614
1740057686
1937584779
2548142531
2660210772
193656634
2646154200
4161641265
2278036855
4208320349
2290066118
1617016759
1445731375
2049408012
17560435
2064708823
3861269925
573156451
2261970052
1414214507
2249143592
4219209768
1524167591
2717663272
2842686216
1811338659
2670480521
3061194037
1752637804
3191601527
3746370193
3629963849
