1569959175
4061544216
1154928360
2707970027
1534857956
1824760600
4071837702
3384164015
1581473872
3625786602
1051618915
2255433344
648431302
358800675
4180527213
2349105524
1689651272
4252844193
2657518621
939404194
392648838
2552118088
180387830
733485037
1240322850
4218919513
2057699156
2155008442
1661667279
1888685006
2476017400
2456201139
308668088
891073991
1042137844
2757035579
1466485609
872943474
367700432
2123948422
3902664671
447877705
1272332725
3333147525
117568116
3065033809
1733728712
181365521
426530475
678566855
243041615
1090983704
919124528
1410626780
1508429089
3420014270
2027960958
2420647549
1685634132
1454349647
159385562
4053080952
178226164
541146039
1548671301
817337889
125640463
120703052
527970461
461760627
257596172
3222112803
2223024463
1109140908
1311473445
2651987908
2107581518
767643589
594892895
1597528967
53187324
1534664552
177376832
3147308297
255812473
3260240188
2315392801
1387812550
2418712591
2266835792
1560645790
2232021291
3435013222
1100099250
3751532640
276719883
176935084
2696533027
2421244788
2810052744
3671266789
424120658
1474245013
3574869459
1698823883
889877830
823876874
1244421642
2758459849
3492931986
2826140883
1890415011
2333626262
117051285
1413820291
746536363
1075795218
1418530375
1354765547
865904890
2545340964
1428631030
1710571224
262658574
3059979010
152366296
1684746789
38206536
2536595417
953720023
3677453602
1241422084
3156955449
321190367
4113141073
2597568328
398242793
1108746794
798668548
1190434346
1772304467
1961093826
3861130941
1779995322
2372132048
1014850884
2698215701
1908869249
3650883027
3706929618
2815585518
1412180189
3860513768
4226546627
2165006471
1027259633
3800689349
4145695369
3538873086
1861253831
2786102176
3996277036
4135969064
2699229562
1001746600
336789671
929778255
2922138415
1412152503
1729593373
1048294964
3727732377
2622046001
3696953235
1434820516
1635976172
4013936803
1530470188
1017632025
1601774087
3108831495
2754708490
4141794979
3719998391
359363767
3098723883
3795537347
1534779803
1913624768
3477552326
4140838819
1879271973
3182425118
3709736530
2405719414
2307179023
3760550645
4151458102
3983336470
2789362557
3394731119
1777619263
2019664189
65459295
2878444563
2266110360
1633604132
3951949769
298566479
1407098087
3388596904
1356637546
235460948
1646865560
4257575002
3222718354
1717298948
2389812354
854996258
3205132510
691709708
997789718
1626319391
585971305
2900099261
2578424782
454014611
910729434
2046192890
3767891557
3797659993
215239177
525275148
4015724146
723714134
1575348954
630930073
3081318841
2090425142
3237659549
885953519
2243582118
2072364146
3150219418
2226965103
1706165015
2981917827
660854030
1276144256
1325305733
402706917
771989144
2181405139
1628427768
2802463361
3550768012
762306264
3549865517
1117943442
3410592045
1940692425
1452401598
2644943098
58009166
925557290
965946394
2690748688
2911244829
926847212
1898572174
2378844129
1012711669
2196155274
1629479
1157254262
829571992
3046238226
1611409629
263767427
2487909032
1044703999
1363514258
2732383043
3873587094
383167707
1067661734
705002463
1414205651
1404471501
3588814816
1331656304
645516601
3304948487
1497353011
2536733377
1257828949
3645452105
264033166
3568966405
476098112
220374694
3949740240
3328007507
2861041887
3023674045
678454635
1796344635
3273873269
241306437
1623494232
1346392339
758325096
900400388
3336403391
2941688741
1337487522
3242604646
140990117
3667763161
1434995845
1417999810
2416990648
1229839442
3338015049
1778861187
2630818605
4275295963
1985093261
2984542905
1235793153
910164353
1478059738
927004420
1170849166
2813743790
3390577620
3127496427
3999841674
178411841
2903869803
3526136918
2556777347
1152206851
3995624133
3512718718
2708514519
4103742100
2157007339
1961898554
2866167995
341164693
1213754735
3292440295
3479400961
2919057280
2918645260
3040570506
678242032
4011275525
1391183556
3016311344
3259917231
2016734005