3421079440
3452053672
615190216
3627817028
463721508
297408101
1420919030
2551543257
3991296803
1433581926
917509629
2474166336
2858599210
691911601
2280689172
982537712
2496888756
1660645462
1908097666
2174211811
3631001979
227545336
974452627
1031027261
452673358
3009345483
345278267
2638392400
1203155400
1859018571
1037077710
2767558861
144818756
3909276975
2297501190
3707439768
944434690
1787407708
2355446567
2908386002
1795123887
609315507
700044792
60828914
983893089
509657315
3059661805
1462072425
2773309071
874662991
365028834
797773458
2501897977
822062984
3361083439
1606336420
2130675964
3602561385
2825620596
796198141
112904996
63401758
1646349774
1262828196
1244488664
2410346568
3255443342
1727186224
2208787588
497059794
1346103774
3008238058
2442899186
2811784933
3161402454
2913030797
4057068024
3536679408
2051516598
1874787388
1347597327
279228965
3182695503
304446266
417155729
4121722730
2006554412
3526836213
4005923037
2879154027
3708131522
3127681588
2226998390
2387773617
1684635579
1752322906
2801031801
165084486
2841155456
3357635944
2801334257
1726273391
659495148
3837960637
2345149313
503445562
4063705507
3433523840
4079302570
1962401727
3615831943
386663587
3501696403
2292216862
2066777845
3488873572
2326964297
3139161185
845290295
3342298992
2765441556
3315360869
3652131267
810191760
2860154140
3483322044
585505299
