4247812571
2272464226
3646018397
3841124276
1539060326
1817748757
1726712134
2156359445
3592516209
3575407764
1559439420
2477292450
868786024
376536590
3091728257
1683170307
4020966107
89389695
2495057134
2327614559
402402666
1262345803
1313634244
2369512689
357540193
2644546766
1112717450
1736197034
3657061138
325325721
3018020879
387889910
3886451039
145954596
1544480860
3740903764
244643140
3663392686
3191008865
971834565
2379606915
110216186
1565872119
4237918129
2552653923
2585775642
3312766472
2527082049
313800043
947014101
2329359864
2542317099
4139810632
4211842749
317020267
1869951457
397499119
3350740110
152957119
1170741035
343021686
3962457763
151670887
1609986043
1192580212
3422818781
1027527026
2331814450
1000349775
918233016
3534061531
3055364786
2741299946
897995649
2535537135
41244408
3605649888
2655385696
3601172218
47730275
2253908309
3735651214
3049114530
536418284
1820010350
827507959
3624390845
1623514118
1270310403
2352119604
2780377920
2482089277
2484354060
3496138536
907854879
4240641172
3090618596
1796099723
3879735348
2452140754
677179662
4062628890
474689385
598427432
997481183
1174834053
1889881076
2265121225
