2795699579
1855129207
3514157603
1965163449
1026522368
4004010071
2931034946
3733791187
464877034
1600615970
1682279324
2947719265
1222929970
556780611
3680749199
1852222470
4234204700
805330100
4159128750
401287636
703101758
2020032492
2079348187
429195725
565462843
1541981699
1191927680
2229530487
3857497457
3745679031
3439058770
2614230913
3553070646
3100276654
695114284
2977325518
2614397826
2249472450
3496347402
1026451999
2757613976
3516680515
1405912571
527674429
2586123723
1004961782
1292501402
247596246
628942987
3707730355
873423095
3898095177
2737925849
2071698007
3067795092
1938592803
2585151124
25042073
3716597566
1772231590
1618077464
3634523757
936659618
2668745867
3033604963
405451792
2469739378
1959290435
2263642473
2777935178
3400825811
2653873119
3485209008
2896239486
161916283
4038116242
3231024895
865191712
3685498179
4272364469
503041173
3092307699
3847318103
3505917393
1285822743
3417499882
1258980624
3729286081
1854335078
2530541487
3866388774
3640236438
1106900869
2673549376
788189652
3256691106
1377939906
1376305220
2601102025
2689581669
158732238
1959348233
278090062
1878177269
99232658
2352392646
2498270827
4285569428
1806472514
3226758367
3902946019
2943817902
3311370084
2875116123
3755362898
605442567
3512517642
2629844297
1478085198
177417828
864570875
2108686955
2268977384
2521130926
1316395001
3241908369
2383148329
47424643