2598802844
3728285086
1775340794
2939325059
2630190924
3771103793
2940496593
3482364975
114026194
2043093203
4190190552
2484540874
2091893236
3928216122
1426046305
999222316
4064966504
90666572
2175917792
3783583097
1951994264
2522238819
487890794
2091190370
2544659648
3481021911
1847951626
3820869938
3810610002
3021279637
3959746164
1786587156
1078562074
2506673399
2642859525
2538255686
3412825892
735736009
1028292263
547228094
1642558711
1188134041
3459783634
939252263
1517577673
803890392
373442564
3504778013
474324376
1015687288
1468509574
2860790222
2046573090
3452127305
1448456705
113167820
1785661176
3441502823
2373954929
