1829523064
2857975006
2651924032
3031032522
924306779
3769105670
3933895317
2066423285
1223086820
4023049612
4209493978
3133499585
2180254118
2443322110
2872832481
2167365720
4274881423
748977843
1800494885
2899219675
1501652802
3182826742
3070332967
4248858653
2257178480
1206742343
2628758629
901933733
2089851581
3550643481
4176088203
1033464781
2974990568
494645049
102500575
3431844250
2976215956
811235604
3484813688
3263665132
1266459993
673117447
3435587906
2396668777
1730842615
2185017018
931829426
3826480387
3242711990
427646934
80073296
3157437355
2222294462
2256034577