4158444059
2785210844
873024395
131781419
2197159687
3412960470
1663380535
3971287380
2433403252
1767789754
4243273309
454683753
3221665507
3393939258
209196904
2338591217
279848912
3433895035
646834224
3506603208
1047188923
1237271134
1729219568
3743144434
2163182175
2941365290
1242895784
2462608876
3207262810
1300552410
793646322
3264787716
1926195926
46921034
724074673
2446873849
3926657116
2574824292
3008887201
527452560
3962127985
3147101905
1749169224
915997565
916763533
797404274
3927159946
96092762
2191924020
3844423347
1605541050
3561722334
1433361893
835203476
519641245
3148633334
1665377243
3938861512
770052211
2014330840
2151169190
2871775415
2967208723
8718365
1395508552
3016031634
3409968332
2409737849
2792259004
2984817761
475083425
376538688
