4219817023
3379951746
1615713261
485633621
4237784451
3002859015
2530240423
436187322
1152170170
3596861296
444888648
3458044816
2087677211
221236392
2727944385
1456258667
2513678622
1909354610
532006556
1843454348
2262665208
1095301482
82590357
472543993
2993513126
1900612596
400082590
2710728668
1695658037
3209397209
2743217646
2042184425
995085739
113354056
1587133465
2501580867
2052914175
1906445120
3579115106
3938090452
3305476278
1017118798
955026163
629833496
168437110
636362501
320077651
3083540074
1089135616
3639127054
1485969478
3902777833
2244987534
88339493
1867393431
1855278634
2577877659
2684436911
2223619609
3595258214
322425842
2213037773
2817844564
1780390773
1576502451
3429426123
3825665602
4274520253
3534981887
3533453363
1590975622
3117893644
4133325778
3484105001
4278121579
1596354249
4108599294
4120985851
2382956340
256820745
3505740309
1031947022
2411510596
2841920016
215265720
2986144908
1194632937
299562663
2348840070
2218772741
1730711722
4099793420
235900272
894511005
1126715067
2792317382
2153101287
1688834951
2624624743
1589526005
1873416155
1851093132
4072860449
1469919725
3446146310
363406219
590426677
956634267
13342809
4106909919
3998830298
2250929765
198512546
2067531376
1324915403
9987356
924376719
324449574
1216749243
3918281267
829951761
2338175670
603238947
3574143680
446418993
3389090938
2184014966
2919413614
1331966035
2417195680
3809639344
90802912
3351948437
1560910727
538983014
4209378464
2845734813
986485472
4222531945
1272769947
2208454368
688782487
190083559
551329377
1335393526
1309527035
1785426815
2443304439
1910017930
2122048751
1661247288
724254577
3401713816
740521720
4175042816
3879579056
89515908
116657204
2620067514
649923918
1426751151
3568872401
1503622848
228526393
2765434315
1268131881
3745684142
2332461345
3952114327
2337728622
484124012
2948272864
2706028884
1323571383
4058142509
799480172
3778781243
1020313359
1895470891
2698761965
3887794988
2034380323
2955895694
1407213610
3549211860
1374338974
1371686526
2407014975
412423131
1931692059
2247231342
1476740850