2122391776
601269743
2674688143
2768029827
2767319635
4174772078
3808981329
4100206538
3626976265
940438019
2728202399
3818078551
1707382340
384125332
1394654982
3910655844
583488790
2780450486
577786919
4153269195
1694748128
1599321399
3796574511
1330055332
276424457
937613325
439578040
64146140
2609966045
2583478587
3233227746
2753107148
3586140148
4027941608
2069865958
672065872
1069739868
1195240178
1620761611
1344291212
1829871222
2586147833
1011357034
2305201151
202932109
558439209
413540668
3904650927
3060267385
1821697097
1656750631
3631356444
2711513543
3430882933
3714080576
428533319
4074992498
1957769725
136491531
3430481887
7471940
3070323283
3836859685
770583277
2850604207
2688855052
3543101262
3674997172
576918648
918817099
1190275797
2812527038
2346552646
3555967234
3057025204
4141819141
3051767179
2862221004
2802189629
3967471362
2822145779
1827690854
430768544
195316990
274019559
983974001
4248080286
3267740624
3694065836
1456560377
4161432268
1925486210
2405553524
4042191766
2773063495
2915345289
190585449
2217887971
2327925742
774815259
3484910420
1016754011
174777094
1834585833
2079782982
3414075056
2395060311
2453386896
1836845553
2813229716
3580509927
2169127025
2390640024
411258122
2332356849
1988307805
2606420011
3835217874
3358727601
4253373924
1703029790
2513431436
4045599098
3744129770
2849018326
2451979402
3380377058
2450382916
3134223973
2270863061
1467242238
71576322
152533604
1064075647
3894468873
3040407477
381270969