1997093705
243029375
3692277650
822702830
803482715
851300825
3379870094
2491362056
3039337447
1811718794
3355197589
1048269565
620478863
1250013248
1999913071
3661406016
2807911330
413832108
1340038520
2161989966
2296673305
3984988430
1585341322
977743518
257602426
3863692411
867377337
519501021
2661462011
1125039981
1516371885
2639126344
507594930
912522378
2494465161
4102552387
864224240
3294677409
298420148
1896487689
143146928
1202371065
4230691128
3115557721
1229847668
3071600014
567184073
281832114
3361595365
2356016646
1381659350
3061113225
2383976256
3418766988
109012823
3978500704
1927004012
3449479399
234555034
996843664
