3736864604
3669187167
2382170700
1760980737
379302699
2292724586
861206631
1471380461
1790182860
486147484
4094040804
620611749
477265022
341805780
2784992001
2870446213
2186573034
3189052793
38238979
1940749761
2585463706
4177961321
3974774794
4180227331
3553075705
1814077026
2431778870
3591698779
1262829507
2868379932
2737252163
2239929464
825679092
4160329393
4121047040
832744444
2201966469
4012873266
421323563
331703608
3282844852
1256385729
802594672
2367960485
1577515043
2861828530
2670049044
4108716003
150375553
4008526966
3056569633
1364179495
1384787399
605052359
3850131287
2193872664
3678503703
1707693194
1192710226
2130143397
3330714049
163040199
2805469498
1318305604
643302129
3826443389
1905648011
1319933725
211186552
2479537500
720782963
3635516447
1868344990
2411663211
3892996178
3632991155
1783292209
3801895133
2437230420
903522705
3157809848
3453428340
2975989334
995864577
3512610785
4195302664
1863645097
1399888607
1759673231
2510882013
3933699175
1109762451
1440639518
3080296541
982625808
212660998
4015659945
629397347
1369601220
937949538
1114137069
483174519
1690228815
32940753
1453928865
1237949722
2157350604
4225108166
3122701500
446319887
1250629123
944117858
678181009
982572871
2515464732
701324936
2901680721
1177413153
2572856466
332651945
4003486188
1315902968
2054209125
2667480201
