672313289
613515773
2489090817
2543054645
977124919
3291818317
827618739
1078784523
3096934892
974868913
4149228813
1635430965
3241728900
4272072249
2340662242
947195234
2481129102
3897008175
1225760119
2466731750
1044901595
2771883250
3934087491
471895621
2151691056
3358398494
2257185737
1314397781
4070390569
2985104053
3398043826
3642871657
2385427314
787579736
3424308294
4168111691
3246024422
1947851519
43997501
2041292326
4048534105
713672524
2255363111
323381458
2257021050
2110026261
1287030668
4282626163
4083566736
1752755928
686610955
2164452070
3112513315
470574842
39422884
2148621185
613679503
4124226302
2347965577
363882732
4155337299
1613257296
2450894501
764452410
235603660
1728613583
3404549908
4046421190
2897994988
1674606908
4197256923
1838319719
3188551153
1023061420
473081982
3960562176
3205373162
2700338228
3330483500
4100998231
3734544038
2720209824
1003167870
1625271356
277031103
3800936913
2785747864
871522996
1933837957
1872222456
2204052359
3790248596
450507234
2133171324
2232907019
3813103644
2110311248
3453918575
2511743385
1979536332
3847739207
954540797
2190784752
3435220891
1877137111
3003505288
492147918
3758468974
2720310679
72766604
3702043124
3026010430
910341460
2421369250
1791550329
2145317419
2260878977
2746250537
2284604198
1109559038
3697056911
200898758
2888345060
891525954
1118266126