1521357644
27354287
1035192235
1357834005
3495567916
1775744927
2440708796
491112357
3938924758
2144350273
3320101111
532465303
1032206361
1952111331
401467341
3267236036
3616396620
2135242165
1988639821
1515551885
4232571072
3473871041
1924010993
1597781877
1694313266
2847888601
663338874
2694698414
1690156991
108514675
3649818139
4094464584
2350309156
4034923813
257560869
1318410417
2406963817
2672566487
3491572013
3251405983
2401422461
2351027802
3604999709
2813855445
94933962
2096583667
2293046040
1752089987
3884008071
3499589490
712478372
2798510471
3972296758
3807912676
2418457209
4202058449
138700376
839528464
1351247139
2859563549
453676025
2920738619
4086687440
4237594062
3102381383
2033226267
4118377267
729148568
344255303
1470676468
2691619562
3255374707
4172556260
652078307
2351978700
1576254612
691830001
4178925271
1580860468
1602615870
2219065127
915670276
1166966664
3042107727
1481260926
2527556975
2197327792