761557491
110288793
2215576431
1794438335
1373648220
3223403406
1451627427
2289725117
1953320075
2774110415
555849545
41549724
956298927
3745860019
553722799
3155033759
1898882410
4197560359
290004536
2237910003
371844325
3372380128
3133318464
439931847
1422802682
161109011
2678229749
4026182935
1359923207
2749164501
264309889
1410523730
1315820667
3576710453
2574240758
1076102228
2531506191
2044155503
3284384233
3924455034
3108617776
3316945802
396645627
3503719779
1117736761
4121474731
3450322679
1390086056
4017113763
190300449
3629257705
2855900039
4097853264
2830494702
2810800368
2037566045
311606871
3964165825
2022716290
549554088
2720518183
3228541990
3173950312
3901115975
3570799940
4054608352
4262748845
230642342
3188451166
3330738013
2028503537
386388000
2453906730
3037924928