1047162836
3287076209
1287208368
4119624835
3949186103
2815580518
4220294412
2558122192
3243638446
1733792232
1039002285
2478500540
3787669040
3669289921
589485289
4240218543
1588120452
153112601
2232006003
1930697139
3343050013
1211530408
1668876791
243448200
2066978633
3119492427
3670850689
1923110950
2183355281
1801977452
1937754312
3766449588
3672063875
3082766270
3545228574
3522413037
2478164892
2989252143
1211668497
3463192891
1607949470
3089855446
1699908277
4197293853
1772840691
635128001
2228584236
1265083842
2315166511
1720148354
771865442
3420512106
3070086206
3815284892
2525837834
133493922
1737851499
110780886
2792191757
3926883520
678012986
839492425
2070853975
1282476831
3471586507
3710293222
291395329
3587579095
3465217660
594932686
3504017787
1840810574
4071600739
4223756097
1352705236
3612314346
648145676
3442277204
3438224665
3937700316
927769876
699671763
