2384720598
359362314
305577783
3382157171
1290292820
2067010188
2672206767
773413933
601697854
1191730421
2179169021
2386895050
2733987077
2812448904
3847908351
3274959714
4068108562
2944069653
4180723314
3969914518
2553059490
2957713577
1650392122
1100602896
4247317315
3223615177
221954822
115577998
1535163579
2295442936
2438807615
3033723725
3844544973
4165563408
3357106691
3434162518
2562663625
2234837173
1297831964
1465362405
3983812104
52458506
2494424729
1346799402
2141336847
1068181898
3633291570
2172396515
809181471
467118285
2757001746
216377084
4107252077
1900579360
3773215155
2545947141
2662868770
3866081127
2460838246
2370958069
2506255208
598797814
3751897581
1046366793
1758211611
1144828788
2893759556
3866768997
3756413122
3208840060
4111417356
2348749061
3629455967
3366291693
2457538130
2152632170
128732095
3010546031
514207827
3409747261
2426662025
3028376978
3754611018
1794954361
3564282414
3256525384
3715220338
1432241187
2693078034
3261973233
1245288778
2726485068
1052050219
2043806568
2206191274
1020788190
2689251802
379131269
1618345801