2020804760
157989419
3824131620
1776927742
2453525703
2961153486
2386602895
1948870901
3104241067
3099360160
2315731931
1936505983
3640603833
277975361
3300146589
2994048273
2051147897
2864004671
2127454294
3319002370
1946132902
3624907714
29020229
1231569275
1990084510
1337353302
436768459
3032345955
2562382927
2711372528
357034083
390587669
1315335080
1929823458
3562155137
900074028
2838758032
3707551061
3769535354
836181661
1730253151
3435398454
2044020386
1210963207
901623385
734272002
1966126565
2901070987
2417623068
4152562425
1751589589
3211348882
4155467141
3685599813
1638946216
427923418
2999850612
29976371
3676991997
3512537380
3798739219
2000770177
4171204544
3969559555
2286074929
2266779293
4070829348
2244298493
1477751735
972004090
2577736176
3056041225
784450583
3128451340
3529199139
2255502997
2418752926
2360976531
152860043
2241994744
450768112
1010503257
3629662946
1637103353
3670825241
2288626086
1508110380
1170059614
974744817
1529864717
1312721917
2499664654
1274664424
623173592
694269101
3192741064
778266634
1780062785
2584847123
1697419056
3098860145
568340301
2607308727
1775740576
1686127453
1357937062
1303368344
3263068669
3507324166
569291521
1878739268
2224108779
47096185
3990613455
622227676
2271319507
2870149498
2365642471
1490652973
720233927
3506375938
2779472801
1656730515
734656545
4138994764
1474895600
2159756540
346912524
4082907974
339858985
1592776720
278445823
3407008148
2935731613
2878681169
874217096
715693862
618344150
230007289
2780882609
3372882988
1196231301
3955218429
3544400291
779352379
1560553087
2042917146
2291477737
2609221370
1171230414
2741235389
1823497713
2751404146
257548968
3237483816
2158017519
2138088411
237202120
3602640055
4112943412
3397894955
3360816286
1811039081
2482637546
939263694
3092712350
617121340
903452552
127453933
626476850
3936117614
4182926627
322033518
1672583321
1374696952
792984930
4061052325
1006830040
2369915313
1669550809
3441668638
2265468739
1067332370
2508240780
3798870442
3961003044
4032811186
3955114317
3241706990
4180886448
900554463
2546736374
3369732055
2438270692
1200619152
4013545937
794798800
540862221
148188498
3278586414
3098862968
1901349376
4227113151
1001517264
450694849
1580598309
3999289975
2129459853
3813637540
184061484
1918549167
172912343
502881088
502175465
3567079468
4003436877
2272431900
1774882958
1144410825
889858244
1270064968
3277959486
1416946926
613763635
2516575939
2711848824
3519842492
1181052516
1196684168
943104487
1457246622
3475040597
1526473270
77693331
2771888590
1468513880
4161539281
3445209637
3737063998
1012494669
1622990752
3130011951
417980180
2899541519
1569823552
1549520844
1927608008
2703830794
2123855592
2813881881
944887739
1207289975
2749619884
1487516378