1321676447
70745422
1674073093
2552102796
3193961144
434643729
3277069848
3234908644
1210372451
3116231207
1909999940
2927575223
1076668655
3584577003
996326363
2996989573
3097879426
3803904223
743707014
3429495044
3142556241
549544629
3399486769
177585575
3189154856
2844905700
643235488
2251186060
4234571527
1805087298
1358118368
3915755054
3919097229
2101648642
991971688
3650522904
3307628707
1198241813
1473606798
3692195386
1124393934
1506258574
3958698765
3994628345
3421286010
3449485298
3544756703
3990050379
196795926
224551655
1819152012
327432475
2687182283
3010065526
1966687714
47334734
